99.9223,1.5708,0.0157067
99.8223,1.5708,0.0157067
99.7223,1.5708,0.0157067
99.6223,1.5708,0.0157067
99.5223,1.5708,0.0157067
99.4223,1.5708,0.0157067
99.3223,1.5708,0.0157067
99.2223,1.5708,0.0157067
99.1223,1.5708,0.0157067
99.0223,1.5708,0.0157067
98.9223,1.5708,0.0157067
98.8223,1.5708,0.0157067
98.7223,1.5708,0.0157067
98.6223,1.5708,0.0157067
98.5223,1.5708,0.0157066
98.4223,1.5708,0.0157066
98.3223,1.5708,0.0157066
98.2223,1.5708,0.0157066
98.1223,1.5708,0.0157066
98.0223,1.5708,0.0157066
97.9223,1.5708,0.0157066
97.8223,1.5708,0.0157066
97.7223,1.5708,0.0157066
97.6223,1.5708,0.0157066
97.5223,1.5708,0.0157066
97.4223,1.5708,0.0157066
97.3223,1.5708,0.0157066
97.2223,1.5708,0.0157066
97.1223,1.5708,0.0157066
97.0223,1.5708,0.0157066
96.9223,1.5708,0.0157066
96.8223,1.5708,0.0157066
96.7223,1.5708,0.0157066
96.6223,1.5708,0.0157065
96.5223,1.5708,0.0157065
96.4223,1.5708,0.0157065
96.3223,1.5708,0.0157065
96.2223,1.5708,0.0157065
96.1223,1.5708,0.0157065
96.0223,1.5708,0.0157065
95.9223,1.5708,0.0157065
95.8223,1.5708,0.0157065
95.7223,1.5708,0.0157065
95.6223,1.5708,0.0157065
95.5223,1.5708,0.0157064
95.4223,1.5708,0.0157064
95.3223,1.5708,0.0157064
95.2223,1.5708,0.0157064
95.1223,1.5708,0.0157064
95.0223,1.5708,0.0157064
94.9223,1.5708,0.0157064
94.8223,1.5708,0.0157064
94.7223,1.5708,0.0157063
94.6223,1.5708,0.0157063
94.5223,1.5708,0.0157063
94.4223,1.5708,0.0157063
94.3223,1.5708,0.0157063
94.2223,1.5708,0.0157063
94.1223,1.5708,0.0157063
94.0223,1.5708,0.0157062
93.9223,1.5708,0.0157062
93.8223,1.5708,0.0157062
93.7223,1.5708,0.0157062
93.6223,1.5708,0.0157062
93.5223,1.5708,0.0157062
93.4223,1.5708,0.0157062
93.3223,1.5708,0.0157061
93.2223,1.5708,0.0157061
93.1223,1.5708,0.0157061
93.0223,1.5708,0.0157061
92.9223,1.5708,0.0157061
92.8223,1.5708,0.015706
92.7223,1.5708,0.015706
92.6223,1.5708,0.015706
92.5223,1.5708,0.015706
92.4223,1.5708,0.015706
92.3223,1.5708,0.0157059
92.2223,1.5708,0.0157059
92.1223,1.5708,0.0157059
92.0223,1.5708,0.0157059
91.9223,1.5708,0.0157059
91.8223,1.5708,0.0157058
91.7223,1.5708,0.0157058
91.6223,1.5708,0.0157058
91.5223,1.5708,0.0157058
91.4223,1.5708,0.0157057
91.3223,1.5708,0.0157057
91.2223,1.5708,0.0157057
91.1223,1.5708,0.0157057
91.0223,1.5708,0.0157057
90.9223,1.5708,0.0157056
90.8223,1.5708,0.0157056
90.7223,1.5708,0.0157056
90.6223,1.5708,0.0157055
90.5223,1.5708,0.0157055
90.4223,1.5708,0.0157055
90.3223,1.5708,0.0157055
90.2223,1.5708,0.0157054
90.1223,1.5708,0.0157054
90.0223,1.5708,0.0157054
89.9223,1.5708,0.0157054
89.8223,1.5708,0.0157053
89.7223,1.5708,0.0157053
89.6223,1.5708,0.0157053
89.5223,1.5708,0.0157052
89.4223,1.5708,0.0157052
89.3223,1.5708,0.0157052
89.2223,1.5708,0.0157051
89.1223,1.5708,0.0157051
89.0223,1.5708,0.0157051
88.9223,1.5708,0.015705
88.8223,1.5708,0.015705
88.7223,1.5708,0.015705
88.6223,1.5708,0.0157049
88.5223,1.5708,0.0157049
88.4223,1.5708,0.0157049
88.3223,1.5708,0.0157048
88.2223,1.5708,0.0157048
88.1223,1.5708,0.0157048
88.0223,1.5708,0.0157047
87.9223,1.5708,0.0157047
87.8223,1.5708,0.0157047
87.7223,1.5708,0.0157046
87.6223,1.5708,0.0157046
87.5223,1.5708,0.0157045
87.4223,1.5708,0.0157045
87.3223,1.5708,0.0157045
87.2223,1.5708,0.0157044
87.1223,1.5708,0.0157044
87.0223,1.5708,0.0157043
86.9223,1.5708,0.0157043
86.8223,1.5708,0.0157043
86.7223,1.5708,0.0157042
86.6223,1.5708,0.0157042
86.5223,1.5708,0.0157041
86.4223,1.5708,0.0157041
86.3223,1.5708,0.015704
86.2223,1.5708,0.015704
86.1223,1.5708,0.015704
86.0223,1.5708,0.0157039
85.9223,1.5708,0.0157039
85.8223,1.5708,0.0157038
85.7223,1.5708,0.0157038
85.6223,1.5708,0.0157037
85.5223,1.5708,0.0157037
85.4223,1.5708,0.0157036
85.3223,1.5708,0.0157036
85.2223,1.5708,0.0157035
85.1223,1.5708,0.0157035
85.0223,1.5708,0.0157034
84.9223,1.5708,0.0157034
84.8223,1.5708,0.0157033
84.7223,1.5708,0.0157033
84.6223,1.5708,0.0157032
84.5223,1.5708,0.0157032
84.4223,1.5708,0.0157031
84.3223,1.5708,0.0157031
84.2223,1.5708,0.015703
84.1223,1.5708,0.0157029
84.0223,1.5708,0.0157029
83.9223,1.5708,0.0157028
83.8223,1.5708,0.0157028
83.7223,1.5708,0.0157027
83.6223,1.5708,0.0157027
83.5223,1.5708,0.0157026
83.4223,1.5708,0.0157025
83.3223,1.5708,0.0157025
83.2223,1.5708,0.0157024
83.1223,1.5708,0.0157024
83.0223,1.5708,0.0157023
82.9223,1.5708,0.0157022
82.8223,1.5708,0.0157022
82.7223,1.5708,0.0157021
82.6223,1.5708,0.015702
82.5223,1.5708,0.015702
82.4223,1.5708,0.0157019
82.3223,1.5708,0.0157018
82.2223,1.5708,0.0157018
82.1223,1.5708,0.0157017
82.0223,1.5708,0.0157016
81.9223,1.5708,0.0157016
81.8223,1.5708,0.0157015
81.7223,1.5708,0.0157014
81.6223,1.5708,0.0157014
81.5223,1.5708,0.0157013
81.4223,1.5708,0.0157012
81.3223,1.5708,0.0157012
81.2223,1.5708,0.0157011
81.1223,1.5708,0.015701
81.0223,1.5708,0.0157009
80.9223,1.5708,0.0157009
80.8223,1.5708,0.0157008
80.7223,1.5708,0.0157007
80.6223,1.5708,0.0157006
80.5223,1.5708,0.0157005
80.4223,1.5708,0.0157005
80.3223,1.5708,0.0157004
80.2223,1.5708,0.0157003
80.1223,1.5708,0.0157002
80.0223,1.5708,0.0157001
79.9223,1.5708,0.0157001
79.8223,1.5708,0.0157
79.7223,1.5708,0.0156999
79.6223,1.5708,0.0156998
79.5223,1.5708,0.0156997
79.4223,1.5708,0.0156996
79.3223,1.5708,0.0156996
79.2223,1.5708,0.0156995
79.1223,1.5708,0.0156994
79.0223,1.5708,0.0156993
78.9223,1.5708,0.0156992
78.8223,1.5708,0.0156991
78.7223,1.5708,0.015699
78.6223,1.5708,0.0156989
78.5223,1.5708,0.0156988
78.4223,1.5708,0.0156987
78.3223,1.5708,0.0156987
78.2223,1.5708,0.0156986
78.1223,1.5708,0.0156985
78.0223,1.5708,0.0156984
77.9223,1.5708,0.0156983
77.8223,1.5708,0.0156982
77.7223,1.5708,0.0156981
77.6223,1.5708,0.015698
77.5223,1.5708,0.0156979
77.4223,1.5708,0.0156978
77.3223,1.5708,0.0156977
77.2223,1.5708,0.0156976
77.1223,1.5708,0.0156975
77.0223,1.5708,0.0156974
76.9223,1.5708,0.0156972
76.8223,1.5708,0.0156971
76.7223,1.5708,0.015697
76.6223,1.5708,0.0156969
76.5223,1.5708,0.0156968
76.4223,1.5708,0.0156967
76.3223,1.5708,0.0156966
76.2223,1.5708,0.0156965
76.1223,1.5708,0.0156964
76.0223,1.5708,0.0156963
75.9223,1.5708,0.0156961
75.8223,1.5708,0.015696
75.7223,1.5708,0.0156959
75.6223,1.5708,0.0156958
75.5223,1.5708,0.0156957
75.4223,1.5708,0.0156955
75.3223,1.5708,0.0156954
75.2223,1.5708,0.0156953
75.1223,1.5708,0.0156952
75.0223,1.5708,0.0156951
74.9223,1.5708,0.0156949
74.8223,1.5708,0.0156948
74.7223,1.5708,0.0156947
74.6223,1.5708,0.0156946
74.5223,1.5708,0.0156944
74.4223,1.5708,0.0156943
74.3223,1.5708,0.0156942
74.2223,1.5708,0.015694
74.1223,1.5708,0.0156939
74.0223,1.5708,0.0156938
73.9223,1.5708,0.0156936
73.8223,1.5708,0.0156935
73.7223,1.5708,0.0156934
73.6223,1.5708,0.0156932
73.5223,1.5708,0.0156931
73.4223,1.5708,0.0156929
73.3223,1.5708,0.0156928
73.2223,1.5708,0.0156927
73.1223,1.5708,0.0156925
73.0223,1.5708,0.0156924
72.9223,1.5708,0.0156922
72.8223,1.5708,0.0156921
72.7223,1.5708,0.0156919
72.6223,1.5708,0.0156918
72.5223,1.5708,0.0156916
72.4223,1.5708,0.0156915
72.3223,1.5708,0.0156913
72.2223,1.5708,0.0156912
72.1223,1.5708,0.015691
72.0223,1.5708,0.0156909
71.9223,1.5708,0.0156907
71.8223,1.5708,0.0156905
71.7223,1.5708,0.0156904
71.6223,1.5708,0.0156902
71.5223,1.5708,0.0156901
71.4223,1.5708,0.0156899
71.3223,1.5708,0.0156897
71.2223,1.5708,0.0156896
71.1223,1.5708,0.0156894
71.0223,1.5708,0.0156892
70.9223,1.5708,0.015689
70.8223,1.5708,0.0156889
70.7223,1.5708,0.0156887
70.6223,1.5708,0.0156885
70.5223,1.5708,0.0156884
70.4223,1.5708,0.0156882
70.3223,1.5708,0.015688
70.2223,1.5708,0.0156878
70.1223,1.5708,0.0156876
70.0223,1.5708,0.0156875
69.9223,1.5708,0.0156873
69.8223,1.5708,0.0156871
69.7223,1.5708,0.0156869
69.6223,1.5708,0.0156867
69.5223,1.5708,0.0156865
69.4223,1.5708,0.0156863
69.3223,1.5708,0.0156861
69.2223,1.5708,0.0156859
69.1223,1.5708,0.0156857
69.0223,1.5708,0.0156855
68.9223,1.5708,0.0156853
68.8223,1.5708,0.0156851
68.7223,1.5708,0.0156849
68.6223,1.5708,0.0156847
68.5223,1.5708,0.0156845
68.4223,1.5708,0.0156843
68.3223,1.5708,0.0156841
68.2223,1.5708,0.0156839
68.1223,1.5708,0.0156837
68.0223,1.5708,0.0156835
67.9223,1.5708,0.0156833
67.8223,1.5708,0.0156831
67.7223,1.5708,0.0156828
67.6223,1.5708,0.0156826
67.5223,1.5708,0.0156824
67.4223,1.5708,0.0156822
67.3223,1.5708,0.0156819
67.2223,1.5708,0.0156817
67.1223,1.5708,0.0156815
67.0223,1.5708,0.0156813
66.9223,1.5708,0.015681
66.8223,1.5708,0.0156808
66.7223,1.5708,0.0156806
66.6223,1.5708,0.0156803
66.5223,1.5708,0.0156801
66.4223,1.5708,0.0156798
66.3223,1.5708,0.0156796
66.2223,1.5708,0.0156794
66.1223,1.5708,0.0156791
66.0223,1.5708,0.0156789
65.9223,1.5708,0.0156786
65.8223,1.5708,0.0156784
65.7223,1.5708,0.0156781
65.6223,1.5708,0.0156779
65.5223,1.5708,0.0156776
65.4223,1.5708,0.0156773
65.3223,1.5708,0.0156771
65.2223,1.5708,0.0156768
65.1223,1.5708,0.0156766
65.0223,1.5708,0.0156763
64.9223,1.5708,0.015676
64.8223,1.5708,0.0156757
64.7223,1.5708,0.0156755
64.6223,1.5708,0.0156752
64.5223,1.5708,0.0156749
64.4223,1.5708,0.0156746
64.3223,1.5708,0.0156744
64.2223,1.5708,0.0156741
64.1223,1.5708,0.0156738
64.0223,1.5708,0.0156735
63.9223,1.5708,0.0156732
63.8223,1.5708,0.0156729
63.7223,1.5708,0.0156726
63.6223,1.5708,0.0156723
63.5223,1.5708,0.015672
63.4223,1.5708,0.0156717
63.3223,1.5708,0.0156714
63.2223,1.5708,0.0156711
63.1223,1.5708,0.0156708
63.0223,1.5708,0.0156705
62.9223,1.5708,0.0156702
62.8223,1.5708,0.0156699
62.7223,1.5708,0.0156696
62.6223,1.5708,0.0156692
62.5223,1.5708,0.0156689
62.4223,1.5708,0.0156686
62.3223,1.5708,0.0156683
62.2223,1.5708,0.0156679
62.1223,1.5708,0.0156676
62.0223,1.5708,0.0156673
61.9223,1.5708,0.0156669
61.8223,1.5708,0.0156666
61.7223,1.5708,0.0156662
61.6223,1.5708,0.0156659
61.5223,1.5708,0.0156656
61.4222,1.5708,0.0156652
61.3222,1.5708,0.0156649
61.2222,1.5708,0.0156645
61.1222,1.5708,0.0156641
61.0222,1.5708,0.0156638
60.9222,1.5708,0.0156634
60.8222,1.5708,0.015663
60.7222,1.5708,0.0156627
60.6222,1.5708,0.0156623
60.5222,1.5708,0.0156619
60.4222,1.5708,0.0156616
60.3222,1.5708,0.0156612
60.2222,1.5708,0.0156608
60.1222,1.5708,0.0156604
60.0222,1.5708,0.01566
59.9222,1.5708,0.0156596
59.8222,1.5708,0.0156592
59.7222,1.5708,0.0156588
59.6222,1.5708,0.0156584
59.5222,1.5708,0.015658
59.4222,1.5708,0.0156576
59.3222,1.5708,0.0156572
59.2222,1.5708,0.0156568
59.1222,1.5708,0.0156564
59.0222,1.5708,0.015656
58.9222,1.5708,0.0156555
58.8222,1.5708,0.0156551
58.7222,1.5708,0.0156547
58.6222,1.5708,0.0156542
58.5222,1.5708,0.0156538
58.4222,1.5708,0.0156534
58.3222,1.5708,0.0156529
58.2222,1.5708,0.0156525
58.1222,1.5708,0.015652
58.0222,1.5708,0.0156516
57.9222,1.5708,0.0156511
57.8222,1.5708,0.0156507
57.7222,1.5708,0.0156502
57.6222,1.5708,0.0156497
57.5222,1.5708,0.0156493
57.4222,1.5708,0.0156488
57.3222,1.5708,0.0156483
57.2222,1.5708,0.0156478
57.1222,1.5708,0.0156473
57.0222,1.5708,0.0156469
56.9222,1.5708,0.0156464
56.8222,1.5708,0.0156459
56.7222,1.5708,0.0156454
56.6222,1.5708,0.0156449
56.5222,1.5708,0.0156444
56.4222,1.5708,0.0156438
56.3222,1.5708,0.0156433
56.2222,1.5708,0.0156428
56.1222,1.5708,0.0156423
56.0222,1.5708,0.0156418
55.9222,1.5708,0.0156412
55.8222,1.5708,0.0156407
55.7222,1.5708,0.0156402
55.6222,1.5708,0.0156396
55.5222,1.5708,0.0156391
55.4222,1.5708,0.0156385
55.3222,1.5708,0.015638
55.2222,1.5708,0.0156374
55.1222,1.5708,0.0156368
55.0222,1.5708,0.0156363
54.9222,1.5708,0.0156357
54.8222,1.5708,0.0156351
54.7222,1.5708,0.0156345
54.6222,1.5708,0.0156339
54.5222,1.5708,0.0156333
54.4222,1.5708,0.0156327
54.3222,1.5708,0.0156321
54.2222,1.5708,0.0156315
54.1222,1.5708,0.0156309
54.0222,1.5708,0.0156303
53.9222,1.5708,0.0156297
53.8222,1.5708,0.0156291
53.7222,1.5708,0.0156284
53.6222,1.5708,0.0156278
53.5222,1.5708,0.0156272
53.4222,1.5708,0.0156265
53.3222,1.5708,0.0156259
53.2222,1.5708,0.0156252
53.1222,1.5708,0.0156245
53.0222,1.5708,0.0156239
52.9222,1.5708,0.0156232
52.8222,1.5708,0.0156225
52.7222,1.5708,0.0156218
52.6222,1.5708,0.0156212
52.5222,1.5708,0.0156205
52.4222,1.5708,0.0156198
52.3222,1.5708,0.0156191
52.2222,1.5708,0.0156184
52.1222,1.5708,0.0156176
52.0222,1.5708,0.0156169
51.9222,1.5708,0.0156162
51.8222,1.5708,0.0156155
51.7222,1.5708,0.0156147
51.6222,1.5708,0.015614
51.5222,1.5708,0.0156132
51.4222,1.5708,0.0156125
51.3222,1.5708,0.0156117
51.2222,1.5708,0.0156109
51.1222,1.5708,0.0156102
51.0222,1.5708,0.0156094
50.9222,1.5708,0.0156086
50.8222,1.5708,0.0156078
50.7222,1.5708,0.015607
50.6222,1.5708,0.0156062
50.5222,1.5708,0.0156054
50.4222,1.5708,0.0156046
50.3222,1.5708,0.0156037
50.2222,1.5708,0.0156029
50.1222,1.5708,0.0156021
50.0222,1.5708,0.0156012
49.9222,1.5708,0.0156004
49.8222,1.5708,0.0155995
49.7222,1.5708,0.0155986
49.6222,1.5708,0.0155978
49.5222,1.5708,0.0155969
49.4222,1.5708,0.015596
49.3222,1.5708,0.0155951
49.2222,1.5708,0.0155942
49.1222,1.5708,0.0155933
49.0222,1.5708,0.0155924
48.9222,1.5708,0.0155915
48.8222,1.5708,0.0155905
48.7222,1.5708,0.0155896
48.6222,1.5708,0.0155886
48.5222,1.5708,0.0155877
48.4222,1.5708,0.0155867
48.3222,1.5708,0.0155857
48.2222,1.5708,0.0155848
48.1222,1.5708,0.0155838
48.0222,1.5708,0.0155828
47.9222,1.5708,0.0155818
47.8222,1.5708,0.0155808
47.7222,1.5708,0.0155797
47.6222,1.5708,0.0155787
47.5222,1.5708,0.0155777
47.4222,1.5708,0.0155766
47.3222,1.5708,0.0155756
47.2222,1.5708,0.0155745
47.1222,1.5708,0.0155734
47.0222,1.5708,0.0155723
46.9222,1.5708,0.0155713
46.8222,1.5708,0.0155702
46.7222,1.5708,0.015569
46.6221,1.5708,0.0155679
46.5221,1.5708,0.0155668
46.4221,1.5708,0.0155657
46.3221,1.5708,0.0155645
46.2221,1.5708,0.0155634
46.1221,1.5708,0.0155622
46.0221,1.5708,0.015561
45.9221,1.5708,0.0155598
45.8221,1.5708,0.0155586
45.7221,1.5708,0.0155574
45.6221,1.5708,0.0155562
45.5221,1.5708,0.015555
45.4221,1.5708,0.0155537
45.3221,1.5708,0.0155525
45.2221,1.5708,0.0155512
45.1221,1.5708,0.01555
45.0221,1.5708,0.0155487
44.9221,1.5708,0.0155474
44.8221,1.5708,0.0155461
44.7221,1.5708,0.0155448
44.6221,1.5708,0.0155434
44.5221,1.5708,0.0155421
44.4221,1.5708,0.0155407
44.3221,1.5708,0.0155394
44.2221,1.5708,0.015538
44.1221,1.5708,0.0155366
44.0221,1.5708,0.0155352
43.9221,1.5708,0.0155338
43.8221,1.5708,0.0155324
43.7221,1.5708,0.015531
43.6221,1.5708,0.0155295
43.5221,1.5708,0.0155281
43.4221,1.5708,0.0155266
43.3221,1.5708,0.0155251
43.2221,1.5708,0.0155236
43.1221,1.5708,0.0155221
43.0221,1.5708,0.0155206
42.9221,1.5708,0.015519
42.8221,1.5708,0.0155175
42.7221,1.5708,0.0155159
42.6221,1.5708,0.0155143
42.5221,1.5708,0.0155127
42.4221,1.5708,0.0155111
42.3221,1.5708,0.0155095
42.2221,1.5708,0.0155079
42.1221,1.5708,0.0155062
42.0221,1.5708,0.0155045
41.9221,1.5708,0.0155029
41.8221,1.5708,0.0155012
41.7221,1.5708,0.0154994
41.6221,1.5708,0.0154977
41.5221,1.5708,0.015496
41.4221,1.5708,0.0154942
41.3221,1.5708,0.0154924
41.2221,1.5708,0.0154906
41.1221,1.5708,0.0154888
41.0221,1.5708,0.015487
40.9221,1.5708,0.0154852
40.8221,1.5708,0.0154833
40.7221,1.5708,0.0154814
40.6221,1.5708,0.0154795
40.5221,1.5708,0.0154776
40.4221,1.5708,0.0154757
40.3221,1.5708,0.0154737
40.2221,1.5708,0.0154718
40.1221,1.5708,0.0154698
40.0221,1.5708,0.0154678
39.9221,1.5708,0.0154658
39.8221,1.5708,0.0154637
39.7221,1.5708,0.0154617
39.6221,1.5708,0.0154596
39.5221,1.5708,0.0154575
39.4221,1.5708,0.0154554
39.3221,1.5708,0.0154532
39.2221,1.5708,0.0154511
39.122,1.5708,0.0154489
39.022,1.5708,0.0154467
38.922,1.5708,0.0154445
38.822,1.5708,0.0154423
38.722,1.5708,0.01544
38.622,1.5708,0.0154377
38.522,1.5708,0.0154354
38.422,1.5708,0.0154331
38.322,1.5708,0.0154307
38.222,1.5708,0.0154284
38.122,1.5708,0.015426
38.022,1.5708,0.0154235
37.922,1.5708,0.0154211
37.822,1.5708,0.0154186
37.722,1.5708,0.0154161
37.622,1.5708,0.0154136
37.522,1.5708,0.0154111
37.422,1.5708,0.0154085
37.322,1.5708,0.0154059
37.222,1.5708,0.0154033
37.122,1.5708,0.0154007
37.022,1.5708,0.015398
36.922,1.5708,0.0153953
36.822,1.5708,0.0153926
36.722,1.5708,0.0153899
36.622,1.5708,0.0153871
36.522,1.5708,0.0153843
36.422,1.5708,0.0153815
36.322,1.5708,0.0153786
36.222,1.5708,0.0153757
36.122,1.5708,0.0153728
36.022,1.5708,0.0153698
35.922,1.5708,0.0153669
35.822,1.5708,0.0153639
35.722,1.5708,0.0153608
35.622,1.5708,0.0153578
35.522,1.5708,0.0153547
35.422,1.5708,0.0153515
35.322,1.5708,0.0153484
35.222,1.5708,0.0153452
35.122,1.5708,0.015342
35.022,1.5708,0.0153387
34.922,1.5708,0.0153354
34.822,1.5708,0.0153321
34.722,1.5708,0.0153287
34.622,1.5708,0.0153253
34.522,1.5708,0.0153219
34.422,1.5708,0.0153184
34.3219,1.5708,0.0153149
34.2219,1.5708,0.0153114
34.1219,1.5708,0.0153078
34.0219,1.5708,0.0153042
33.9219,1.5708,0.0153005
33.8219,1.5708,0.0152968
33.7219,1.5708,0.0152931
33.6219,1.5708,0.0152893
33.5219,1.5708,0.0152855
33.4219,1.5708,0.0152817
33.3219,1.5708,0.0152778
33.2219,1.5708,0.0152738
33.1219,1.5708,0.0152699
33.0219,1.5708,0.0152658
32.9219,1.5708,0.0152618
32.8219,1.5708,0.0152577
32.7219,1.5708,0.0152535
32.6219,1.5708,0.0152493
32.5219,1.5708,0.0152451
32.4219,1.5708,0.0152408
32.3219,1.5708,0.0152364
32.2219,1.5708,0.015232
32.1219,1.5708,0.0152276
32.0219,1.5708,0.0152231
31.9219,1.5708,0.0152186
31.8219,1.5708,0.015214
31.7219,1.5708,0.0152094
31.6219,1.5708,0.0152047
31.5219,1.5708,0.0151999
31.4219,1.5708,0.0151951
31.3219,1.5708,0.0151903
31.2219,1.5708,0.0151854
31.1219,1.5708,0.0151804
31.0219,1.5708,0.0151754
30.9218,1.5708,0.0151703
30.8218,1.5708,0.0151652
30.7218,1.5708,0.01516
30.6218,1.5708,0.0151548
30.5218,1.5708,0.0151494
30.4218,1.5708,0.0151441
30.3218,1.5708,0.0151386
30.2218,1.5708,0.0151331
30.1218,1.5708,0.0151276
30.0218,1.5708,0.015122
29.9218,1.5708,0.0151163
29.8218,1.5708,0.0151105
29.7218,1.5708,0.0151047
29.6218,1.5708,0.0150988
29.5218,1.5708,0.0150928
29.4218,1.5708,0.0150868
29.3218,1.5708,0.0150807
29.2218,1.5708,0.0150745
29.1218,1.5708,0.0150682
29.0218,1.5708,0.0150619
28.9218,1.5708,0.0150555
28.8218,1.5708,0.015049
28.7218,1.5708,0.0150424
28.6218,1.5708,0.0150358
28.5218,1.5708,0.0150291
28.4217,1.5708,0.0150223
28.3217,1.5708,0.0150154
28.2217,1.5708,0.0150084
28.1217,1.5708,0.0150013
28.0217,1.5708,0.0149942
27.9217,1.5708,0.0149869
27.8217,1.5708,0.0149796
27.7217,1.5708,0.0149722
27.6217,1.5708,0.0149647
27.5217,1.5708,0.0149571
27.4217,1.5708,0.0149493
27.3217,1.5708,0.0149415
27.2217,1.5708,0.0149336
27.1217,1.5708,0.0149256
27.0217,1.5708,0.0149175
26.9217,1.5708,0.0149093
26.8217,1.5708,0.014901
26.7217,1.5708,0.0148926
26.6217,1.5708,0.014884
26.5217,1.5708,0.0148754
26.4216,1.5708,0.0148666
26.3216,1.5708,0.0148578
26.2216,1.5708,0.0148488
26.1216,1.5708,0.0148397
26.0216,1.5708,0.0148304
25.9216,1.5708,0.0148211
25.8216,1.5708,0.0148116
25.7216,1.5708,0.014802
25.6216,1.5708,0.0147923
25.5216,1.5708,0.0147824
25.4216,1.5708,0.0147724
25.3216,1.5708,0.0147623
25.2216,1.5708,0.014752
25.1216,1.5708,0.0147416
25.0216,1.5708,0.014731
24.9216,1.5708,0.0147203
24.8215,1.5708,0.0147095
24.7215,1.5708,0.0146985
24.6215,1.5708,0.0146873
24.5215,1.5708,0.014676
24.4215,1.5708,0.0146645
24.3215,1.5708,0.0146529
24.2215,1.5708,0.0146411
24.1215,1.5708,0.0146292
24.0215,1.5708,0.014617
23.9215,1.5708,0.0146047
23.8215,1.5708,0.0145923
23.7215,1.5708,0.0145796
23.6215,1.5708,0.0145668
23.5215,1.5708,0.0145537
23.4214,1.5708,0.0145405
23.3214,1.5708,0.0145271
23.2214,1.5708,0.0145135
23.1214,1.5708,0.0144997
23.0214,1.5708,0.0144857
22.9214,1.5708,0.0144714
22.8214,1.5708,0.014457
22.7214,1.5708,0.0144424
22.6214,1.5708,0.0144275
22.5214,1.5708,0.0144124
22.4214,1.5708,0.0143971
22.3213,1.5708,0.0143815
22.2213,1.5708,0.0143657
22.1213,1.5708,0.0143497
22.0213,1.5708,0.0143334
21.9213,1.5708,0.0143168
21.8213,1.5708,0.0143
21.7213,1.5708,0.014283
21.6213,1.5708,0.0142657
21.5213,1.5708,0.0142481
21.4213,1.5708,0.0142302
21.3212,1.5708,0.014212
21.2212,1.5708,0.0141936
21.1212,1.5708,0.0141748
21.0212,1.5708,0.0141558
20.9212,1.5708,0.0141364
20.8212,1.5708,0.0141167
20.7212,1.5708,0.0140968
20.6212,1.5708,0.0140764
20.5212,1.5708,0.0140558
20.4211,1.5708,0.0140348
20.3211,1.5708,0.0140134
20.2211,1.5708,0.0139917
20.1211,1.5708,0.0139697
20.0211,1.5708,0.0139472
19.9211,1.5708,0.0139244
19.8211,1.5708,0.0139012
19.7211,1.5708,0.0138776
19.621,1.5708,0.0138536
19.521,1.5708,0.0138291
19.421,1.5708,0.0138043
19.321,1.5708,0.013779
19.221,1.5708,0.0137533
19.121,1.5708,0.0137271
19.021,1.5708,0.0137005
18.9209,1.5708,0.0136733
18.8209,1.5708,0.0136457
18.7209,1.5708,0.0136176
18.6209,1.5708,0.013589
18.5209,1.5708,0.0135599
18.4209,1.5708,0.0135303
18.3208,1.5708,0.0135
18.2208,1.5708,0.0134693
18.1208,1.5708,0.013438
18.0208,1.5708,0.013406
17.9208,1.5708,0.0133735
17.8208,1.5708,0.0133404
17.7207,1.5708,0.0133066
17.6207,1.5708,0.0132722
17.5207,1.5708,0.0132372
17.4207,1.5708,0.0132015
17.3207,1.5708,0.013165
17.2206,1.5708,0.0131279
17.1206,1.5708,0.01309
17.0206,1.5708,0.0130514
16.9206,1.5708,0.013012
16.8206,1.5708,0.0129719
16.7205,1.5708,0.0129309
16.6205,1.5708,0.0128891
16.5205,1.5708,0.0128465
16.4205,1.5708,0.012803
16.3204,1.5708,0.0127586
16.2204,1.5708,0.0127132
16.1204,1.5708,0.012667
16.0204,1.5708,0.0126197
15.9203,1.5708,0.0125715
15.8203,1.5708,0.0125222
15.7203,1.5708,0.0124719
15.6203,1.5708,0.0124206
15.5202,1.5708,0.0123681
15.4202,1.5708,0.0123144
15.3202,1.5708,0.0122596
15.2201,1.5708,0.0122036
15.1201,1.5708,0.0121464
15.0201,1.5708,0.0120879
14.9201,1.5708,0.012028
14.82,1.5708,0.0119668
14.72,1.5708,0.0119042
14.62,1.5708,0.0118402
14.5199,1.5708,0.0117747
14.4199,1.5708,0.0117077
14.3199,1.5708,0.0116391
14.2198,1.5708,0.0115689
14.1198,1.5708,0.011497
14.0197,1.5708,0.0114234
13.9197,1.5708,0.0113481
13.8197,1.5708,0.0112709
13.7196,1.5708,0.0111918
13.6196,1.5708,0.0111108
13.5195,1.5708,0.0110278
13.4195,1.5708,0.0109427
13.3195,1.5708,0.0108555
13.2194,1.5708,0.010766
13.1194,1.5708,0.0106743
13.0193,1.5708,0.0105802
12.9193,1.5708,0.0104836
12.8192,1.5708,0.0103845
12.7192,1.5708,0.0102828
12.6191,1.5708,0.0101784
12.5191,1.5708,0.0100713
12.419,1.5708,0.00996117
12.319,1.5708,0.00984807
12.2189,1.5708,0.00973187
12.1189,1.5708,0.00961245
12.0188,1.5708,0.00948968
11.9187,1.5708,0.00936346
11.8187,1.5708,0.00923364
11.7186,1.5708,0.00910009
11.6185,1.5708,0.00896268
11.5185,1.5708,0.00882125
11.4184,1.5708,0.00867565
11.3183,1.5708,0.00852571
11.2183,1.5708,0.00837127
11.1182,1.5708,0.00821215
11.0181,1.5708,0.00804815
10.918,1.5708,0.00787909
10.8179,1.5708,0.00770475
10.7179,1.5708,0.00752491
10.6178,1.5708,0.00733935
10.5177,1.5708,0.00714782
10.4176,1.5708,0.00695008
10.3175,1.5708,0.00674584
10.2174,1.5708,0.00653484
10.1173,1.5708,0.00631676
10.0172,1.5708,0.0060913
9.9171,1.5708,0.00585813
9.81699,1.5708,0.00561688
9.71688,1.5708,0.0053672
9.61677,1.5708,0.00510869
9.51665,1.5708,0.00484093
9.41652,1.5708,0.00456348
9.3164,1.5708,0.00427588
9.21626,1.5708,0.00397763
9.11613,1.5708,0.0036682
9.01599,1.5708,0.00334703
8.91584,1.5708,0.00301354
8.81569,1.5708,0.00266708
8.71554,1.5708,0.00230699
8.61538,1.5708,0.00193255
8.51521,1.5708,0.00154299
8.41504,1.5708,0.0011375
8.31486,1.5708,0.000715197
8.21467,1.5708,0.000275156
8.11448,1.5708,-0.000183623
8.01428,1.5708,-0.000662211
7.91408,1.5708,-0.00116176
7.81386,1.5708,-0.00168349
7.71364,1.5708,-0.00222874
7.6134,1.5708,-0.00279892
7.51316,1.5708,-0.00339558
7.41291,1.5708,-0.00402036
7.31265,1.5708,-0.00467505
7.21237,1.5708,-0.00536159
7.11209,1.5708,-0.00608205
7.01179,1.5708,-0.00683871
6.91148,1.5708,-0.00763402
6.81115,1.5708,-0.00847065
6.71081,1.5708,-0.00935149
6.61046,1.5708,-0.0102797
6.51009,1.5708,-0.0112588
6.4097,1.5708,-0.0122925
6.30929,1.5708,-0.0133849
6.20886,1.5708,-0.0145406
6.10841,1.5708,-0.0157646
6.00794,1.5708,-0.0170624
5.90744,1.5708,-0.01844
5.80691,1.5708,-0.019904
5.70636,1.5708,-0.0214621
5.60578,1.5708,-0.0231222
5.50517,1.5708,-0.0248937
5.40452,1.5708,-0.0267868
5.30383,1.5708,-0.0288129
5.2031,1.5708,-0.0309849
5.10233,1.5708,-0.0333171
5.00151,1.5708,-0.035826
4.90064,1.5708,-0.03853
4.79971,1.5708,-0.04145
4.69872,1.5708,-0.0446099
4.59766,1.5708,-0.0480373
4.49654,1.5708,-0.0517633
4.39533,1.5708,-0.0558245
4.29403,1.5708,-0.0602629
4.19264,1.5708,-0.0651276
4.09114,1.5708,-0.070476
3.98953,1.5708,-0.0763759
3.88778,1.5708,-0.0829076
3.78589,1.5708,-0.0901671
3.68384,1.5708,-0.0982696
3.58161,1.5708,-0.107355
3.47917,1.5708,-0.117595
3.3765,1.5708,-0.129199
3.27358,1.5708,-0.142433
3.17035,1.5708,-0.157628
3.06679,1.5708,-0.175212
2.96284,1.5708,-0.19574
2.85845,1.5708,-0.219945
2.75352,1.5708,-0.248819
2.64799,1.5708,-0.283731
2.54172,1.5708,-0.326623
2.4346,1.5708,-0.380349
2.32643,1.5708,-0.449264
-4.8367e-26,-4.8367e-26,-4.8367e-26
-4.8367e-26,-4.8367e-26,-4.8367e-26
-4.8367e-26,-4.8367e-26,-4.8367e-26
-4.8367e-26,-4.8367e-26,-4.8367e-26
-4.8367e-26,-4.8367e-26,-4.8367e-26
-4.8367e-26,-4.8367e-26,-4.8367e-26
-4.8367e-26,-4.8367e-26,-4.8367e-26
-4.8367e-26,-4.8367e-26,-4.8367e-26
-4.8367e-26,-4.8367e-26,-4.8367e-26
-4.8367e-26,-4.8367e-26,-4.8367e-26
-4.8367e-26,-4.8367e-26,-4.8367e-26
-4.8367e-26,-4.8367e-26,-4.8367e-26
-4.8367e-26,-4.8367e-26,-4.8367e-26
-4.8367e-26,-4.8367e-26,-4.8367e-26
-4.8367e-26,-4.8367e-26,-4.8367e-26
-4.8367e-26,-4.8367e-26,-4.8367e-26
-4.8367e-26,-4.8367e-26,-4.8367e-26
-4.8367e-26,-4.8367e-26,-4.8367e-26
-4.8367e-26,-4.8367e-26,-4.8367e-26
-4.8367e-26,-4.8367e-26,-4.8367e-26
-4.8367e-26,-4.8367e-26,-4.8367e-26
-4.8367e-26,-4.8367e-26,-4.8367e-26
-4.8367e-26,-4.8367e-26,-4.8367e-26
-4.8367e-26,-4.8367e-26,-4.8367e-26
-4.8367e-26,-4.8367e-26,-4.8367e-26
-4.8367e-26,-4.8367e-26,-4.8367e-26
-4.8367e-26,-4.8367e-26,-4.8367e-26
-4.8367e-26,-4.8367e-26,-4.8367e-26
-4.8367e-26,-4.8367e-26,-4.8367e-26
-4.8367e-26,-4.8367e-26,-4.8367e-26
-4.8367e-26,-4.8367e-26,-4.8367e-26
-4.8367e-26,-4.8367e-26,-4.8367e-26
-4.8367e-26,-4.8367e-26,-4.8367e-26
-4.8367e-26,-4.8367e-26,-4.8367e-26
-4.8367e-26,-4.8367e-26,-4.8367e-26
-4.8367e-26,-4.8367e-26,-4.8367e-26
-4.8367e-26,-4.8367e-26,-4.8367e-26
-4.8367e-26,-4.8367e-26,-4.8367e-26
-4.8367e-26,-4.8367e-26,-4.8367e-26
-4.8367e-26,-4.8367e-26,-4.8367e-26
-4.8367e-26,-4.8367e-26,-4.8367e-26
-4.8367e-26,-4.8367e-26,-4.8367e-26
-4.8367e-26,-4.8367e-26,-4.8367e-26
-4.8367e-26,-4.8367e-26,-4.8367e-26
-4.8367e-26,-4.8367e-26,-4.8367e-26
-4.8367e-26,-4.8367e-26,-4.8367e-26
-4.8367e-26,-4.8367e-26,-4.8367e-26
-4.8367e-26,-4.8367e-26,-4.8367e-26
-4.8367e-26,-4.8367e-26,-4.8367e-26
-4.8367e-26,-4.8367e-26,-4.8367e-26
-4.8367e-26,-4.8367e-26,-4.8367e-26
-4.8367e-26,-4.8367e-26,-4.8367e-26
-4.8367e-26,-4.8367e-26,-4.8367e-26
-4.8367e-26,-4.8367e-26,-4.8367e-26
-4.8367e-26,-4.8367e-26,-4.8367e-26
-4.8367e-26,-4.8367e-26,-4.8367e-26
-4.8367e-26,-4.8367e-26,-4.8367e-26
-4.8367e-26,-4.8367e-26,-4.8367e-26
-4.8367e-26,-4.8367e-26,-4.8367e-26
-4.8367e-26,-4.8367e-26,-4.8367e-26
-4.8367e-26,-4.8367e-26,-4.8367e-26
-4.8367e-26,-4.8367e-26,-4.8367e-26
-4.8367e-26,-4.8367e-26,-4.8367e-26
-4.8367e-26,-4.8367e-26,-4.8367e-26
-4.8367e-26,-4.8367e-26,-4.8367e-26
-4.8367e-26,-4.8367e-26,-4.8367e-26
-4.8367e-26,-4.8367e-26,-4.8367e-26
-4.8367e-26,-4.8367e-26,-4.8367e-26
-4.8367e-26,-4.8367e-26,-4.8367e-26
-4.8367e-26,-4.8367e-26,-4.8367e-26
-4.8367e-26,-4.8367e-26,-4.8367e-26
-4.8367e-26,-4.8367e-26,-4.8367e-26
-4.8367e-26,-4.8367e-26,-4.8367e-26
-4.8367e-26,-4.8367e-26,-4.8367e-26
-4.8367e-26,-4.8367e-26,-4.8367e-26
-4.8367e-26,-4.8367e-26,-4.8367e-26
-4.8367e-26,-4.8367e-26,-4.8367e-26
-4.8367e-26,-4.8367e-26,-4.8367e-26
-4.8367e-26,-4.8367e-26,-4.8367e-26
-4.8367e-26,-4.8367e-26,-4.8367e-26
-4.8367e-26,-4.8367e-26,-4.8367e-26
-4.8367e-26,-4.8367e-26,-4.8367e-26
-4.8367e-26,-4.8367e-26,-4.8367e-26
-4.8367e-26,-4.8367e-26,-4.8367e-26
-4.8367e-26,-4.8367e-26,-4.8367e-26
-4.8367e-26,-4.8367e-26,-4.8367e-26
-4.8367e-26,-4.8367e-26,-4.8367e-26
-4.8367e-26,-4.8367e-26,-4.8367e-26
-4.8367e-26,-4.8367e-26,-4.8367e-26
-4.8367e-26,-4.8367e-26,-4.8367e-26
-4.8367e-26,-4.8367e-26,-4.8367e-26
-4.8367e-26,-4.8367e-26,-4.8367e-26
-4.8367e-26,-4.8367e-26,-4.8367e-26
-4.8367e-26,-4.8367e-26,-4.8367e-26
-4.8367e-26,-4.8367e-26,-4.8367e-26
-4.8367e-26,-4.8367e-26,-4.8367e-26
-4.8367e-26,-4.8367e-26,-4.8367e-26
-4.8367e-26,-4.8367e-26,-4.8367e-26
-4.8367e-26,-4.8367e-26,-4.8367e-26
-4.8367e-26,-4.8367e-26,-4.8367e-26
-4.8367e-26,-4.8367e-26,-4.8367e-26
-4.8367e-26,-4.8367e-26,-4.8367e-26
-4.8367e-26,-4.8367e-26,-4.8367e-26
-4.8367e-26,-4.8367e-26,-4.8367e-26
-4.8367e-26,-4.8367e-26,-4.8367e-26
-4.8367e-26,-4.8367e-26,-4.8367e-26
-4.8367e-26,-4.8367e-26,-4.8367e-26
-4.8367e-26,-4.8367e-26,-4.8367e-26
-4.8367e-26,-4.8367e-26,-4.8367e-26
-4.8367e-26,-4.8367e-26,-4.8367e-26
-4.8367e-26,-4.8367e-26,-4.8367e-26
-4.8367e-26,-4.8367e-26,-4.8367e-26
-4.8367e-26,-4.8367e-26,-4.8367e-26
-4.8367e-26,-4.8367e-26,-4.8367e-26
-4.8367e-26,-4.8367e-26,-4.8367e-26
-4.8367e-26,-4.8367e-26,-4.8367e-26
-4.8367e-26,-4.8367e-26,-4.8367e-26
-4.8367e-26,-4.8367e-26,-4.8367e-26
-4.8367e-26,-4.8367e-26,-4.8367e-26
-4.8367e-26,-4.8367e-26,-4.8367e-26
-4.8367e-26,-4.8367e-26,-4.8367e-26
-4.8367e-26,-4.8367e-26,-4.8367e-26
-4.8367e-26,-4.8367e-26,-4.8367e-26
-4.8367e-26,-4.8367e-26,-4.8367e-26
-4.8367e-26,-4.8367e-26,-4.8367e-26
-4.8367e-26,-4.8367e-26,-4.8367e-26
-4.8367e-26,-4.8367e-26,-4.8367e-26
-4.8367e-26,-4.8367e-26,-4.8367e-26
-4.8367e-26,-4.8367e-26,-4.8367e-26
-4.8367e-26,-4.8367e-26,-4.8367e-26
-4.8367e-26,-4.8367e-26,-4.8367e-26
-4.8367e-26,-4.8367e-26,-4.8367e-26
-4.8367e-26,-4.8367e-26,-4.8367e-26
-4.8367e-26,-4.8367e-26,-4.8367e-26
-4.8367e-26,-4.8367e-26,-4.8367e-26
-4.8367e-26,-4.8367e-26,-4.8367e-26
-4.8367e-26,-4.8367e-26,-4.8367e-26
-4.8367e-26,-4.8367e-26,-4.8367e-26
-4.8367e-26,-4.8367e-26,-4.8367e-26
-4.8367e-26,-4.8367e-26,-4.8367e-26
-4.8367e-26,-4.8367e-26,-4.8367e-26
-4.8367e-26,-4.8367e-26,-4.8367e-26
-4.8367e-26,-4.8367e-26,-4.8367e-26
-4.8367e-26,-4.8367e-26,-4.8367e-26
-4.8367e-26,-4.8367e-26,-4.8367e-26
-4.8367e-26,-4.8367e-26,-4.8367e-26
-4.8367e-26,-4.8367e-26,-4.8367e-26
-4.8367e-26,-4.8367e-26,-4.8367e-26
-4.8367e-26,-4.8367e-26,-4.8367e-26
-4.8367e-26,-4.8367e-26,-4.8367e-26
-4.8367e-26,-4.8367e-26,-4.8367e-26
-4.8367e-26,-4.8367e-26,-4.8367e-26
-4.8367e-26,-4.8367e-26,-4.8367e-26
-4.8367e-26,-4.8367e-26,-4.8367e-26
-4.8367e-26,-4.8367e-26,-4.8367e-26
-4.8367e-26,-4.8367e-26,-4.8367e-26
-4.8367e-26,-4.8367e-26,-4.8367e-26
-4.8367e-26,-4.8367e-26,-4.8367e-26
-4.8367e-26,-4.8367e-26,-4.8367e-26
-4.8367e-26,-4.8367e-26,-4.8367e-26
-4.8367e-26,-4.8367e-26,-4.8367e-26
-4.8367e-26,-4.8367e-26,-4.8367e-26
-4.8367e-26,-4.8367e-26,-4.8367e-26
-4.8367e-26,-4.8367e-26,-4.8367e-26
-4.8367e-26,-4.8367e-26,-4.8367e-26
-4.8367e-26,-4.8367e-26,-4.8367e-26
-4.8367e-26,-4.8367e-26,-4.8367e-26
-4.8367e-26,-4.8367e-26,-4.8367e-26
-4.8367e-26,-4.8367e-26,-4.8367e-26
-4.8367e-26,-4.8367e-26,-4.8367e-26
-4.8367e-26,-4.8367e-26,-4.8367e-26
-4.8367e-26,-4.8367e-26,-4.8367e-26
-4.8367e-26,-4.8367e-26,-4.8367e-26
-4.8367e-26,-4.8367e-26,-4.8367e-26
-4.8367e-26,-4.8367e-26,-4.8367e-26
-4.8367e-26,-4.8367e-26,-4.8367e-26
-4.8367e-26,-4.8367e-26,-4.8367e-26
-4.8367e-26,-4.8367e-26,-4.8367e-26
-4.8367e-26,-4.8367e-26,-4.8367e-26
-4.8367e-26,-4.8367e-26,-4.8367e-26
-4.8367e-26,-4.8367e-26,-4.8367e-26
-4.8367e-26,-4.8367e-26,-4.8367e-26
-4.8367e-26,-4.8367e-26,-4.8367e-26
-4.8367e-26,-4.8367e-26,-4.8367e-26
-4.8367e-26,-4.8367e-26,-4.8367e-26
-4.8367e-26,-4.8367e-26,-4.8367e-26
-4.8367e-26,-4.8367e-26,-4.8367e-26
-4.8367e-26,-4.8367e-26,-4.8367e-26
-4.8367e-26,-4.8367e-26,-4.8367e-26
-4.8367e-26,-4.8367e-26,-4.8367e-26
-4.8367e-26,-4.8367e-26,-4.8367e-26
-4.8367e-26,-4.8367e-26,-4.8367e-26
-4.8367e-26,-4.8367e-26,-4.8367e-26
-4.8367e-26,-4.8367e-26,-4.8367e-26
-4.8367e-26,-4.8367e-26,-4.8367e-26
-4.8367e-26,-4.8367e-26,-4.8367e-26
-4.8367e-26,-4.8367e-26,-4.8367e-26
-4.8367e-26,-4.8367e-26,-4.8367e-26
-4.8367e-26,-4.8367e-26,-4.8367e-26
-4.8367e-26,-4.8367e-26,-4.8367e-26
-4.8367e-26,-4.8367e-26,-4.8367e-26
-4.8367e-26,-4.8367e-26,-4.8367e-26
-4.8367e-26,-4.8367e-26,-4.8367e-26
-4.8367e-26,-4.8367e-26,-4.8367e-26
-4.8367e-26,-4.8367e-26,-4.8367e-26
-4.8367e-26,-4.8367e-26,-4.8367e-26
-4.8367e-26,-4.8367e-26,-4.8367e-26
-4.8367e-26,-4.8367e-26,-4.8367e-26
-4.8367e-26,-4.8367e-26,-4.8367e-26
-4.8367e-26,-4.8367e-26,-4.8367e-26
-4.8367e-26,-4.8367e-26,-4.8367e-26
-4.8367e-26,-4.8367e-26,-4.8367e-26
-4.8367e-26,-4.8367e-26,-4.8367e-26
-4.8367e-26,-4.8367e-26,-4.8367e-26
-4.8367e-26,-4.8367e-26,-4.8367e-26
-4.8367e-26,-4.8367e-26,-4.8367e-26
-4.8367e-26,-4.8367e-26,-4.8367e-26
-4.8367e-26,-4.8367e-26,-4.8367e-26
-4.8367e-26,-4.8367e-26,-4.8367e-26
-4.8367e-26,-4.8367e-26,-4.8367e-26
-4.8367e-26,-4.8367e-26,-4.8367e-26
-4.8367e-26,-4.8367e-26,-4.8367e-26
-4.8367e-26,-4.8367e-26,-4.8367e-26
-4.8367e-26,-4.8367e-26,-4.8367e-26
-4.8367e-26,-4.8367e-26,-4.8367e-26
-4.8367e-26,-4.8367e-26,-4.8367e-26
-4.8367e-26,-4.8367e-26,-4.8367e-26
-4.8367e-26,-4.8367e-26,-4.8367e-26
-4.8367e-26,-4.8367e-26,-4.8367e-26
-4.8367e-26,-4.8367e-26,-4.8367e-26
-4.8367e-26,-4.8367e-26,-4.8367e-26
-4.8367e-26,-4.8367e-26,-4.8367e-26
-4.8367e-26,-4.8367e-26,-4.8367e-26
-4.8367e-26,-4.8367e-26,-4.8367e-26
-4.8367e-26,-4.8367e-26,-4.8367e-26
-4.8367e-26,-4.8367e-26,-4.8367e-26
-4.8367e-26,-4.8367e-26,-4.8367e-26
-4.8367e-26,-4.8367e-26,-4.8367e-26
-4.8367e-26,-4.8367e-26,-4.8367e-26
-4.8367e-26,-4.8367e-26,-4.8367e-26
-4.8367e-26,-4.8367e-26,-4.8367e-26
-4.8367e-26,-4.8367e-26,-4.8367e-26
-4.8367e-26,-4.8367e-26,-4.8367e-26
-4.8367e-26,-4.8367e-26,-4.8367e-26
-4.8367e-26,-4.8367e-26,-4.8367e-26
-4.8367e-26,-4.8367e-26,-4.8367e-26
-4.8367e-26,-4.8367e-26,-4.8367e-26
-4.8367e-26,-4.8367e-26,-4.8367e-26
-4.8367e-26,-4.8367e-26,-4.8367e-26
-4.8367e-26,-4.8367e-26,-4.8367e-26
-4.8367e-26,-4.8367e-26,-4.8367e-26
-4.8367e-26,-4.8367e-26,-4.8367e-26
-4.8367e-26,-4.8367e-26,-4.8367e-26
-4.8367e-26,-4.8367e-26,-4.8367e-26
-4.8367e-26,-4.8367e-26,-4.8367e-26
-4.8367e-26,-4.8367e-26,-4.8367e-26
-4.8367e-26,-4.8367e-26,-4.8367e-26
-4.8367e-26,-4.8367e-26,-4.8367e-26
-4.8367e-26,-4.8367e-26,-4.8367e-26
-4.8367e-26,-4.8367e-26,-4.8367e-26
-4.8367e-26,-4.8367e-26,-4.8367e-26
-4.8367e-26,-4.8367e-26,-4.8367e-26
-4.8367e-26,-4.8367e-26,-4.8367e-26
-4.8367e-26,-4.8367e-26,-4.8367e-26
-4.8367e-26,-4.8367e-26,-4.8367e-26
-4.8367e-26,-4.8367e-26,-4.8367e-26
-4.8367e-26,-4.8367e-26,-4.8367e-26
-4.8367e-26,-4.8367e-26,-4.8367e-26
-4.8367e-26,-4.8367e-26,-4.8367e-26
-4.8367e-26,-4.8367e-26,-4.8367e-26
-4.8367e-26,-4.8367e-26,-4.8367e-26
-4.8367e-26,-4.8367e-26,-4.8367e-26
-4.8367e-26,-4.8367e-26,-4.8367e-26
-4.8367e-26,-4.8367e-26,-4.8367e-26
-4.8367e-26,-4.8367e-26,-4.8367e-26
-4.8367e-26,-4.8367e-26,-4.8367e-26
-4.8367e-26,-4.8367e-26,-4.8367e-26
-4.8367e-26,-4.8367e-26,-4.8367e-26
-4.8367e-26,-4.8367e-26,-4.8367e-26
-4.8367e-26,-4.8367e-26,-4.8367e-26
-4.8367e-26,-4.8367e-26,-4.8367e-26
-4.8367e-26,-4.8367e-26,-4.8367e-26
-4.8367e-26,-4.8367e-26,-4.8367e-26
-4.8367e-26,-4.8367e-26,-4.8367e-26
-4.8367e-26,-4.8367e-26,-4.8367e-26
-4.8367e-26,-4.8367e-26,-4.8367e-26
-4.8367e-26,-4.8367e-26,-4.8367e-26
-4.8367e-26,-4.8367e-26,-4.8367e-26
-4.8367e-26,-4.8367e-26,-4.8367e-26
-4.8367e-26,-4.8367e-26,-4.8367e-26
-4.8367e-26,-4.8367e-26,-4.8367e-26
-4.8367e-26,-4.8367e-26,-4.8367e-26
-4.8367e-26,-4.8367e-26,-4.8367e-26
-4.8367e-26,-4.8367e-26,-4.8367e-26
-4.8367e-26,-4.8367e-26,-4.8367e-26
-4.8367e-26,-4.8367e-26,-4.8367e-26
-4.8367e-26,-4.8367e-26,-4.8367e-26
-4.8367e-26,-4.8367e-26,-4.8367e-26
-4.8367e-26,-4.8367e-26,-4.8367e-26
-4.8367e-26,-4.8367e-26,-4.8367e-26
-4.8367e-26,-4.8367e-26,-4.8367e-26
-4.8367e-26,-4.8367e-26,-4.8367e-26
-4.8367e-26,-4.8367e-26,-4.8367e-26
-4.8367e-26,-4.8367e-26,-4.8367e-26
-4.8367e-26,-4.8367e-26,-4.8367e-26
-4.8367e-26,-4.8367e-26,-4.8367e-26
-4.8367e-26,-4.8367e-26,-4.8367e-26
-4.8367e-26,-4.8367e-26,-4.8367e-26
-4.8367e-26,-4.8367e-26,-4.8367e-26
-4.8367e-26,-4.8367e-26,-4.8367e-26
-4.8367e-26,-4.8367e-26,-4.8367e-26
-4.8367e-26,-4.8367e-26,-4.8367e-26
-4.8367e-26,-4.8367e-26,-4.8367e-26
-4.8367e-26,-4.8367e-26,-4.8367e-26
-4.8367e-26,-4.8367e-26,-4.8367e-26
-4.8367e-26,-4.8367e-26,-4.8367e-26
-4.8367e-26,-4.8367e-26,-4.8367e-26
-4.8367e-26,-4.8367e-26,-4.8367e-26
-4.8367e-26,-4.8367e-26,-4.8367e-26
-4.8367e-26,-4.8367e-26,-4.8367e-26
-4.8367e-26,-4.8367e-26,-4.8367e-26
-4.8367e-26,-4.8367e-26,-4.8367e-26
-4.8367e-26,-4.8367e-26,-4.8367e-26
-4.8367e-26,-4.8367e-26,-4.8367e-26
-4.8367e-26,-4.8367e-26,-4.8367e-26
-4.8367e-26,-4.8367e-26,-4.8367e-26
-4.8367e-26,-4.8367e-26,-4.8367e-26
-4.8367e-26,-4.8367e-26,-4.8367e-26
-4.8367e-26,-4.8367e-26,-4.8367e-26
-4.8367e-26,-4.8367e-26,-4.8367e-26
-4.8367e-26,-4.8367e-26,-4.8367e-26
-4.8367e-26,-4.8367e-26,-4.8367e-26
-4.8367e-26,-4.8367e-26,-4.8367e-26
-4.8367e-26,-4.8367e-26,-4.8367e-26
-4.8367e-26,-4.8367e-26,-4.8367e-26
-4.8367e-26,-4.8367e-26,-4.8367e-26
-4.8367e-26,-4.8367e-26,-4.8367e-26
-4.8367e-26,-4.8367e-26,-4.8367e-26
-4.8367e-26,-4.8367e-26,-4.8367e-26
-4.8367e-26,-4.8367e-26,-4.8367e-26
-4.8367e-26,-4.8367e-26,-4.8367e-26
-4.8367e-26,-4.8367e-26,-4.8367e-26
-4.8367e-26,-4.8367e-26,-4.8367e-26
-4.8367e-26,-4.8367e-26,-4.8367e-26
-4.8367e-26,-4.8367e-26,-4.8367e-26
-4.8367e-26,-4.8367e-26,-4.8367e-26
-4.8367e-26,-4.8367e-26,-4.8367e-26
-4.8367e-26,-4.8367e-26,-4.8367e-26
-4.8367e-26,-4.8367e-26,-4.8367e-26
-4.8367e-26,-4.8367e-26,-4.8367e-26
-4.8367e-26,-4.8367e-26,-4.8367e-26
-4.8367e-26,-4.8367e-26,-4.8367e-26
-4.8367e-26,-4.8367e-26,-4.8367e-26
-4.8367e-26,-4.8367e-26,-4.8367e-26
-4.8367e-26,-4.8367e-26,-4.8367e-26
-4.8367e-26,-4.8367e-26,-4.8367e-26
-4.8367e-26,-4.8367e-26,-4.8367e-26
-4.8367e-26,-4.8367e-26,-4.8367e-26
-4.8367e-26,-4.8367e-26,-4.8367e-26
-4.8367e-26,-4.8367e-26,-4.8367e-26
-4.8367e-26,-4.8367e-26,-4.8367e-26
-4.8367e-26,-4.8367e-26,-4.8367e-26
-4.8367e-26,-4.8367e-26,-4.8367e-26
-4.8367e-26,-4.8367e-26,-4.8367e-26
-4.8367e-26,-4.8367e-26,-4.8367e-26
-4.8367e-26,-4.8367e-26,-4.8367e-26
-4.8367e-26,-4.8367e-26,-4.8367e-26
-4.8367e-26,-4.8367e-26,-4.8367e-26
-4.8367e-26,-4.8367e-26,-4.8367e-26
-4.8367e-26,-4.8367e-26,-4.8367e-26
-4.8367e-26,-4.8367e-26,-4.8367e-26
-4.8367e-26,-4.8367e-26,-4.8367e-26
-4.8367e-26,-4.8367e-26,-4.8367e-26
-4.8367e-26,-4.8367e-26,-4.8367e-26
-4.8367e-26,-4.8367e-26,-4.8367e-26
-4.8367e-26,-4.8367e-26,-4.8367e-26
-4.8367e-26,-4.8367e-26,-4.8367e-26
-4.8367e-26,-4.8367e-26,-4.8367e-26
-4.8367e-26,-4.8367e-26,-4.8367e-26
-4.8367e-26,-4.8367e-26,-4.8367e-26
-4.8367e-26,-4.8367e-26,-4.8367e-26
-4.8367e-26,-4.8367e-26,-4.8367e-26
-4.8367e-26,-4.8367e-26,-4.8367e-26
-4.8367e-26,-4.8367e-26,-4.8367e-26
-4.8367e-26,-4.8367e-26,-4.8367e-26
-4.8367e-26,-4.8367e-26,-4.8367e-26
-4.8367e-26,-4.8367e-26,-4.8367e-26
-4.8367e-26,-4.8367e-26,-4.8367e-26
-4.8367e-26,-4.8367e-26,-4.8367e-26
-4.8367e-26,-4.8367e-26,-4.8367e-26
-4.8367e-26,-4.8367e-26,-4.8367e-26
-4.8367e-26,-4.8367e-26,-4.8367e-26
-4.8367e-26,-4.8367e-26,-4.8367e-26
-4.8367e-26,-4.8367e-26,-4.8367e-26
-4.8367e-26,-4.8367e-26,-4.8367e-26
-4.8367e-26,-4.8367e-26,-4.8367e-26
-4.8367e-26,-4.8367e-26,-4.8367e-26
-4.8367e-26,-4.8367e-26,-4.8367e-26
-4.8367e-26,-4.8367e-26,-4.8367e-26
-4.8367e-26,-4.8367e-26,-4.8367e-26
-4.8367e-26,-4.8367e-26,-4.8367e-26
-4.8367e-26,-4.8367e-26,-4.8367e-26
-4.8367e-26,-4.8367e-26,-4.8367e-26
-4.8367e-26,-4.8367e-26,-4.8367e-26
-4.8367e-26,-4.8367e-26,-4.8367e-26
-4.8367e-26,-4.8367e-26,-4.8367e-26
-4.8367e-26,-4.8367e-26,-4.8367e-26
-4.8367e-26,-4.8367e-26,-4.8367e-26
-4.8367e-26,-4.8367e-26,-4.8367e-26
-4.8367e-26,-4.8367e-26,-4.8367e-26
-4.8367e-26,-4.8367e-26,-4.8367e-26
-4.8367e-26,-4.8367e-26,-4.8367e-26
-4.8367e-26,-4.8367e-26,-4.8367e-26
-4.8367e-26,-4.8367e-26,-4.8367e-26
-4.8367e-26,-4.8367e-26,-4.8367e-26
-4.8367e-26,-4.8367e-26,-4.8367e-26
-4.8367e-26,-4.8367e-26,-4.8367e-26
-4.8367e-26,-4.8367e-26,-4.8367e-26
-4.8367e-26,-4.8367e-26,-4.8367e-26
-4.8367e-26,-4.8367e-26,-4.8367e-26
-4.8367e-26,-4.8367e-26,-4.8367e-26
-4.8367e-26,-4.8367e-26,-4.8367e-26
-4.8367e-26,-4.8367e-26,-4.8367e-26
-4.8367e-26,-4.8367e-26,-4.8367e-26
-4.8367e-26,-4.8367e-26,-4.8367e-26
-4.8367e-26,-4.8367e-26,-4.8367e-26
-4.8367e-26,-4.8367e-26,-4.8367e-26
-4.8367e-26,-4.8367e-26,-4.8367e-26
-4.8367e-26,-4.8367e-26,-4.8367e-26
-4.8367e-26,-4.8367e-26,-4.8367e-26
-4.8367e-26,-4.8367e-26,-4.8367e-26
-4.8367e-26,-4.8367e-26,-4.8367e-26
-4.8367e-26,-4.8367e-26,-4.8367e-26
-4.8367e-26,-4.8367e-26,-4.8367e-26
-4.8367e-26,-4.8367e-26,-4.8367e-26
-4.8367e-26,-4.8367e-26,-4.8367e-26
-4.8367e-26,-4.8367e-26,-4.8367e-26
-4.8367e-26,-4.8367e-26,-4.8367e-26
-4.8367e-26,-4.8367e-26,-4.8367e-26
-4.8367e-26,-4.8367e-26,-4.8367e-26
-4.8367e-26,-4.8367e-26,-4.8367e-26
-4.8367e-26,-4.8367e-26,-4.8367e-26
-4.8367e-26,-4.8367e-26,-4.8367e-26
-4.8367e-26,-4.8367e-26,-4.8367e-26
-4.8367e-26,-4.8367e-26,-4.8367e-26
-4.8367e-26,-4.8367e-26,-4.8367e-26
-4.8367e-26,-4.8367e-26,-4.8367e-26
-4.8367e-26,-4.8367e-26,-4.8367e-26
-4.8367e-26,-4.8367e-26,-4.8367e-26
-4.8367e-26,-4.8367e-26,-4.8367e-26
-4.8367e-26,-4.8367e-26,-4.8367e-26
-4.8367e-26,-4.8367e-26,-4.8367e-26
-4.8367e-26,-4.8367e-26,-4.8367e-26
-4.8367e-26,-4.8367e-26,-4.8367e-26
-4.8367e-26,-4.8367e-26,-4.8367e-26
-4.8367e-26,-4.8367e-26,-4.8367e-26
-4.8367e-26,-4.8367e-26,-4.8367e-26
-4.8367e-26,-4.8367e-26,-4.8367e-26
-4.8367e-26,-4.8367e-26,-4.8367e-26
-4.8367e-26,-4.8367e-26,-4.8367e-26
-4.8367e-26,-4.8367e-26,-4.8367e-26
-4.8367e-26,-4.8367e-26,-4.8367e-26
-4.8367e-26,-4.8367e-26,-4.8367e-26
-4.8367e-26,-4.8367e-26,-4.8367e-26
-4.8367e-26,-4.8367e-26,-4.8367e-26
-4.8367e-26,-4.8367e-26,-4.8367e-26
-4.8367e-26,-4.8367e-26,-4.8367e-26
-4.8367e-26,-4.8367e-26,-4.8367e-26
-4.8367e-26,-4.8367e-26,-4.8367e-26
-4.8367e-26,-4.8367e-26,-4.8367e-26
-4.8367e-26,-4.8367e-26,-4.8367e-26
-4.8367e-26,-4.8367e-26,-4.8367e-26
-4.8367e-26,-4.8367e-26,-4.8367e-26
-4.8367e-26,-4.8367e-26,-4.8367e-26
-4.8367e-26,-4.8367e-26,-4.8367e-26
-4.8367e-26,-4.8367e-26,-4.8367e-26
-4.8367e-26,-4.8367e-26,-4.8367e-26
-4.8367e-26,-4.8367e-26,-4.8367e-26
-4.8367e-26,-4.8367e-26,-4.8367e-26
-4.8367e-26,-4.8367e-26,-4.8367e-26
-4.8367e-26,-4.8367e-26,-4.8367e-26
-4.8367e-26,-4.8367e-26,-4.8367e-26
-4.8367e-26,-4.8367e-26,-4.8367e-26
-4.8367e-26,-4.8367e-26,-4.8367e-26
-4.8367e-26,-4.8367e-26,-4.8367e-26
-4.8367e-26,-4.8367e-26,-4.8367e-26
-4.8367e-26,-4.8367e-26,-4.8367e-26
-4.8367e-26,-4.8367e-26,-4.8367e-26
-4.8367e-26,-4.8367e-26,-4.8367e-26
-4.8367e-26,-4.8367e-26,-4.8367e-26
-4.8367e-26,-4.8367e-26,-4.8367e-26
-4.8367e-26,-4.8367e-26,-4.8367e-26
-4.8367e-26,-4.8367e-26,-4.8367e-26
-4.8367e-26,-4.8367e-26,-4.8367e-26
-4.8367e-26,-4.8367e-26,-4.8367e-26
-4.8367e-26,-4.8367e-26,-4.8367e-26
-4.8367e-26,-4.8367e-26,-4.8367e-26
-4.8367e-26,-4.8367e-26,-4.8367e-26
-4.8367e-26,-4.8367e-26,-4.8367e-26
-4.8367e-26,-4.8367e-26,-4.8367e-26
-4.8367e-26,-4.8367e-26,-4.8367e-26
-4.8367e-26,-4.8367e-26,-4.8367e-26
-4.8367e-26,-4.8367e-26,-4.8367e-26
-4.8367e-26,-4.8367e-26,-4.8367e-26
-4.8367e-26,-4.8367e-26,-4.8367e-26
-4.8367e-26,-4.8367e-26,-4.8367e-26
-4.8367e-26,-4.8367e-26,-4.8367e-26
-4.8367e-26,-4.8367e-26,-4.8367e-26
-4.8367e-26,-4.8367e-26,-4.8367e-26
-4.8367e-26,-4.8367e-26,-4.8367e-26
-4.8367e-26,-4.8367e-26,-4.8367e-26
-4.8367e-26,-4.8367e-26,-4.8367e-26
-4.8367e-26,-4.8367e-26,-4.8367e-26
-4.8367e-26,-4.8367e-26,-4.8367e-26
-4.8367e-26,-4.8367e-26,-4.8367e-26
-4.8367e-26,-4.8367e-26,-4.8367e-26
-4.8367e-26,-4.8367e-26,-4.8367e-26
-4.8367e-26,-4.8367e-26,-4.8367e-26
-4.8367e-26,-4.8367e-26,-4.8367e-26
-4.8367e-26,-4.8367e-26,-4.8367e-26
-4.8367e-26,-4.8367e-26,-4.8367e-26
-4.8367e-26,-4.8367e-26,-4.8367e-26
-4.8367e-26,-4.8367e-26,-4.8367e-26
-4.8367e-26,-4.8367e-26,-4.8367e-26
-4.8367e-26,-4.8367e-26,-4.8367e-26
-4.8367e-26,-4.8367e-26,-4.8367e-26
-4.8367e-26,-4.8367e-26,-4.8367e-26
-4.8367e-26,-4.8367e-26,-4.8367e-26
-4.8367e-26,-4.8367e-26,-4.8367e-26
-4.8367e-26,-4.8367e-26,-4.8367e-26
-4.8367e-26,-4.8367e-26,-4.8367e-26
-4.8367e-26,-4.8367e-26,-4.8367e-26
-4.8367e-26,-4.8367e-26,-4.8367e-26
-4.8367e-26,-4.8367e-26,-4.8367e-26
-4.8367e-26,-4.8367e-26,-4.8367e-26
-4.8367e-26,-4.8367e-26,-4.8367e-26
-4.8367e-26,-4.8367e-26,-4.8367e-26
-4.8367e-26,-4.8367e-26,-4.8367e-26
-4.8367e-26,-4.8367e-26,-4.8367e-26
-4.8367e-26,-4.8367e-26,-4.8367e-26
-4.8367e-26,-4.8367e-26,-4.8367e-26
-4.8367e-26,-4.8367e-26,-4.8367e-26
-4.8367e-26,-4.8367e-26,-4.8367e-26
-4.8367e-26,-4.8367e-26,-4.8367e-26
-4.8367e-26,-4.8367e-26,-4.8367e-26
-4.8367e-26,-4.8367e-26,-4.8367e-26
-4.8367e-26,-4.8367e-26,-4.8367e-26
-4.8367e-26,-4.8367e-26,-4.8367e-26
-4.8367e-26,-4.8367e-26,-4.8367e-26
-4.8367e-26,-4.8367e-26,-4.8367e-26
-4.8367e-26,-4.8367e-26,-4.8367e-26
-4.8367e-26,-4.8367e-26,-4.8367e-26
-4.8367e-26,-4.8367e-26,-4.8367e-26
-4.8367e-26,-4.8367e-26,-4.8367e-26
-4.8367e-26,-4.8367e-26,-4.8367e-26
-4.8367e-26,-4.8367e-26,-4.8367e-26
-4.8367e-26,-4.8367e-26,-4.8367e-26
-4.8367e-26,-4.8367e-26,-4.8367e-26
-4.8367e-26,-4.8367e-26,-4.8367e-26
-4.8367e-26,-4.8367e-26,-4.8367e-26
-4.8367e-26,-4.8367e-26,-4.8367e-26
-4.8367e-26,-4.8367e-26,-4.8367e-26
-4.8367e-26,-4.8367e-26,-4.8367e-26
-4.8367e-26,-4.8367e-26,-4.8367e-26
-4.8367e-26,-4.8367e-26,-4.8367e-26
-4.8367e-26,-4.8367e-26,-4.8367e-26
-4.8367e-26,-4.8367e-26,-4.8367e-26
-4.8367e-26,-4.8367e-26,-4.8367e-26
-4.8367e-26,-4.8367e-26,-4.8367e-26
-4.8367e-26,-4.8367e-26,-4.8367e-26
-4.8367e-26,-4.8367e-26,-4.8367e-26
-4.8367e-26,-4.8367e-26,-4.8367e-26
-4.8367e-26,-4.8367e-26,-4.8367e-26
-4.8367e-26,-4.8367e-26,-4.8367e-26
-4.8367e-26,-4.8367e-26,-4.8367e-26
-4.8367e-26,-4.8367e-26,-4.8367e-26
-4.8367e-26,-4.8367e-26,-4.8367e-26
-4.8367e-26,-4.8367e-26,-4.8367e-26
-4.8367e-26,-4.8367e-26,-4.8367e-26
-4.8367e-26,-4.8367e-26,-4.8367e-26
-4.8367e-26,-4.8367e-26,-4.8367e-26
-4.8367e-26,-4.8367e-26,-4.8367e-26
-4.8367e-26,-4.8367e-26,-4.8367e-26
-4.8367e-26,-4.8367e-26,-4.8367e-26
-4.8367e-26,-4.8367e-26,-4.8367e-26
-4.8367e-26,-4.8367e-26,-4.8367e-26
-4.8367e-26,-4.8367e-26,-4.8367e-26
-4.8367e-26,-4.8367e-26,-4.8367e-26
-4.8367e-26,-4.8367e-26,-4.8367e-26
-4.8367e-26,-4.8367e-26,-4.8367e-26
-4.8367e-26,-4.8367e-26,-4.8367e-26
-4.8367e-26,-4.8367e-26,-4.8367e-26
-4.8367e-26,-4.8367e-26,-4.8367e-26
-4.8367e-26,-4.8367e-26,-4.8367e-26
-4.8367e-26,-4.8367e-26,-4.8367e-26
-4.8367e-26,-4.8367e-26,-4.8367e-26
-4.8367e-26,-4.8367e-26,-4.8367e-26
-4.8367e-26,-4.8367e-26,-4.8367e-26
-4.8367e-26,-4.8367e-26,-4.8367e-26
-4.8367e-26,-4.8367e-26,-4.8367e-26
-4.8367e-26,-4.8367e-26,-4.8367e-26
-4.8367e-26,-4.8367e-26,-4.8367e-26
-4.8367e-26,-4.8367e-26,-4.8367e-26
-4.8367e-26,-4.8367e-26,-4.8367e-26
-4.8367e-26,-4.8367e-26,-4.8367e-26
-4.8367e-26,-4.8367e-26,-4.8367e-26
-4.8367e-26,-4.8367e-26,-4.8367e-26
-4.8367e-26,-4.8367e-26,-4.8367e-26
-4.8367e-26,-4.8367e-26,-4.8367e-26
-4.8367e-26,-4.8367e-26,-4.8367e-26
-4.8367e-26,-4.8367e-26,-4.8367e-26
-4.8367e-26,-4.8367e-26,-4.8367e-26
-4.8367e-26,-4.8367e-26,-4.8367e-26
-4.8367e-26,-4.8367e-26,-4.8367e-26
-4.8367e-26,-4.8367e-26,-4.8367e-26
-4.8367e-26,-4.8367e-26,-4.8367e-26
-4.8367e-26,-4.8367e-26,-4.8367e-26
-4.8367e-26,-4.8367e-26,-4.8367e-26
-4.8367e-26,-4.8367e-26,-4.8367e-26
-4.8367e-26,-4.8367e-26,-4.8367e-26
-4.8367e-26,-4.8367e-26,-4.8367e-26
-4.8367e-26,-4.8367e-26,-4.8367e-26
-4.8367e-26,-4.8367e-26,-4.8367e-26
-4.8367e-26,-4.8367e-26,-4.8367e-26
-4.8367e-26,-4.8367e-26,-4.8367e-26
-4.8367e-26,-4.8367e-26,-4.8367e-26
-4.8367e-26,-4.8367e-26,-4.8367e-26
-4.8367e-26,-4.8367e-26,-4.8367e-26
-4.8367e-26,-4.8367e-26,-4.8367e-26
-4.8367e-26,-4.8367e-26,-4.8367e-26
-4.8367e-26,-4.8367e-26,-4.8367e-26
-4.8367e-26,-4.8367e-26,-4.8367e-26
-4.8367e-26,-4.8367e-26,-4.8367e-26
-4.8367e-26,-4.8367e-26,-4.8367e-26
-4.8367e-26,-4.8367e-26,-4.8367e-26
-4.8367e-26,-4.8367e-26,-4.8367e-26
-4.8367e-26,-4.8367e-26,-4.8367e-26
-4.8367e-26,-4.8367e-26,-4.8367e-26
-4.8367e-26,-4.8367e-26,-4.8367e-26
-4.8367e-26,-4.8367e-26,-4.8367e-26
-4.8367e-26,-4.8367e-26,-4.8367e-26
-4.8367e-26,-4.8367e-26,-4.8367e-26
-4.8367e-26,-4.8367e-26,-4.8367e-26
-4.8367e-26,-4.8367e-26,-4.8367e-26
-4.8367e-26,-4.8367e-26,-4.8367e-26
-4.8367e-26,-4.8367e-26,-4.8367e-26
-4.8367e-26,-4.8367e-26,-4.8367e-26
-4.8367e-26,-4.8367e-26,-4.8367e-26
-4.8367e-26,-4.8367e-26,-4.8367e-26
-4.8367e-26,-4.8367e-26,-4.8367e-26
-4.8367e-26,-4.8367e-26,-4.8367e-26
-4.8367e-26,-4.8367e-26,-4.8367e-26
-4.8367e-26,-4.8367e-26,-4.8367e-26
-4.8367e-26,-4.8367e-26,-4.8367e-26
-4.8367e-26,-4.8367e-26,-4.8367e-26
-4.8367e-26,-4.8367e-26,-4.8367e-26
-4.8367e-26,-4.8367e-26,-4.8367e-26
-4.8367e-26,-4.8367e-26,-4.8367e-26
-4.8367e-26,-4.8367e-26,-4.8367e-26
-4.8367e-26,-4.8367e-26,-4.8367e-26
-4.8367e-26,-4.8367e-26,-4.8367e-26
-4.8367e-26,-4.8367e-26,-4.8367e-26
-4.8367e-26,-4.8367e-26,-4.8367e-26
-4.8367e-26,-4.8367e-26,-4.8367e-26
-4.8367e-26,-4.8367e-26,-4.8367e-26
-4.8367e-26,-4.8367e-26,-4.8367e-26
-4.8367e-26,-4.8367e-26,-4.8367e-26
-4.8367e-26,-4.8367e-26,-4.8367e-26
-4.8367e-26,-4.8367e-26,-4.8367e-26
-4.8367e-26,-4.8367e-26,-4.8367e-26
-4.8367e-26,-4.8367e-26,-4.8367e-26
-4.8367e-26,-4.8367e-26,-4.8367e-26
-4.8367e-26,-4.8367e-26,-4.8367e-26
-4.8367e-26,-4.8367e-26,-4.8367e-26
-4.8367e-26,-4.8367e-26,-4.8367e-26
-4.8367e-26,-4.8367e-26,-4.8367e-26
-4.8367e-26,-4.8367e-26,-4.8367e-26
-4.8367e-26,-4.8367e-26,-4.8367e-26
-4.8367e-26,-4.8367e-26,-4.8367e-26
-4.8367e-26,-4.8367e-26,-4.8367e-26
-4.8367e-26,-4.8367e-26,-4.8367e-26
-4.8367e-26,-4.8367e-26,-4.8367e-26
-4.8367e-26,-4.8367e-26,-4.8367e-26
-4.8367e-26,-4.8367e-26,-4.8367e-26
-4.8367e-26,-4.8367e-26,-4.8367e-26
-4.8367e-26,-4.8367e-26,-4.8367e-26
-4.8367e-26,-4.8367e-26,-4.8367e-26
-4.8367e-26,-4.8367e-26,-4.8367e-26
-4.8367e-26,-4.8367e-26,-4.8367e-26
-4.8367e-26,-4.8367e-26,-4.8367e-26
-4.8367e-26,-4.8367e-26,-4.8367e-26
-4.8367e-26,-4.8367e-26,-4.8367e-26
-4.8367e-26,-4.8367e-26,-4.8367e-26
-4.8367e-26,-4.8367e-26,-4.8367e-26
-4.8367e-26,-4.8367e-26,-4.8367e-26
-4.8367e-26,-4.8367e-26,-4.8367e-26
-4.8367e-26,-4.8367e-26,-4.8367e-26
-4.8367e-26,-4.8367e-26,-4.8367e-26
-4.8367e-26,-4.8367e-26,-4.8367e-26
-4.8367e-26,-4.8367e-26,-4.8367e-26
-4.8367e-26,-4.8367e-26,-4.8367e-26
-4.8367e-26,-4.8367e-26,-4.8367e-26
-4.8367e-26,-4.8367e-26,-4.8367e-26
-4.8367e-26,-4.8367e-26,-4.8367e-26
-4.8367e-26,-4.8367e-26,-4.8367e-26
-4.8367e-26,-4.8367e-26,-4.8367e-26
-4.8367e-26,-4.8367e-26,-4.8367e-26
-4.8367e-26,-4.8367e-26,-4.8367e-26
-4.8367e-26,-4.8367e-26,-4.8367e-26
-4.8367e-26,-4.8367e-26,-4.8367e-26
-4.8367e-26,-4.8367e-26,-4.8367e-26
-4.8367e-26,-4.8367e-26,-4.8367e-26
-4.8367e-26,-4.8367e-26,-4.8367e-26
-4.8367e-26,-4.8367e-26,-4.8367e-26
-4.8367e-26,-4.8367e-26,-4.8367e-26
-4.8367e-26,-4.8367e-26,-4.8367e-26
-4.8367e-26,-4.8367e-26,-4.8367e-26
-4.8367e-26,-4.8367e-26,-4.8367e-26
-4.8367e-26,-4.8367e-26,-4.8367e-26
-4.8367e-26,-4.8367e-26,-4.8367e-26
-4.8367e-26,-4.8367e-26,-4.8367e-26
-4.8367e-26,-4.8367e-26,-4.8367e-26
-4.8367e-26,-4.8367e-26,-4.8367e-26
-4.8367e-26,-4.8367e-26,-4.8367e-26
-4.8367e-26,-4.8367e-26,-4.8367e-26
-4.8367e-26,-4.8367e-26,-4.8367e-26
-4.8367e-26,-4.8367e-26,-4.8367e-26
-4.8367e-26,-4.8367e-26,-4.8367e-26
-4.8367e-26,-4.8367e-26,-4.8367e-26
-4.8367e-26,-4.8367e-26,-4.8367e-26
-4.8367e-26,-4.8367e-26,-4.8367e-26
-4.8367e-26,-4.8367e-26,-4.8367e-26
-4.8367e-26,-4.8367e-26,-4.8367e-26
-4.8367e-26,-4.8367e-26,-4.8367e-26
-4.8367e-26,-4.8367e-26,-4.8367e-26
-4.8367e-26,-4.8367e-26,-4.8367e-26
-4.8367e-26,-4.8367e-26,-4.8367e-26
-4.8367e-26,-4.8367e-26,-4.8367e-26
-4.8367e-26,-4.8367e-26,-4.8367e-26
-4.8367e-26,-4.8367e-26,-4.8367e-26
-4.8367e-26,-4.8367e-26,-4.8367e-26
-4.8367e-26,-4.8367e-26,-4.8367e-26
-4.8367e-26,-4.8367e-26,-4.8367e-26
-4.8367e-26,-4.8367e-26,-4.8367e-26
-4.8367e-26,-4.8367e-26,-4.8367e-26
-4.8367e-26,-4.8367e-26,-4.8367e-26
-4.8367e-26,-4.8367e-26,-4.8367e-26
-4.8367e-26,-4.8367e-26,-4.8367e-26
-4.8367e-26,-4.8367e-26,-4.8367e-26
-4.8367e-26,-4.8367e-26,-4.8367e-26
-4.8367e-26,-4.8367e-26,-4.8367e-26
-4.8367e-26,-4.8367e-26,-4.8367e-26
-4.8367e-26,-4.8367e-26,-4.8367e-26
-4.8367e-26,-4.8367e-26,-4.8367e-26
-4.8367e-26,-4.8367e-26,-4.8367e-26
-4.8367e-26,-4.8367e-26,-4.8367e-26
-4.8367e-26,-4.8367e-26,-4.8367e-26
-4.8367e-26,-4.8367e-26,-4.8367e-26
-4.8367e-26,-4.8367e-26,-4.8367e-26
-4.8367e-26,-4.8367e-26,-4.8367e-26
-4.8367e-26,-4.8367e-26,-4.8367e-26
-4.8367e-26,-4.8367e-26,-4.8367e-26
-4.8367e-26,-4.8367e-26,-4.8367e-26
-4.8367e-26,-4.8367e-26,-4.8367e-26
-4.8367e-26,-4.8367e-26,-4.8367e-26
-4.8367e-26,-4.8367e-26,-4.8367e-26
-4.8367e-26,-4.8367e-26,-4.8367e-26
-4.8367e-26,-4.8367e-26,-4.8367e-26
-4.8367e-26,-4.8367e-26,-4.8367e-26
-4.8367e-26,-4.8367e-26,-4.8367e-26
-4.8367e-26,-4.8367e-26,-4.8367e-26
-4.8367e-26,-4.8367e-26,-4.8367e-26
-4.8367e-26,-4.8367e-26,-4.8367e-26
-4.8367e-26,-4.8367e-26,-4.8367e-26
-4.8367e-26,-4.8367e-26,-4.8367e-26
-4.8367e-26,-4.8367e-26,-4.8367e-26
-4.8367e-26,-4.8367e-26,-4.8367e-26
-4.8367e-26,-4.8367e-26,-4.8367e-26
-4.8367e-26,-4.8367e-26,-4.8367e-26
-4.8367e-26,-4.8367e-26,-4.8367e-26
-4.8367e-26,-4.8367e-26,-4.8367e-26
-4.8367e-26,-4.8367e-26,-4.8367e-26
-4.8367e-26,-4.8367e-26,-4.8367e-26
-4.8367e-26,-4.8367e-26,-4.8367e-26
-4.8367e-26,-4.8367e-26,-4.8367e-26
-4.8367e-26,-4.8367e-26,-4.8367e-26
-4.8367e-26,-4.8367e-26,-4.8367e-26
-4.8367e-26,-4.8367e-26,-4.8367e-26
-4.8367e-26,-4.8367e-26,-4.8367e-26
-4.8367e-26,-4.8367e-26,-4.8367e-26
-4.8367e-26,-4.8367e-26,-4.8367e-26
-4.8367e-26,-4.8367e-26,-4.8367e-26
-4.8367e-26,-4.8367e-26,-4.8367e-26
-4.8367e-26,-4.8367e-26,-4.8367e-26
-4.8367e-26,-4.8367e-26,-4.8367e-26
-4.8367e-26,-4.8367e-26,-4.8367e-26
-4.8367e-26,-4.8367e-26,-4.8367e-26
-4.8367e-26,-4.8367e-26,-4.8367e-26
-4.8367e-26,-4.8367e-26,-4.8367e-26
-4.8367e-26,-4.8367e-26,-4.8367e-26
-4.8367e-26,-4.8367e-26,-4.8367e-26
-4.8367e-26,-4.8367e-26,-4.8367e-26
-4.8367e-26,-4.8367e-26,-4.8367e-26
-4.8367e-26,-4.8367e-26,-4.8367e-26
-4.8367e-26,-4.8367e-26,-4.8367e-26
-4.8367e-26,-4.8367e-26,-4.8367e-26
-4.8367e-26,-4.8367e-26,-4.8367e-26
-4.8367e-26,-4.8367e-26,-4.8367e-26
-4.8367e-26,-4.8367e-26,-4.8367e-26
-4.8367e-26,-4.8367e-26,-4.8367e-26
-4.8367e-26,-4.8367e-26,-4.8367e-26
-4.8367e-26,-4.8367e-26,-4.8367e-26
-4.8367e-26,-4.8367e-26,-4.8367e-26
-4.8367e-26,-4.8367e-26,-4.8367e-26
-4.8367e-26,-4.8367e-26,-4.8367e-26
-4.8367e-26,-4.8367e-26,-4.8367e-26
-4.8367e-26,-4.8367e-26,-4.8367e-26
-4.8367e-26,-4.8367e-26,-4.8367e-26
-4.8367e-26,-4.8367e-26,-4.8367e-26
-4.8367e-26,-4.8367e-26,-4.8367e-26
-4.8367e-26,-4.8367e-26,-4.8367e-26
-4.8367e-26,-4.8367e-26,-4.8367e-26
-4.8367e-26,-4.8367e-26,-4.8367e-26
-4.8367e-26,-4.8367e-26,-4.8367e-26
-4.8367e-26,-4.8367e-26,-4.8367e-26
-4.8367e-26,-4.8367e-26,-4.8367e-26
-4.8367e-26,-4.8367e-26,-4.8367e-26
-4.8367e-26,-4.8367e-26,-4.8367e-26
-4.8367e-26,-4.8367e-26,-4.8367e-26
-4.8367e-26,-4.8367e-26,-4.8367e-26
-4.8367e-26,-4.8367e-26,-4.8367e-26
-4.8367e-26,-4.8367e-26,-4.8367e-26
-4.8367e-26,-4.8367e-26,-4.8367e-26
-4.8367e-26,-4.8367e-26,-4.8367e-26
-4.8367e-26,-4.8367e-26,-4.8367e-26
-4.8367e-26,-4.8367e-26,-4.8367e-26
-4.8367e-26,-4.8367e-26,-4.8367e-26
-4.8367e-26,-4.8367e-26,-4.8367e-26
-4.8367e-26,-4.8367e-26,-4.8367e-26
-4.8367e-26,-4.8367e-26,-4.8367e-26
-4.8367e-26,-4.8367e-26,-4.8367e-26
-4.8367e-26,-4.8367e-26,-4.8367e-26
-4.8367e-26,-4.8367e-26,-4.8367e-26
-4.8367e-26,-4.8367e-26,-4.8367e-26
-4.8367e-26,-4.8367e-26,-4.8367e-26
-4.8367e-26,-4.8367e-26,-4.8367e-26
-4.8367e-26,-4.8367e-26,-4.8367e-26
-4.8367e-26,-4.8367e-26,-4.8367e-26
-4.8367e-26,-4.8367e-26,-4.8367e-26
-4.8367e-26,-4.8367e-26,-4.8367e-26
-4.8367e-26,-4.8367e-26,-4.8367e-26
-4.8367e-26,-4.8367e-26,-4.8367e-26
-4.8367e-26,-4.8367e-26,-4.8367e-26
-4.8367e-26,-4.8367e-26,-4.8367e-26
-4.8367e-26,-4.8367e-26,-4.8367e-26
-4.8367e-26,-4.8367e-26,-4.8367e-26
-4.8367e-26,-4.8367e-26,-4.8367e-26
-4.8367e-26,-4.8367e-26,-4.8367e-26
-4.8367e-26,-4.8367e-26,-4.8367e-26
-4.8367e-26,-4.8367e-26,-4.8367e-26
-4.8367e-26,-4.8367e-26,-4.8367e-26
-4.8367e-26,-4.8367e-26,-4.8367e-26
-4.8367e-26,-4.8367e-26,-4.8367e-26
-4.8367e-26,-4.8367e-26,-4.8367e-26
-4.8367e-26,-4.8367e-26,-4.8367e-26
-4.8367e-26,-4.8367e-26,-4.8367e-26
-4.8367e-26,-4.8367e-26,-4.8367e-26
-4.8367e-26,-4.8367e-26,-4.8367e-26
-4.8367e-26,-4.8367e-26,-4.8367e-26
-4.8367e-26,-4.8367e-26,-4.8367e-26
-4.8367e-26,-4.8367e-26,-4.8367e-26
-4.8367e-26,-4.8367e-26,-4.8367e-26
-4.8367e-26,-4.8367e-26,-4.8367e-26
-4.8367e-26,-4.8367e-26,-4.8367e-26
-4.8367e-26,-4.8367e-26,-4.8367e-26
-4.8367e-26,-4.8367e-26,-4.8367e-26
-4.8367e-26,-4.8367e-26,-4.8367e-26
-4.8367e-26,-4.8367e-26,-4.8367e-26
-4.8367e-26,-4.8367e-26,-4.8367e-26
-4.8367e-26,-4.8367e-26,-4.8367e-26
-4.8367e-26,-4.8367e-26,-4.8367e-26
-4.8367e-26,-4.8367e-26,-4.8367e-26
-4.8367e-26,-4.8367e-26,-4.8367e-26
-4.8367e-26,-4.8367e-26,-4.8367e-26
-4.8367e-26,-4.8367e-26,-4.8367e-26
-4.8367e-26,-4.8367e-26,-4.8367e-26
-4.8367e-26,-4.8367e-26,-4.8367e-26
-4.8367e-26,-4.8367e-26,-4.8367e-26
-4.8367e-26,-4.8367e-26,-4.8367e-26
-4.8367e-26,-4.8367e-26,-4.8367e-26
-4.8367e-26,-4.8367e-26,-4.8367e-26
-4.8367e-26,-4.8367e-26,-4.8367e-26
-4.8367e-26,-4.8367e-26,-4.8367e-26
-4.8367e-26,-4.8367e-26,-4.8367e-26
-4.8367e-26,-4.8367e-26,-4.8367e-26
-4.8367e-26,-4.8367e-26,-4.8367e-26
-4.8367e-26,-4.8367e-26,-4.8367e-26
-4.8367e-26,-4.8367e-26,-4.8367e-26
-4.8367e-26,-4.8367e-26,-4.8367e-26
-4.8367e-26,-4.8367e-26,-4.8367e-26
-4.8367e-26,-4.8367e-26,-4.8367e-26
-4.8367e-26,-4.8367e-26,-4.8367e-26
-4.8367e-26,-4.8367e-26,-4.8367e-26
-4.8367e-26,-4.8367e-26,-4.8367e-26
-4.8367e-26,-4.8367e-26,-4.8367e-26
-4.8367e-26,-4.8367e-26,-4.8367e-26
-4.8367e-26,-4.8367e-26,-4.8367e-26
-4.8367e-26,-4.8367e-26,-4.8367e-26
-4.8367e-26,-4.8367e-26,-4.8367e-26
-4.8367e-26,-4.8367e-26,-4.8367e-26
-4.8367e-26,-4.8367e-26,-4.8367e-26
-4.8367e-26,-4.8367e-26,-4.8367e-26
-4.8367e-26,-4.8367e-26,-4.8367e-26
-4.8367e-26,-4.8367e-26,-4.8367e-26
-4.8367e-26,-4.8367e-26,-4.8367e-26
-4.8367e-26,-4.8367e-26,-4.8367e-26
-4.8367e-26,-4.8367e-26,-4.8367e-26
-4.8367e-26,-4.8367e-26,-4.8367e-26
-4.8367e-26,-4.8367e-26,-4.8367e-26
-4.8367e-26,-4.8367e-26,-4.8367e-26
-4.8367e-26,-4.8367e-26,-4.8367e-26
-4.8367e-26,-4.8367e-26,-4.8367e-26
-4.8367e-26,-4.8367e-26,-4.8367e-26
-4.8367e-26,-4.8367e-26,-4.8367e-26
-4.8367e-26,-4.8367e-26,-4.8367e-26
-4.8367e-26,-4.8367e-26,-4.8367e-26
-4.8367e-26,-4.8367e-26,-4.8367e-26
-4.8367e-26,-4.8367e-26,-4.8367e-26
-4.8367e-26,-4.8367e-26,-4.8367e-26
-4.8367e-26,-4.8367e-26,-4.8367e-26
-4.8367e-26,-4.8367e-26,-4.8367e-26
-4.8367e-26,-4.8367e-26,-4.8367e-26
-4.8367e-26,-4.8367e-26,-4.8367e-26
-4.8367e-26,-4.8367e-26,-4.8367e-26
-4.8367e-26,-4.8367e-26,-4.8367e-26
-4.8367e-26,-4.8367e-26,-4.8367e-26
-4.8367e-26,-4.8367e-26,-4.8367e-26
-4.8367e-26,-4.8367e-26,-4.8367e-26
-4.8367e-26,-4.8367e-26,-4.8367e-26
-4.8367e-26,-4.8367e-26,-4.8367e-26
-4.8367e-26,-4.8367e-26,-4.8367e-26
-4.8367e-26,-4.8367e-26,-4.8367e-26
-4.8367e-26,-4.8367e-26,-4.8367e-26
-4.8367e-26,-4.8367e-26,-4.8367e-26
-4.8367e-26,-4.8367e-26,-4.8367e-26
-4.8367e-26,-4.8367e-26,-4.8367e-26
-4.8367e-26,-4.8367e-26,-4.8367e-26
-4.8367e-26,-4.8367e-26,-4.8367e-26
-4.8367e-26,-4.8367e-26,-4.8367e-26
-4.8367e-26,-4.8367e-26,-4.8367e-26
-4.8367e-26,-4.8367e-26,-4.8367e-26
-4.8367e-26,-4.8367e-26,-4.8367e-26
-4.8367e-26,-4.8367e-26,-4.8367e-26
-4.8367e-26,-4.8367e-26,-4.8367e-26
-4.8367e-26,-4.8367e-26,-4.8367e-26
-4.8367e-26,-4.8367e-26,-4.8367e-26
-4.8367e-26,-4.8367e-26,-4.8367e-26
-4.8367e-26,-4.8367e-26,-4.8367e-26
-4.8367e-26,-4.8367e-26,-4.8367e-26
-4.8367e-26,-4.8367e-26,-4.8367e-26
-4.8367e-26,-4.8367e-26,-4.8367e-26
-4.8367e-26,-4.8367e-26,-4.8367e-26
-4.8367e-26,-4.8367e-26,-4.8367e-26
-4.8367e-26,-4.8367e-26,-4.8367e-26
-4.8367e-26,-4.8367e-26,-4.8367e-26
-4.8367e-26,-4.8367e-26,-4.8367e-26
-4.8367e-26,-4.8367e-26,-4.8367e-26
-4.8367e-26,-4.8367e-26,-4.8367e-26
-4.8367e-26,-4.8367e-26,-4.8367e-26
-4.8367e-26,-4.8367e-26,-4.8367e-26
-4.8367e-26,-4.8367e-26,-4.8367e-26
-4.8367e-26,-4.8367e-26,-4.8367e-26
-4.8367e-26,-4.8367e-26,-4.8367e-26
-4.8367e-26,-4.8367e-26,-4.8367e-26
-4.8367e-26,-4.8367e-26,-4.8367e-26
-4.8367e-26,-4.8367e-26,-4.8367e-26
-4.8367e-26,-4.8367e-26,-4.8367e-26
-4.8367e-26,-4.8367e-26,-4.8367e-26
-4.8367e-26,-4.8367e-26,-4.8367e-26
-4.8367e-26,-4.8367e-26,-4.8367e-26
-4.8367e-26,-4.8367e-26,-4.8367e-26
-4.8367e-26,-4.8367e-26,-4.8367e-26
-4.8367e-26,-4.8367e-26,-4.8367e-26
-4.8367e-26,-4.8367e-26,-4.8367e-26
-4.8367e-26,-4.8367e-26,-4.8367e-26
-4.8367e-26,-4.8367e-26,-4.8367e-26
-4.8367e-26,-4.8367e-26,-4.8367e-26
-4.8367e-26,-4.8367e-26,-4.8367e-26
-4.8367e-26,-4.8367e-26,-4.8367e-26
-4.8367e-26,-4.8367e-26,-4.8367e-26
-4.8367e-26,-4.8367e-26,-4.8367e-26
-4.8367e-26,-4.8367e-26,-4.8367e-26
-4.8367e-26,-4.8367e-26,-4.8367e-26
-4.8367e-26,-4.8367e-26,-4.8367e-26
-4.8367e-26,-4.8367e-26,-4.8367e-26
-4.8367e-26,-4.8367e-26,-4.8367e-26
-4.8367e-26,-4.8367e-26,-4.8367e-26
-4.8367e-26,-4.8367e-26,-4.8367e-26
-4.8367e-26,-4.8367e-26,-4.8367e-26
-4.8367e-26,-4.8367e-26,-4.8367e-26
-4.8367e-26,-4.8367e-26,-4.8367e-26
-4.8367e-26,-4.8367e-26,-4.8367e-26
-4.8367e-26,-4.8367e-26,-4.8367e-26
-4.8367e-26,-4.8367e-26,-4.8367e-26
-4.8367e-26,-4.8367e-26,-4.8367e-26
-4.8367e-26,-4.8367e-26,-4.8367e-26
-4.8367e-26,-4.8367e-26,-4.8367e-26
-4.8367e-26,-4.8367e-26,-4.8367e-26
-4.8367e-26,-4.8367e-26,-4.8367e-26
-4.8367e-26,-4.8367e-26,-4.8367e-26
-4.8367e-26,-4.8367e-26,-4.8367e-26
-4.8367e-26,-4.8367e-26,-4.8367e-26
-4.8367e-26,-4.8367e-26,-4.8367e-26
-4.8367e-26,-4.8367e-26,-4.8367e-26
-4.8367e-26,-4.8367e-26,-4.8367e-26
-4.8367e-26,-4.8367e-26,-4.8367e-26
-4.8367e-26,-4.8367e-26,-4.8367e-26
-4.8367e-26,-4.8367e-26,-4.8367e-26
-4.8367e-26,-4.8367e-26,-4.8367e-26
-4.8367e-26,-4.8367e-26,-4.8367e-26
-4.8367e-26,-4.8367e-26,-4.8367e-26
-4.8367e-26,-4.8367e-26,-4.8367e-26
-4.8367e-26,-4.8367e-26,-4.8367e-26
-4.8367e-26,-4.8367e-26,-4.8367e-26
