999.103,1.57079,0.00162078
998.104,1.57078,0.00167087
997.105,1.57077,0.00172105
996.106,1.57076,0.00177134
995.108,1.57075,0.00182172
994.109,1.57074,0.00187221
993.11,1.57073,0.0019228
992.112,1.57072,0.00197349
991.113,1.57071,0.00202429
990.114,1.5707,0.00207518
989.116,1.57069,0.00212618
988.117,1.57068,0.00217728
987.118,1.57066,0.00222849
986.12,1.57065,0.0022798
985.121,1.57064,0.00233121
984.122,1.57063,0.00238273
983.124,1.57062,0.00243435
982.125,1.57061,0.00248608
981.126,1.5706,0.00253791
980.128,1.57059,0.00258985
979.129,1.57058,0.00264189
978.13,1.57057,0.00269404
977.132,1.57056,0.0027463
976.133,1.57055,0.00279866
975.134,1.57054,0.00285113
974.136,1.57053,0.00290371
973.137,1.57052,0.0029564
972.139,1.57051,0.00300919
971.14,1.5705,0.00306209
970.141,1.57049,0.0031151
969.143,1.57048,0.00316823
968.144,1.57047,0.00322146
967.145,1.57046,0.0032748
966.147,1.57044,0.00332825
965.148,1.57043,0.00338181
964.15,1.57042,0.00343548
963.151,1.57041,0.00348926
962.152,1.5704,0.00354316
961.154,1.57039,0.00359717
960.155,1.57038,0.00365129
959.157,1.57037,0.00370552
958.158,1.57036,0.00375986
957.159,1.57035,0.00381432
956.161,1.57034,0.00386889
955.162,1.57033,0.00392358
954.164,1.57031,0.00397838
953.165,1.5703,0.0040333
952.167,1.57029,0.00408833
951.168,1.57028,0.00414347
950.169,1.57027,0.00419874
949.171,1.57026,0.00425411
948.172,1.57025,0.00430961
947.174,1.57024,0.00436522
946.175,1.57023,0.00442095
945.177,1.57022,0.0044768
944.178,1.5702,0.00453276
943.179,1.57019,0.00458885
942.181,1.57018,0.00464505
941.182,1.57017,0.00470137
940.184,1.57016,0.00475781
939.185,1.57015,0.00481437
938.187,1.57014,0.00487105
937.188,1.57012,0.00492786
936.19,1.57011,0.00498478
935.191,1.5701,0.00504183
934.193,1.57009,0.00509899
933.194,1.57008,0.00515628
932.196,1.57007,0.00521369
931.197,1.57006,0.00527123
930.199,1.57004,0.00532889
929.2,1.57003,0.00538667
928.202,1.57002,0.00544458
927.203,1.57001,0.00550261
926.205,1.57,0.00556077
925.206,1.56999,0.00561905
924.208,1.56997,0.00567746
923.209,1.56996,0.00573599
922.211,1.56995,0.00579465
921.212,1.56994,0.00585344
920.214,1.56993,0.00591235
919.215,1.56992,0.0059714
918.217,1.5699,0.00603057
917.218,1.56989,0.00608987
916.22,1.56988,0.0061493
915.222,1.56987,0.00620886
914.223,1.56986,0.00626855
913.225,1.56984,0.00632837
912.226,1.56983,0.00638832
911.228,1.56982,0.00644841
910.229,1.56981,0.00650862
909.231,1.5698,0.00656897
908.232,1.56978,0.00662945
907.234,1.56977,0.00669006
906.236,1.56976,0.0067508
905.237,1.56975,0.00681168
904.239,1.56974,0.0068727
903.24,1.56972,0.00693385
902.242,1.56971,0.00699513
901.243,1.5697,0.00705655
900.245,1.56969,0.00711811
899.247,1.56967,0.0071798
898.248,1.56966,0.00724163
897.25,1.56965,0.0073036
896.252,1.56964,0.0073657
895.253,1.56962,0.00742795
894.255,1.56961,0.00749033
893.256,1.5696,0.00755285
892.258,1.56959,0.00761552
891.26,1.56957,0.00767832
890.261,1.56956,0.00774126
889.263,1.56955,0.00780435
888.265,1.56954,0.00786758
887.266,1.56952,0.00793094
886.268,1.56951,0.00799446
885.269,1.5695,0.00805811
884.271,1.56949,0.00812191
883.273,1.56947,0.00818585
882.274,1.56946,0.00824994
881.276,1.56945,0.00831417
880.278,1.56943,0.00837855
879.279,1.56942,0.00844308
878.281,1.56941,0.00850775
877.283,1.5694,0.00857257
876.284,1.56938,0.00863753
875.286,1.56937,0.00870265
874.288,1.56936,0.00876791
873.29,1.56934,0.00883332
872.291,1.56933,0.00889888
871.293,1.56932,0.00896459
870.295,1.5693,0.00903046
869.296,1.56929,0.00909647
868.298,1.56928,0.00916264
867.3,1.56926,0.00922895
866.302,1.56925,0.00929542
865.303,1.56924,0.00936205
864.305,1.56922,0.00942883
863.307,1.56921,0.00949576
862.308,1.5692,0.00956285
861.31,1.56918,0.00963009
860.312,1.56917,0.00969749
859.314,1.56916,0.00976504
858.315,1.56914,0.00983276
857.317,1.56913,0.00990063
856.319,1.56912,0.00996865
855.321,1.5691,0.0100368
854.323,1.56909,0.0101052
853.324,1.56908,0.0101737
852.326,1.56906,0.0102424
851.328,1.56905,0.0103112
850.33,1.56903,0.0103802
849.331,1.56902,0.0104493
848.333,1.56901,0.0105186
847.335,1.56899,0.0105881
846.337,1.56898,0.0106578
845.339,1.56896,0.0107276
844.34,1.56895,0.0107975
843.342,1.56894,0.0108677
842.344,1.56892,0.010938
841.346,1.56891,0.0110084
840.348,1.56889,0.0110791
839.35,1.56888,0.0111499
838.351,1.56887,0.0112209
837.353,1.56885,0.011292
836.355,1.56884,0.0113633
835.357,1.56882,0.0114348
834.359,1.56881,0.0115064
833.361,1.56879,0.0115783
832.363,1.56878,0.0116503
831.364,1.56877,0.0117224
830.366,1.56875,0.0117948
829.368,1.56874,0.0118673
828.37,1.56872,0.01194
827.372,1.56871,0.0120129
826.374,1.56869,0.0120859
825.376,1.56868,0.0121591
824.378,1.56866,0.0122325
823.38,1.56865,0.0123061
822.382,1.56863,0.0123799
821.383,1.56862,0.0124538
820.385,1.5686,0.0125279
819.387,1.56859,0.0126022
818.389,1.56858,0.0126767
817.391,1.56856,0.0127513
816.393,1.56855,0.0128262
815.395,1.56853,0.0129012
814.397,1.56852,0.0129764
813.399,1.5685,0.0130518
812.401,1.56848,0.0131274
811.403,1.56847,0.0132031
810.405,1.56845,0.0132791
809.407,1.56844,0.0133552
808.409,1.56842,0.0134315
807.411,1.56841,0.013508
806.413,1.56839,0.0135847
805.415,1.56838,0.0136616
804.417,1.56836,0.0137387
803.419,1.56835,0.013816
802.421,1.56833,0.0138935
801.423,1.56832,0.0139711
800.425,1.5683,0.014049
799.427,1.56828,0.014127
798.429,1.56827,0.0142053
797.431,1.56825,0.0142837
796.433,1.56824,0.0143623
795.435,1.56822,0.0144412
794.437,1.56821,0.0145202
793.439,1.56819,0.0145994
792.441,1.56817,0.0146788
791.443,1.56816,0.0147585
790.445,1.56814,0.0148383
789.447,1.56813,0.0149183
788.449,1.56811,0.0149986
787.452,1.56809,0.015079
786.454,1.56808,0.0151596
785.456,1.56806,0.0152405
784.458,1.56805,0.0153215
783.46,1.56803,0.0154028
782.462,1.56801,0.0154843
781.464,1.568,0.0155659
780.466,1.56798,0.0156478
779.468,1.56796,0.0157299
778.471,1.56795,0.0158122
777.473,1.56793,0.0158947
776.475,1.56791,0.0159774
775.477,1.5679,0.0160604
774.479,1.56788,0.0161435
773.481,1.56786,0.0162269
772.483,1.56785,0.0163105
771.486,1.56783,0.0163943
770.488,1.56781,0.0164783
769.49,1.5678,0.0165625
768.492,1.56778,0.016647
767.494,1.56776,0.0167316
766.497,1.56775,0.0168165
765.499,1.56773,0.0169016
764.501,1.56771,0.016987
763.503,1.5677,0.0170725
762.505,1.56768,0.0171583
761.508,1.56766,0.0172443
760.51,1.56764,0.0173306
759.512,1.56763,0.017417
758.514,1.56761,0.0175037
757.517,1.56759,0.0175906
756.519,1.56757,0.0176778
755.521,1.56756,0.0177651
754.523,1.56754,0.0178527
753.526,1.56752,0.0179406
752.528,1.5675,0.0180286
751.53,1.56749,0.0181169
750.533,1.56747,0.0182055
749.535,1.56745,0.0182942
748.537,1.56743,0.0183833
747.539,1.56742,0.0184725
746.542,1.5674,0.018562
745.544,1.56738,0.0186517
744.546,1.56736,0.0187417
743.549,1.56734,0.0188319
742.551,1.56733,0.0189223
741.554,1.56731,0.019013
740.556,1.56729,0.019104
739.558,1.56727,0.0191951
738.561,1.56725,0.0192866
737.563,1.56723,0.0193782
736.565,1.56722,0.0194702
735.568,1.5672,0.0195623
734.57,1.56718,0.0196548
733.573,1.56716,0.0197474
732.575,1.56714,0.0198404
731.577,1.56712,0.0199335
730.58,1.5671,0.020027
729.582,1.56709,0.0201207
728.585,1.56707,0.0202146
727.587,1.56705,0.0203088
726.59,1.56703,0.0204033
725.592,1.56701,0.020498
724.594,1.56699,0.020593
723.597,1.56697,0.0206882
722.599,1.56695,0.0207837
721.602,1.56693,0.0208795
720.604,1.56692,0.0209756
719.607,1.5669,0.0210719
718.609,1.56688,0.0211684
717.612,1.56686,0.0212653
716.614,1.56684,0.0213624
715.617,1.56682,0.0214598
714.619,1.5668,0.0215574
713.622,1.56678,0.0216553
712.625,1.56676,0.0217535
711.627,1.56674,0.021852
710.63,1.56672,0.0219507
709.632,1.5667,0.0220498
708.635,1.56668,0.0221491
707.637,1.56666,0.0222487
706.64,1.56664,0.0223485
705.643,1.56662,0.0224487
704.645,1.5666,0.0225491
703.648,1.56658,0.0226498
702.65,1.56656,0.0227508
701.653,1.56654,0.0228521
700.656,1.56652,0.0229537
699.658,1.5665,0.0230556
698.661,1.56648,0.0231577
697.664,1.56646,0.0232602
696.666,1.56644,0.0233629
695.669,1.56642,0.023466
694.672,1.5664,0.0235693
693.674,1.56638,0.0236729
692.677,1.56635,0.0237769
691.68,1.56633,0.0238811
690.682,1.56631,0.0239856
689.685,1.56629,0.0240904
688.688,1.56627,0.0241956
687.691,1.56625,0.024301
686.693,1.56623,0.0244068
685.696,1.56621,0.0245128
684.699,1.56619,0.0246192
683.702,1.56617,0.0247259
682.704,1.56614,0.0248328
681.707,1.56612,0.0249401
680.71,1.5661,0.0250478
679.713,1.56608,0.0251557
678.716,1.56606,0.0252639
677.718,1.56604,0.0253725
676.721,1.56601,0.0254814
675.724,1.56599,0.0255906
674.727,1.56597,0.0257001
673.73,1.56595,0.02581
672.733,1.56593,0.0259201
671.735,1.5659,0.0260306
670.738,1.56588,0.0261415
669.741,1.56586,0.0262526
668.744,1.56584,0.0263641
667.747,1.56582,0.026476
666.75,1.56579,0.0265881
665.753,1.56577,0.0267006
664.756,1.56575,0.0268135
663.759,1.56572,0.0269266
662.762,1.5657,0.0270401
661.765,1.56568,0.027154
660.768,1.56566,0.0272682
659.77,1.56563,0.0273827
658.773,1.56561,0.0274976
657.776,1.56559,0.0276129
656.779,1.56556,0.0277285
655.782,1.56554,0.0278444
654.785,1.56552,0.0279607
653.788,1.56549,0.0280773
652.792,1.56547,0.0281943
651.795,1.56545,0.0283117
650.798,1.56542,0.0284294
649.801,1.5654,0.0285475
648.804,1.56538,0.028666
647.807,1.56535,0.0287848
646.81,1.56533,0.0289039
645.813,1.56531,0.0290235
644.816,1.56528,0.0291434
643.819,1.56526,0.0292637
642.822,1.56523,0.0293843
641.826,1.56521,0.0295054
640.829,1.56518,0.0296268
639.832,1.56516,0.0297486
638.835,1.56514,0.0298707
637.838,1.56511,0.0299933
636.841,1.56509,0.0301162
635.845,1.56506,0.0302395
634.848,1.56504,0.0303632
633.851,1.56501,0.0304873
632.854,1.56499,0.0306118
631.857,1.56496,0.0307367
630.861,1.56494,0.030862
629.864,1.56491,0.0309876
628.867,1.56489,0.0311137
627.87,1.56486,0.0312402
626.874,1.56484,0.031367
625.877,1.56481,0.0314943
624.88,1.56479,0.031622
623.884,1.56476,0.0317501
622.887,1.56473,0.0318786
621.89,1.56471,0.0320075
620.894,1.56468,0.0321368
619.897,1.56466,0.0322666
618.9,1.56463,0.0323967
617.904,1.5646,0.0325273
616.907,1.56458,0.0326583
615.911,1.56455,0.0327897
614.914,1.56453,0.0329215
613.917,1.5645,0.0330538
612.921,1.56447,0.0331865
611.924,1.56445,0.0333197
610.928,1.56442,0.0334532
609.931,1.56439,0.0335872
608.935,1.56437,0.0337217
607.938,1.56434,0.0338566
606.942,1.56431,0.0339919
605.945,1.56428,0.0341277
604.949,1.56426,0.0342639
603.952,1.56423,0.0344006
602.956,1.5642,0.0345377
601.96,1.56418,0.0346753
600.963,1.56415,0.0348133
599.967,1.56412,0.0349518
598.97,1.56409,0.0350907
597.974,1.56406,0.0352302
596.978,1.56404,0.03537
595.981,1.56401,0.0355104
594.985,1.56398,0.0356512
593.988,1.56395,0.0357925
592.992,1.56392,0.0359343
591.996,1.5639,0.0360765
591,1.56387,0.0362192
590.003,1.56384,0.0363624
589.007,1.56381,0.0365061
588.011,1.56378,0.0366503
587.014,1.56375,0.036795
586.018,1.56372,0.0369401
585.022,1.56369,0.0370858
584.026,1.56366,0.0372319
583.03,1.56363,0.0373786
582.033,1.56361,0.0375257
581.037,1.56358,0.0376734
580.041,1.56355,0.0378215
579.045,1.56352,0.0379702
578.049,1.56349,0.0381194
577.053,1.56346,0.0382691
576.057,1.56343,0.0384193
575.06,1.5634,0.03857
574.064,1.56337,0.0387213
573.068,1.56334,0.038873
572.072,1.56331,0.0390254
571.076,1.56327,0.0391782
570.08,1.56324,0.0393316
569.084,1.56321,0.0394855
568.088,1.56318,0.0396399
567.092,1.56315,0.0397949
566.096,1.56312,0.0399505
565.1,1.56309,0.0401066
564.104,1.56306,0.0402632
563.108,1.56303,0.0404204
562.113,1.56299,0.0405781
561.117,1.56296,0.0407365
560.121,1.56293,0.0408953
559.125,1.5629,0.0410548
558.129,1.56287,0.0412148
557.133,1.56284,0.0413753
556.137,1.5628,0.0415365
555.142,1.56277,0.0416982
554.146,1.56274,0.0418605
553.15,1.56271,0.0420234
552.154,1.56267,0.0421869
551.158,1.56264,0.042351
550.163,1.56261,0.0425157
549.167,1.56257,0.0426809
548.171,1.56254,0.0428468
547.176,1.56251,0.0430133
546.18,1.56247,0.0431804
545.184,1.56244,0.043348
544.189,1.56241,0.0435163
543.193,1.56237,0.0436853
542.197,1.56234,0.0438548
541.202,1.56231,0.044025
540.206,1.56227,0.0441957
539.211,1.56224,0.0443672
538.215,1.5622,0.0445392
537.22,1.56217,0.0447119
536.224,1.56213,0.0448852
535.229,1.5621,0.0450592
534.233,1.56206,0.0452338
533.238,1.56203,0.0454091
532.242,1.56199,0.045585
531.247,1.56196,0.0457616
530.251,1.56192,0.0459389
529.256,1.56189,0.0461168
528.261,1.56185,0.0462954
527.265,1.56182,0.0464747
526.27,1.56178,0.0466546
525.275,1.56174,0.0468352
524.279,1.56171,0.0470165
523.284,1.56167,0.0471985
522.289,1.56163,0.0473812
521.294,1.5616,0.0475646
520.298,1.56156,0.0477487
519.303,1.56152,0.0479335
518.308,1.56149,0.048119
517.313,1.56145,0.0483052
516.318,1.56141,0.0484922
515.323,1.56138,0.0486798
514.327,1.56134,0.0488682
513.332,1.5613,0.0490573
512.337,1.56126,0.0492472
511.342,1.56122,0.0494378
510.347,1.56119,0.0496291
509.352,1.56115,0.0498212
508.357,1.56111,0.050014
507.362,1.56107,0.0502076
506.367,1.56103,0.050402
505.372,1.56099,0.0505971
504.377,1.56095,0.050793
503.382,1.56091,0.0509896
502.388,1.56087,0.0511871
501.393,1.56083,0.0513853
500.398,1.56079,0.0515843
499.403,1.56075,0.0517841
498.408,1.56071,0.0519847
497.413,1.56067,0.0521861
496.419,1.56063,0.0523883
495.424,1.56059,0.0525913
494.429,1.56055,0.0527951
493.434,1.56051,0.0529998
492.44,1.56047,0.0532053
491.445,1.56043,0.0534116
490.451,1.56039,0.0536188
489.456,1.56035,0.0538267
488.461,1.5603,0.0540356
487.467,1.56026,0.0542453
486.472,1.56022,0.0544558
485.478,1.56018,0.0546672
484.483,1.56014,0.0548795
483.489,1.56009,0.0550927
482.494,1.56005,0.0553067
481.5,1.56001,0.0555216
480.505,1.55996,0.0557374
479.511,1.55992,0.0559541
478.517,1.55988,0.0561717
477.522,1.55983,0.0563902
476.528,1.55979,0.0566097
475.534,1.55975,0.05683
474.539,1.5597,0.0570512
473.545,1.55966,0.0572734
472.551,1.55961,0.0574966
471.557,1.55957,0.0577206
470.563,1.55952,0.0579456
469.569,1.55948,0.0581716
468.574,1.55943,0.0583985
467.58,1.55939,0.0586264
466.586,1.55934,0.0588553
465.592,1.5593,0.0590851
464.598,1.55925,0.0593159
463.604,1.5592,0.0595477
462.61,1.55916,0.0597805
461.616,1.55911,0.0600143
460.622,1.55906,0.0602491
459.628,1.55902,0.060485
458.635,1.55897,0.0607218
457.641,1.55892,0.0609597
456.647,1.55887,0.0611986
455.653,1.55883,0.0614386
454.659,1.55878,0.0616796
453.666,1.55873,0.0619216
452.672,1.55868,0.0621647
451.678,1.55863,0.0624089
450.685,1.55858,0.0626542
449.691,1.55853,0.0629006
448.698,1.55848,0.063148
447.704,1.55843,0.0633965
446.71,1.55838,0.0636462
445.717,1.55833,0.063897
444.723,1.55828,0.0641488
443.73,1.55823,0.0644018
442.737,1.55818,0.064656
441.743,1.55813,0.0649113
440.75,1.55808,0.0651677
439.757,1.55803,0.0654253
438.763,1.55798,0.0656841
437.77,1.55793,0.065944
436.777,1.55787,0.0662051
435.784,1.55782,0.0664674
434.79,1.55777,0.0667309
433.797,1.55772,0.0669956
432.804,1.55766,0.0672616
431.811,1.55761,0.0675287
430.818,1.55756,0.0677971
429.825,1.5575,0.0680667
428.832,1.55745,0.0683376
427.839,1.55739,0.0686097
426.846,1.55734,0.0688831
425.853,1.55728,0.0691578
424.86,1.55723,0.0694337
423.868,1.55717,0.069711
422.875,1.55712,0.0699895
421.882,1.55706,0.0702694
420.889,1.55701,0.0705505
419.897,1.55695,0.070833
418.904,1.55689,0.0711169
417.911,1.55684,0.0714021
416.919,1.55678,0.0716886
415.926,1.55672,0.0719765
414.934,1.55666,0.0722658
413.941,1.5566,0.0725565
412.949,1.55655,0.0728486
411.957,1.55649,0.0731421
410.964,1.55643,0.073437
409.972,1.55637,0.0737333
408.98,1.55631,0.0740311
407.987,1.55625,0.0743303
406.995,1.55619,0.074631
406.003,1.55613,0.0749331
405.011,1.55607,0.0752367
404.019,1.55601,0.0755418
403.027,1.55595,0.0758484
402.035,1.55589,0.0761566
401.043,1.55582,0.0764662
400.051,1.55576,0.0767774
399.059,1.5557,0.0770902
398.067,1.55564,0.0774044
397.075,1.55557,0.0777203
396.083,1.55551,0.0780378
395.092,1.55545,0.0783568
394.1,1.55538,0.0786774
393.108,1.55532,0.0789997
392.117,1.55525,0.0793236
391.125,1.55519,0.0796491
390.134,1.55512,0.0799763
389.142,1.55506,0.0803052
388.151,1.55499,0.0806357
387.159,1.55493,0.0809679
386.168,1.55486,0.0813019
385.177,1.55479,0.0816375
384.186,1.55472,0.0819749
383.194,1.55466,0.082314
382.203,1.55459,0.0826549
381.212,1.55452,0.0829976
380.221,1.55445,0.083342
379.23,1.55438,0.0836883
378.239,1.55431,0.0840363
377.248,1.55424,0.0843862
376.257,1.55417,0.0847379
375.266,1.5541,0.0850915
374.276,1.55403,0.085447
373.285,1.55396,0.0858043
372.294,1.55389,0.0861636
371.304,1.55382,0.0865247
370.313,1.55374,0.0868878
369.322,1.55367,0.0872529
368.332,1.5536,0.0876199
367.341,1.55352,0.0879889
366.351,1.55345,0.0883599
365.361,1.55338,0.0887329
364.37,1.5533,0.0891079
363.38,1.55323,0.0894849
362.39,1.55315,0.0898641
361.4,1.55307,0.0902453
360.41,1.553,0.0906286
359.42,1.55292,0.091014
358.43,1.55284,0.0914015
357.44,1.55277,0.0917912
356.45,1.55269,0.092183
355.46,1.55261,0.0925771
354.471,1.55253,0.0929733
353.481,1.55245,0.0933717
352.491,1.55237,0.0937724
351.502,1.55229,0.0941754
350.512,1.55221,0.0945806
349.523,1.55213,0.0949881
348.534,1.55205,0.0953979
347.544,1.55196,0.0958101
346.555,1.55188,0.0962246
345.566,1.5518,0.0966415
344.577,1.55172,0.0970608
343.588,1.55163,0.0974824
342.599,1.55155,0.0979066
341.61,1.55146,0.0983331
340.621,1.55138,0.0987622
339.632,1.55129,0.0991938
338.643,1.5512,0.0996278
337.655,1.55112,0.100064
336.666,1.55103,0.100504
335.677,1.55094,0.100945
334.689,1.55085,0.10139
333.701,1.55076,0.101837
332.712,1.55067,0.102286
331.724,1.55058,0.102739
330.736,1.55049,0.103194
329.748,1.5504,0.103652
328.76,1.55031,0.104112
327.772,1.55022,0.104575
326.784,1.55012,0.105042
325.796,1.55003,0.105511
324.808,1.54994,0.105982
323.82,1.54984,0.106457
322.833,1.54975,0.106935
321.845,1.54965,0.107415
320.858,1.54956,0.107898
319.87,1.54946,0.108385
318.883,1.54936,0.108874
317.896,1.54926,0.109367
316.909,1.54916,0.109862
315.922,1.54907,0.110361
314.935,1.54897,0.110863
313.948,1.54886,0.111368
312.961,1.54876,0.111876
311.974,1.54866,0.112387
310.988,1.54856,0.112902
310.001,1.54846,0.11342
309.014,1.54835,0.113941
308.028,1.54825,0.114465
307.042,1.54814,0.114993
306.056,1.54804,0.115525
305.069,1.54793,0.116059
304.083,1.54782,0.116597
303.097,1.54772,0.117139
302.112,1.54761,0.117684
301.126,1.5475,0.118233
300.14,1.54739,0.118786
299.155,1.54728,0.119342
298.169,1.54717,0.119901
297.184,1.54705,0.120465
296.198,1.54694,0.121032
295.213,1.54683,0.121603
294.228,1.54671,0.122178
293.243,1.5466,0.122756
292.258,1.54648,0.123339
291.274,1.54637,0.123925
290.289,1.54625,0.124516
289.304,1.54613,0.12511
288.32,1.54601,0.125709
287.335,1.54589,0.126311
286.351,1.54577,0.126918
285.367,1.54565,0.127529
284.383,1.54553,0.128144
283.399,1.5454,0.128764
282.415,1.54528,0.129388
281.432,1.54516,0.130016
280.448,1.54503,0.130648
279.465,1.5449,0.131285
278.481,1.54478,0.131927
277.498,1.54465,0.132573
276.515,1.54452,0.133224
275.532,1.54439,0.133879
274.549,1.54426,0.134539
273.566,1.54412,0.135204
272.584,1.54399,0.135873
271.601,1.54386,0.136548
270.619,1.54372,0.137227
269.637,1.54359,0.137911
268.654,1.54345,0.1386
267.672,1.54331,0.139295
266.691,1.54317,0.139994
265.709,1.54303,0.140699
264.727,1.54289,0.141408
263.746,1.54275,0.142123
262.765,1.54261,0.142844
261.783,1.54246,0.14357
260.802,1.54232,0.144301
259.822,1.54217,0.145038
258.841,1.54203,0.14578
257.86,1.54188,0.146528
256.88,1.54173,0.147282
255.9,1.54158,0.148041
254.919,1.54143,0.148807
253.94,1.54127,0.149578
252.96,1.54112,0.150355
251.98,1.54096,0.151139
251.001,1.54081,0.151928
250.021,1.54065,0.152724
249.042,1.54049,0.153526
248.063,1.54033,0.154334
247.084,1.54017,0.155149
246.106,1.54001,0.15597
245.127,1.53984,0.156797
244.149,1.53968,0.157632
243.171,1.53951,0.158473
242.193,1.53934,0.15932
241.215,1.53917,0.160175
240.237,1.539,0.161037
239.26,1.53883,0.161905
238.283,1.53866,0.162781
237.305,1.53848,0.163664
236.329,1.53831,0.164555
235.352,1.53813,0.165452
234.375,1.53795,0.166357
233.399,1.53777,0.16727
232.423,1.53759,0.168191
231.447,1.5374,0.169119
230.472,1.53722,0.170055
229.496,1.53703,0.170999
228.521,1.53684,0.171951
227.546,1.53665,0.172912
226.571,1.53646,0.17388
225.596,1.53627,0.174857
224.622,1.53608,0.175842
223.648,1.53588,0.176836
222.674,1.53568,0.177839
221.7,1.53548,0.178851
220.727,1.53528,0.179871
219.754,1.53508,0.180901
218.781,1.53487,0.181939
217.808,1.53467,0.182987
216.835,1.53446,0.184045
215.863,1.53425,0.185111
214.891,1.53403,0.186188
213.92,1.53382,0.187274
212.948,1.5336,0.188371
211.977,1.53339,0.189477
211.006,1.53317,0.190593
210.035,1.53294,0.19172
209.065,1.53272,0.192857
208.095,1.53249,0.194005
207.125,1.53227,0.195164
206.155,1.53204,0.196334
205.186,1.5318,0.197514
204.217,1.53157,0.198706
203.249,1.53133,0.199909
202.28,1.53109,0.201124
201.312,1.53085,0.202351
200.344,1.53061,0.203589
199.377,1.53036,0.204839
198.41,1.53011,0.206102
197.443,1.52986,0.207377
196.477,1.52961,0.208664
195.51,1.52936,0.209964
194.545,1.5291,0.211278
193.579,1.52884,0.212604
192.614,1.52858,0.213944
191.649,1.52831,0.215297
190.685,1.52804,0.216663
189.721,1.52777,0.218044
188.758,1.5275,0.219439
187.794,1.52722,0.220848
186.831,1.52694,0.222272
185.869,1.52666,0.22371
184.907,1.52638,0.225164
183.945,1.52609,0.226632
182.984,1.5258,0.228116
182.023,1.52551,0.229616
181.063,1.52521,0.231132
180.103,1.52491,0.232664
179.143,1.52461,0.234212
178.184,1.5243,0.235777
177.225,1.52399,0.237359
176.267,1.52368,0.238959
175.309,1.52337,0.240575
174.352,1.52305,0.24221
173.395,1.52272,0.243863
172.439,1.5224,0.245534
171.483,1.52207,0.247223
170.528,1.52174,0.248932
169.573,1.5214,0.25066
168.619,1.52106,0.252407
167.665,1.52072,0.254175
166.712,1.52037,0.255962
165.759,1.52002,0.257771
164.807,1.51966,0.2596
163.855,1.5193,0.26145
162.904,1.51894,0.263322
161.954,1.51857,0.265217
161.004,1.5182,0.267133
160.055,1.51782,0.269073
159.106,1.51744,0.271035
158.158,1.51706,0.273021
157.211,1.51667,0.275031
156.264,1.51628,0.277066
155.318,1.51588,0.279125
154.373,1.51548,0.28121
153.428,1.51507,0.28332
152.484,1.51466,0.285457
151.541,1.51424,0.28762
150.599,1.51382,0.28981
149.657,1.51339,0.292029
148.716,1.51296,0.294275
147.775,1.51252,0.29655
146.836,1.51208,0.298854
145.897,1.51163,0.301188
144.96,1.51118,0.303552
144.022,1.51072,0.305947
143.086,1.51025,0.308373
142.151,1.50978,0.310831
141.217,1.5093,0.313323
140.283,1.50882,0.315847
139.35,1.50833,0.318405
138.419,1.50784,0.320998
137.488,1.50733,0.323626
136.558,1.50683,0.32629
135.629,1.50631,0.328991
134.702,1.50579,0.331729
133.775,1.50526,0.334505
132.849,1.50473,0.337319
131.924,1.50419,0.340174
131.001,1.50364,0.343069
130.078,1.50308,0.346005
129.157,1.50252,0.348983
128.237,1.50195,0.352004
127.318,1.50137,0.355069
126.4,1.50078,0.358179
125.484,1.50018,0.361334
124.569,1.49958,0.364536
123.655,1.49897,0.367785
122.742,1.49835,0.371083
121.831,1.49772,0.374431
120.921,1.49709,0.377829
120.013,1.49644,0.381279
119.106,1.49579,0.384782
118.201,1.49512,0.388338
117.297,1.49445,0.39195
116.394,1.49377,0.395618
115.493,1.49307,0.399344
114.594,1.49237,0.403128
113.697,1.49166,0.406973
112.801,1.49094,0.410879
111.907,1.4902,0.414848
111.015,1.48946,0.418881
110.124,1.48871,0.422979
109.236,1.48794,0.427145
108.349,1.48716,0.43138
107.464,1.48638,0.435684
106.582,1.48558,0.440061
105.701,1.48477,0.444511
104.822,1.48394,0.449036
103.946,1.48311,0.453638
103.072,1.48226,0.458318
102.2,1.4814,0.46308
101.331,1.48052,0.467923
100.464,1.47964,0.472851
99.5989,1.47874,0.477865
98.7368,1.47782,0.482968
97.8773,1.4769,0.488161
97.0204,1.47595,0.493446
96.1662,1.475,0.498826
95.3148,1.47403,0.504304
94.4663,1.47304,0.50988
93.6208,1.47204,0.515559
92.7783,1.47103,0.521342
91.9389,1.47,0.527231
91.1027,1.46895,0.53323
90.2697,1.46789,0.53934
89.4402,1.46681,0.545565
88.6141,1.46572,0.551908
87.7915,1.46461,0.558371
86.9726,1.46348,0.564957
86.1575,1.46233,0.57167
85.3463,1.46117,0.578511
84.539,1.45999,0.585485
83.7358,1.4588,0.592595
82.9369,1.45758,0.599843
82.1422,1.45635,0.607234
81.352,1.4551,0.61477
80.5664,1.45383,0.622456
79.7856,1.45254,0.630295
79.0095,1.45124,0.638289
78.2385,1.44992,0.646444
77.4726,1.44858,0.654763
76.712,1.44722,0.66325
75.9568,1.44584,0.671908
75.2073,1.44444,0.680743
74.4635,1.44303,0.689757
73.7257,1.44159,0.698954
72.994,1.44014,0.70834
72.2686,1.43867,0.717918
71.5497,1.43718,0.727693
70.8375,1.43568,0.737668
70.1322,1.43416,0.747848
69.4339,1.43262,0.758238
68.743,1.43106,0.768841
68.0596,1.42949,0.779663
67.3839,1.42791,0.790707
66.7162,1.42631,0.801977
66.0567,1.42469,0.813478
65.4057,1.42306,0.825215
64.7634,1.42142,0.83719
64.13,1.41977,0.849409
63.5058,1.41811,0.861875
62.8912,1.41644,0.874592
62.2863,1.41477,0.887564
61.6914,1.41308,0.900793
61.1069,1.41139,0.914284
60.5329,1.4097,0.92804
59.9699,1.40801,0.942063
59.4181,1.40632,0.956355
58.8779,1.40463,0.97092
58.3494,1.40295,0.985758
57.8331,1.40127,1.00087
57.3293,1.39961,1.01626
56.8383,1.39795,1.03193
56.3604,1.39631,1.04787
55.8959,1.39469,1.06409
55.4452,1.39309,1.08059
55.0086,1.39152,1.09736
54.5864,1.38997,1.1144
54.1789,1.38845,1.13172
53.7865,1.38697,1.14929
53.4095,1.38552,1.16713
53.0483,1.38412,1.18523
52.703,1.38276,1.20357
52.3741,1.38144,1.22216
52.0618,1.38018,1.24099
51.7664,1.37898,1.26005
51.4882,1.37783,1.27932
51.2275,1.37675,1.29881
50.9845,1.37573,1.3185
50.7595,1.37478,1.33837
50.5527,1.37391,1.35842
50.3643,1.37311,1.37863
50.1946,1.37238,1.39899
50.0436,1.37174,1.41949
49.9116,1.37119,1.44011
49.7987,1.37072,1.46083
49.705,1.37033,1.48164
49.6307,1.37004,1.50253
49.5758,1.36983,1.52347
49.5404,1.36972,1.54445
49.5245,1.3697,1.56545
49.5281,1.36977,1.58646
49.5513,1.36993,1.60746
49.594,1.37018,1.62842
49.6562,1.37053,1.64934
49.7378,1.37096,1.6702
49.8387,1.37148,1.69097
49.9587,1.37209,1.71165
50.0978,1.37278,1.73222
50.2559,1.37355,1.75266
50.4326,1.3744,1.77296
50.6279,1.37533,1.79311
50.8416,1.37633,1.81309
51.0733,1.3774,1.83288
51.323,1.37854,1.85248
51.5903,1.37974,1.87188
51.8749,1.381,1.89106
52.1767,1.38231,1.91002
52.4952,1.38368,1.92875
52.8303,1.3851,1.94724
53.1816,1.38656,1.96548
53.5488,1.38807,1.98346
53.9316,1.38961,2.00119
54.3297,1.39118,2.01866
54.7427,1.39279,2.03586
55.1703,1.39442,2.05278
55.6123,1.39608,2.06944
56.0682,1.39776,2.08582
56.5378,1.39946,2.10192
57.0207,1.40117,2.11774
57.5165,1.40289,2.13329
58.0251,1.40463,2.14857
58.546,1.40637,2.16356
59.0789,1.40811,2.17828
59.6235,1.40986,2.19273
60.1796,1.41161,2.20691
60.7467,1.41335,2.22082
61.3247,1.4151,2.23446
61.9131,1.41683,2.24784
62.5118,1.41857,2.26096
63.1204,1.42029,2.27382
63.7387,1.422,2.28643
64.3663,1.4237,2.29879
65.0031,1.42539,2.31091
65.6487,1.42707,2.32278
66.303,1.42874,2.33442
66.9656,1.43039,2.34582
67.6363,1.43202,2.357
68.3149,1.43364,2.36794
69.0012,1.43524,2.37867
69.6949,1.43682,2.38919
70.3959,1.43839,2.39949
71.1038,1.43994,2.40958
71.8186,1.44147,2.41947
72.5399,1.44298,2.42916
73.2677,1.44447,2.43866
74.0018,1.44594,2.44796
74.7419,1.4474,2.45708
75.4878,1.44883,2.46602
76.2395,1.45025,2.47478
76.9967,1.45165,2.48336
77.7594,1.45302,2.49178
78.5272,1.45438,2.50003
79.3002,1.45572,2.50811
80.078,1.45704,2.51604
80.8607,1.45834,2.52381
81.6481,1.45962,2.53144
82.4399,1.46089,2.53891
83.2362,1.46213,2.54624
84.0368,1.46336,2.55343
84.8415,1.46457,2.56048
85.6503,1.46576,2.5674
86.463,1.46693,2.57419
87.2796,1.46809,2.58085
88.0999,1.46922,2.58738
88.9238,1.47034,2.59379
89.7512,1.47145,2.60008
90.582,1.47253,2.60626
91.4162,1.4736,2.61232
92.2536,1.47466,2.61828
93.0942,1.4757,2.62412
93.9379,1.47672,2.62986
94.7846,1.47773,2.63549
95.6342,1.47872,2.64103
96.4866,1.4797,2.64647
97.3418,1.48066,2.65181
98.1997,1.48161,2.65705
99.0602,1.48254,2.66221
99.9233,1.48346,2.66727
100.789,1.48437,2.67225
101.657,1.48526,2.67714
102.527,1.48614,2.68195
103.4,1.487,2.68668
104.275,1.48785,2.69132
105.152,1.4887,2.69589
106.031,1.48952,2.70039
106.913,1.49034,2.70481
107.796,1.49114,2.70915
108.682,1.49193,2.71343
109.569,1.49271,2.71763
110.458,1.49348,2.72177
111.35,1.49424,2.72584
112.243,1.49499,2.72985
113.137,1.49573,2.73379
114.034,1.49645,2.73767
114.932,1.49717,2.74149
115.832,1.49787,2.74525
116.733,1.49857,2.74895
117.636,1.49925,2.75259
118.541,1.49993,2.75618
119.447,1.5006,2.75972
120.354,1.50125,2.7632
121.263,1.5019,2.76662
122.173,1.50254,2.77
123.085,1.50317,2.77333
123.998,1.50379,2.77661
124.912,1.5044,2.77983
125.828,1.50501,2.78302
126.745,1.50561,2.78615
127.663,1.5062,2.78924
128.583,1.50678,2.79229
129.503,1.50735,2.79529
130.425,1.50791,2.79825
131.348,1.50847,2.80117
132.272,1.50902,2.80405
133.197,1.50957,2.80689
134.123,1.5101,2.80969
135.05,1.51063,2.81245
135.978,1.51116,2.81517
136.907,1.51167,2.81785
137.837,1.51218,2.8205
138.769,1.51268,2.82312
139.701,1.51318,2.82569
140.634,1.51367,2.82824
141.568,1.51416,2.83075
142.502,1.51463,2.83323
143.438,1.51511,2.83567
144.374,1.51557,2.83808
145.312,1.51603,2.84047
146.25,1.51649,2.84282
147.189,1.51694,2.84514
148.129,1.51738,2.84743
149.069,1.51782,2.84969
150.011,1.51825,2.85193
150.953,1.51868,2.85413
151.895,1.5191,2.85631
152.839,1.51952,2.85847
153.783,1.51994,2.86059
154.728,1.52034,2.86269
155.674,1.52075,2.86477
156.62,1.52115,2.86681
157.567,1.52154,2.86884
158.514,1.52193,2.87084
159.463,1.52232,2.87281
160.411,1.5227,2.87477
161.361,1.52307,2.8767
162.311,1.52344,2.8786
163.261,1.52381,2.88049
164.213,1.52418,2.88235
165.164,1.52454,2.88419
166.117,1.52489,2.88601
167.07,1.52524,2.88781
168.023,1.52559,2.88959
168.977,1.52594,2.89135
169.932,1.52628,2.89309
170.887,1.52661,2.89481
171.842,1.52695,2.89651
172.798,1.52728,2.89819
173.755,1.5276,2.89986
174.712,1.52793,2.9015
175.669,1.52825,2.90313
176.627,1.52856,2.90474
177.585,1.52887,2.90633
178.544,1.52918,2.90791
179.504,1.52949,2.90946
180.463,1.52979,2.91101
181.424,1.53009,2.91253
182.384,1.53039,2.91404
183.345,1.53068,2.91553
184.307,1.53097,2.91701
185.268,1.53126,2.91847
186.231,1.53155,2.91992
187.193,1.53183,2.92135
188.156,1.53211,2.92277
189.12,1.53238,2.92417
190.083,1.53266,2.92556
191.048,1.53293,2.92694
192.012,1.5332,2.9283
192.977,1.53346,2.92965
193.942,1.53373,2.93098
194.908,1.53399,2.9323
195.874,1.53424,2.93361
196.84,1.5345,2.9349
197.806,1.53475,2.93619
198.773,1.535,2.93746
199.74,1.53525,2.93871
200.708,1.5355,2.93996
201.676,1.53574,2.94119
202.644,1.53598,2.94241
203.613,1.53622,2.94362
204.581,1.53646,2.94482
205.55,1.53669,2.94601
206.52,1.53693,2.94719
207.489,1.53716,2.94835
208.459,1.53738,2.9495
209.43,1.53761,2.95065
210.4,1.53783,2.95178
211.371,1.53806,2.9529
212.342,1.53828,2.95402
213.313,1.5385,2.95512
214.285,1.53871,2.95621
215.257,1.53893,2.95729
216.229,1.53914,2.95837
217.201,1.53935,2.95943
218.174,1.53956,2.96048
219.146,1.53976,2.96153
220.119,1.53997,2.96256
221.093,1.54017,2.96359
222.066,1.54037,2.9646
223.04,1.54057,2.96561
224.014,1.54077,2.96661
224.988,1.54097,2.9676
225.963,1.54116,2.96858
226.937,1.54136,2.96956
227.912,1.54155,2.97052
228.887,1.54174,2.97148
229.863,1.54193,2.97243
230.838,1.54211,2.97337
231.814,1.5423,2.9743
232.79,1.54248,2.97523
233.766,1.54266,2.97614
234.742,1.54284,2.97705
235.719,1.54302,2.97795
236.696,1.5432,2.97885
237.673,1.54338,2.97974
238.65,1.54355,2.98062
239.627,1.54373,2.98149
240.605,1.5439,2.98236
241.582,1.54407,2.98321
242.56,1.54424,2.98407
243.538,1.54441,2.98491
244.516,1.54457,2.98575
245.495,1.54474,2.98658
246.473,1.5449,2.98741
247.452,1.54506,2.98822
248.431,1.54523,2.98904
249.41,1.54539,2.98984
250.389,1.54554,2.99064
251.369,1.5457,2.99143
252.348,1.54586,2.99222
253.328,1.54601,2.993
254.308,1.54617,2.99378
255.288,1.54632,2.99455
256.268,1.54647,2.99531
257.248,1.54662,2.99607
258.229,1.54677,2.99682
259.209,1.54692,2.99756
260.19,1.54707,2.9983
261.171,1.54722,2.99904
262.152,1.54736,2.99977
263.133,1.5475,3.00049
264.115,1.54765,3.00121
265.096,1.54779,3.00192
266.078,1.54793,3.00263
267.06,1.54807,3.00333
268.042,1.54821,3.00403
269.024,1.54835,3.00472
270.006,1.54848,3.00541
270.988,1.54862,3.00609
271.97,1.54875,3.00677
272.953,1.54889,3.00744
273.936,1.54902,3.00811
274.918,1.54915,3.00877
275.901,1.54928,3.00943
276.884,1.54941,3.01008
277.868,1.54954,3.01073
278.851,1.54967,3.01137
279.834,1.5498,3.01201
280.818,1.54993,3.01265
281.801,1.55005,3.01328
282.785,1.55018,3.01391
283.769,1.5503,3.01453
284.753,1.55042,3.01515
285.737,1.55055,3.01576
286.721,1.55067,3.01637
287.705,1.55079,3.01697
288.69,1.55091,3.01758
289.674,1.55103,3.01817
290.659,1.55115,3.01876
291.644,1.55126,3.01935
292.628,1.55138,3.01994
293.613,1.5515,3.02052
294.598,1.55161,3.0211
295.584,1.55173,3.02167
296.569,1.55184,3.02224
297.554,1.55195,3.0228
298.54,1.55206,3.02337
299.525,1.55218,3.02392
300.511,1.55229,3.02448
301.496,1.5524,3.02503
302.482,1.5525,3.02558
303.468,1.55261,3.02612
304.454,1.55272,3.02666
305.44,1.55283,3.0272
306.426,1.55293,3.02773
307.413,1.55304,3.02826
308.399,1.55315,3.02879
309.385,1.55325,3.02931
310.372,1.55335,3.02983
311.358,1.55346,3.03035
312.345,1.55356,3.03086
313.332,1.55366,3.03137
314.319,1.55376,3.03188
315.306,1.55386,3.03238
316.293,1.55396,3.03288
317.28,1.55406,3.03338
318.267,1.55416,3.03387
319.254,1.55426,3.03437
320.242,1.55436,3.03485
321.229,1.55445,3.03534
322.216,1.55455,3.03582
323.204,1.55464,3.0363
324.192,1.55474,3.03678
325.179,1.55483,3.03725
326.167,1.55493,3.03772
327.155,1.55502,3.03819
328.143,1.55511,3.03865
329.131,1.55521,3.03912
330.119,1.5553,3.03957
331.107,1.55539,3.04003
332.095,1.55548,3.04049
333.084,1.55557,3.04094
334.072,1.55566,3.04139
335.06,1.55575,3.04183
336.049,1.55584,3.04227
337.038,1.55593,3.04272
338.026,1.55601,3.04315
339.015,1.5561,3.04359
340.004,1.55619,3.04402
340.993,1.55627,3.04445
341.981,1.55636,3.04488
342.97,1.55644,3.04531
343.959,1.55653,3.04573
344.948,1.55661,3.04615
345.938,1.5567,3.04657
346.927,1.55678,3.04698
347.916,1.55686,3.0474
348.905,1.55694,3.04781
349.895,1.55703,3.04822
350.884,1.55711,3.04862
351.874,1.55719,3.04903
352.863,1.55727,3.04943
353.853,1.55735,3.04983
354.843,1.55743,3.05023
355.832,1.55751,3.05062
356.822,1.55758,3.05102
357.812,1.55766,3.05141
358.802,1.55774,3.0518
359.792,1.55782,3.05218
360.782,1.55789,3.05257
361.772,1.55797,3.05295
362.762,1.55805,3.05333
363.752,1.55812,3.05371
364.743,1.5582,3.05409
365.733,1.55827,3.05446
366.723,1.55835,3.05483
367.714,1.55842,3.0552
368.704,1.55849,3.05557
369.695,1.55857,3.05594
370.685,1.55864,3.0563
371.676,1.55871,3.05666
372.667,1.55878,3.05702
373.657,1.55886,3.05738
374.648,1.55893,3.05774
375.639,1.559,3.05809
376.63,1.55907,3.05845
377.621,1.55914,3.0588
378.611,1.55921,3.05915
379.602,1.55928,3.05949
380.594,1.55935,3.05984
381.585,1.55942,3.06018
382.576,1.55948,3.06052
383.567,1.55955,3.06086
384.558,1.55962,3.0612
385.549,1.55969,3.06154
386.541,1.55975,3.06187
387.532,1.55982,3.06221
388.524,1.55989,3.06254
389.515,1.55995,3.06287
390.506,1.56002,3.0632
391.498,1.56008,3.06352
392.49,1.56015,3.06385
393.481,1.56021,3.06417
394.473,1.56028,3.06449
395.465,1.56034,3.06481
396.456,1.56041,3.06513
397.448,1.56047,3.06545
398.44,1.56053,3.06576
399.432,1.5606,3.06608
400.424,1.56066,3.06639
401.416,1.56072,3.0667
402.408,1.56078,3.06701
403.4,1.56084,3.06732
404.392,1.5609,3.06762
405.384,1.56096,3.06793
406.376,1.56103,3.06823
407.368,1.56109,3.06853
408.36,1.56115,3.06883
409.353,1.56121,3.06913
410.345,1.56127,3.06943
411.337,1.56132,3.06972
412.33,1.56138,3.07002
413.322,1.56144,3.07031
414.314,1.5615,3.0706
415.307,1.56156,3.07089
416.299,1.56162,3.07118
417.292,1.56167,3.07147
418.285,1.56173,3.07175
419.277,1.56179,3.07204
420.27,1.56184,3.07232
421.263,1.5619,3.0726
422.255,1.56196,3.07289
423.248,1.56201,3.07316
424.241,1.56207,3.07344
425.234,1.56212,3.07372
426.227,1.56218,3.07399
427.219,1.56223,3.07427
428.212,1.56229,3.07454
429.205,1.56234,3.07481
430.198,1.5624,3.07508
431.191,1.56245,3.07535
432.184,1.5625,3.07562
433.177,1.56256,3.07589
434.171,1.56261,3.07615
435.164,1.56266,3.07642
436.157,1.56272,3.07668
437.15,1.56277,3.07694
438.143,1.56282,3.0772
439.137,1.56287,3.07746
440.13,1.56292,3.07772
441.123,1.56297,3.07798
442.117,1.56303,3.07823
443.11,1.56308,3.07849
444.103,1.56313,3.07874
445.097,1.56318,3.07899
446.09,1.56323,3.07925
447.084,1.56328,3.0795
448.077,1.56333,3.07975
449.071,1.56338,3.07999
450.065,1.56343,3.08024
451.058,1.56348,3.08049
452.052,1.56353,3.08073
453.046,1.56357,3.08098
454.039,1.56362,3.08122
455.033,1.56367,3.08146
456.027,1.56372,3.0817
457.021,1.56377,3.08194
458.014,1.56382,3.08218
459.008,1.56386,3.08242
460.002,1.56391,3.08265
460.996,1.56396,3.08289
461.99,1.564,3.08312
462.984,1.56405,3.08336
463.978,1.5641,3.08359
464.972,1.56414,3.08382
465.966,1.56419,3.08405
466.96,1.56424,3.08428
467.954,1.56428,3.08451
468.948,1.56433,3.08474
469.942,1.56437,3.08496
470.936,1.56442,3.08519
471.931,1.56446,3.08541
472.925,1.56451,3.08564
473.919,1.56455,3.08586
474.913,1.5646,3.08608
475.908,1.56464,3.0863
476.902,1.56468,3.08652
477.896,1.56473,3.08674
478.89,1.56477,3.08696
479.885,1.56481,3.08718
480.879,1.56486,3.08739
481.874,1.5649,3.08761
482.868,1.56494,3.08782
483.863,1.56499,3.08804
484.857,1.56503,3.08825
485.852,1.56507,3.08846
486.846,1.56511,3.08867
487.841,1.56516,3.08888
488.835,1.5652,3.08909
489.83,1.56524,3.0893
490.824,1.56528,3.08951
491.819,1.56532,3.08971
492.814,1.56536,3.08992
493.808,1.56541,3.09013
494.803,1.56545,3.09033
495.798,1.56549,3.09053
496.793,1.56553,3.09074
497.787,1.56557,3.09094
498.782,1.56561,3.09114
499.777,1.56565,3.09134
500.772,1.56569,3.09154
501.767,1.56573,3.09174
502.761,1.56577,3.09193
503.756,1.56581,3.09213
504.751,1.56585,3.09233
505.746,1.56589,3.09252
506.741,1.56592,3.09272
507.736,1.56596,3.09291
508.731,1.566,3.09311
509.726,1.56604,3.0933
510.721,1.56608,3.09349
511.716,1.56612,3.09368
512.711,1.56615,3.09387
513.706,1.56619,3.09406
514.701,1.56623,3.09425
515.697,1.56627,3.09444
516.692,1.56631,3.09463
517.687,1.56634,3.09481
518.682,1.56638,3.095
519.677,1.56642,3.09518
520.672,1.56645,3.09537
521.668,1.56649,3.09555
522.663,1.56653,3.09573
523.658,1.56656,3.09592
524.654,1.5666,3.0961
525.649,1.56664,3.09628
526.644,1.56667,3.09646
527.64,1.56671,3.09664
528.635,1.56674,3.09682
529.63,1.56678,3.097
530.626,1.56682,3.09718
531.621,1.56685,3.09735
532.616,1.56689,3.09753
533.612,1.56692,3.0977
534.607,1.56696,3.09788
535.603,1.56699,3.09805
536.598,1.56703,3.09823
537.594,1.56706,3.0984
538.589,1.5671,3.09857
539.585,1.56713,3.09874
540.581,1.56716,3.09892
541.576,1.5672,3.09909
542.572,1.56723,3.09926
543.567,1.56727,3.09943
544.563,1.5673,3.09959
545.559,1.56733,3.09976
546.554,1.56737,3.09993
547.55,1.5674,3.1001
548.546,1.56743,3.10026
549.541,1.56747,3.10043
550.537,1.5675,3.10059
551.533,1.56753,3.10076
552.529,1.56757,3.10092
553.524,1.5676,3.10108
554.52,1.56763,3.10125
555.516,1.56766,3.10141
556.512,1.5677,3.10157
557.508,1.56773,3.10173
558.503,1.56776,3.10189
559.499,1.56779,3.10205
560.495,1.56782,3.10221
561.491,1.56786,3.10237
562.487,1.56789,3.10253
563.483,1.56792,3.10269
564.479,1.56795,3.10284
565.475,1.56798,3.103
566.471,1.56801,3.10316
567.467,1.56804,3.10331
568.463,1.56807,3.10347
569.459,1.56811,3.10362
570.455,1.56814,3.10377
571.451,1.56817,3.10393
572.447,1.5682,3.10408
573.443,1.56823,3.10423
574.439,1.56826,3.10438
575.435,1.56829,3.10453
576.431,1.56832,3.10468
577.427,1.56835,3.10483
578.423,1.56838,3.10498
579.419,1.56841,3.10513
580.416,1.56844,3.10528
581.412,1.56847,3.10543
582.408,1.5685,3.10558
583.404,1.56853,3.10572
584.4,1.56856,3.10587
585.396,1.56858,3.10602
586.393,1.56861,3.10616
587.389,1.56864,3.10631
588.385,1.56867,3.10645
589.381,1.5687,3.10659
590.378,1.56873,3.10674
591.374,1.56876,3.10688
592.37,1.56879,3.10702
593.367,1.56881,3.10717
594.363,1.56884,3.10731
595.359,1.56887,3.10745
596.356,1.5689,3.10759
597.352,1.56893,3.10773
598.348,1.56896,3.10787
599.345,1.56898,3.10801
600.341,1.56901,3.10815
601.338,1.56904,3.10829
602.334,1.56907,3.10842
603.331,1.56909,3.10856
604.327,1.56912,3.1087
605.323,1.56915,3.10883
606.32,1.56918,3.10897
607.316,1.5692,3.10911
608.313,1.56923,3.10924
609.309,1.56926,3.10938
610.306,1.56928,3.10951
611.302,1.56931,3.10964
612.299,1.56934,3.10978
613.296,1.56936,3.10991
614.292,1.56939,3.11004
615.289,1.56942,3.11017
616.285,1.56944,3.11031
617.282,1.56947,3.11044
618.278,1.5695,3.11057
619.275,1.56952,3.1107
620.272,1.56955,3.11083
621.268,1.56957,3.11096
622.265,1.5696,3.11109
623.262,1.56963,3.11122
624.258,1.56965,3.11134
625.255,1.56968,3.11147
626.252,1.5697,3.1116
627.248,1.56973,3.11173
628.245,1.56975,3.11185
629.242,1.56978,3.11198
630.239,1.5698,3.11211
631.235,1.56983,3.11223
632.232,1.56985,3.11236
633.229,1.56988,3.11248
634.226,1.5699,3.11261
635.222,1.56993,3.11273
636.219,1.56995,3.11285
637.216,1.56998,3.11298
638.213,1.57,3.1131
639.21,1.57003,3.11322
640.207,1.57005,3.11334
641.203,1.57008,3.11347
642.2,1.5701,3.11359
643.197,1.57012,3.11371
644.194,1.57015,3.11383
645.191,1.57017,3.11395
646.188,1.5702,3.11407
647.185,1.57022,3.11419
648.182,1.57024,3.11431
649.178,1.57027,3.11443
650.175,1.57029,3.11454
651.172,1.57031,3.11466
652.169,1.57034,3.11478
653.166,1.57036,3.1149
654.163,1.57038,3.11501
655.16,1.57041,3.11513
656.157,1.57043,3.11525
657.154,1.57045,3.11536
658.151,1.57048,3.11548
659.148,1.5705,3.11559
660.145,1.57052,3.11571
661.142,1.57055,3.11582
662.139,1.57057,3.11594
663.136,1.57059,3.11605
664.133,1.57061,3.11616
665.131,1.57064,3.11628
666.128,1.57066,3.11639
667.125,1.57068,3.1165
668.122,1.5707,3.11661
669.119,1.57073,3.11672
670.116,1.57075,3.11684
671.113,1.57077,3.11695
672.11,1.57079,3.11706
673.107,1.57082,3.11717
674.105,1.57084,3.11728
675.102,1.57086,3.11739
676.099,1.57088,3.1175
677.096,1.5709,3.11761
678.093,1.57093,3.11771
679.09,1.57095,3.11782
680.088,1.57097,3.11793
681.085,1.57099,3.11804
682.082,1.57101,3.11815
683.079,1.57103,3.11825
684.076,1.57105,3.11836
685.074,1.57108,3.11847
686.071,1.5711,3.11857
687.068,1.57112,3.11868
688.065,1.57114,3.11879
689.063,1.57116,3.11889
690.06,1.57118,3.119
691.057,1.5712,3.1191
692.055,1.57122,3.1192
693.052,1.57124,3.11931
694.049,1.57126,3.11941
695.047,1.57129,3.11952
696.044,1.57131,3.11962
697.041,1.57133,3.11972
698.039,1.57135,3.11982
699.036,1.57137,3.11993
700.033,1.57139,3.12003
701.031,1.57141,3.12013
702.028,1.57143,3.12023
703.025,1.57145,3.12033
704.023,1.57147,3.12043
705.02,1.57149,3.12054
706.017,1.57151,3.12064
707.015,1.57153,3.12074
708.012,1.57155,3.12084
709.01,1.57157,3.12093
710.007,1.57159,3.12103
711.005,1.57161,3.12113
712.002,1.57163,3.12123
712.999,1.57165,3.12133
713.997,1.57167,3.12143
714.994,1.57169,3.12153
715.992,1.57171,3.12162
716.989,1.57173,3.12172
717.987,1.57175,3.12182
718.984,1.57177,3.12191
719.982,1.57178,3.12201
720.979,1.5718,3.12211
721.977,1.57182,3.1222
722.974,1.57184,3.1223
723.972,1.57186,3.12239
724.969,1.57188,3.12249
725.967,1.5719,3.12258
726.965,1.57192,3.12268
727.962,1.57194,3.12277
728.96,1.57196,3.12287
729.957,1.57197,3.12296
730.955,1.57199,3.12305
731.952,1.57201,3.12315
732.95,1.57203,3.12324
733.948,1.57205,3.12333
734.945,1.57207,3.12343
735.943,1.57209,3.12352
736.94,1.5721,3.12361
737.938,1.57212,3.1237
738.936,1.57214,3.12379
739.933,1.57216,3.12389
740.931,1.57218,3.12398
741.929,1.5722,3.12407
742.926,1.57221,3.12416
743.924,1.57223,3.12425
744.921,1.57225,3.12434
745.919,1.57227,3.12443
746.917,1.57229,3.12452
747.915,1.5723,3.12461
748.912,1.57232,3.1247
749.91,1.57234,3.12479
750.908,1.57236,3.12487
751.905,1.57238,3.12496
752.903,1.57239,3.12505
753.901,1.57241,3.12514
754.898,1.57243,3.12523
755.896,1.57245,3.12531
756.894,1.57246,3.1254
757.892,1.57248,3.12549
758.889,1.5725,3.12558
759.887,1.57251,3.12566
760.885,1.57253,3.12575
761.883,1.57255,3.12583
762.88,1.57257,3.12592
763.878,1.57258,3.12601
764.876,1.5726,3.12609
765.874,1.57262,3.12618
766.872,1.57263,3.12626
767.869,1.57265,3.12635
768.867,1.57267,3.12643
769.865,1.57269,3.12652
770.863,1.5727,3.1266
771.861,1.57272,3.12668
772.859,1.57274,3.12677
773.856,1.57275,3.12685
774.854,1.57277,3.12693
775.852,1.57279,3.12702
776.85,1.5728,3.1271
777.848,1.57282,3.12718
778.846,1.57284,3.12727
779.843,1.57285,3.12735
780.841,1.57287,3.12743
781.839,1.57288,3.12751
782.837,1.5729,3.12759
783.835,1.57292,3.12767
784.833,1.57293,3.12776
785.831,1.57295,3.12784
786.829,1.57297,3.12792
787.827,1.57298,3.128
788.825,1.573,3.12808
789.822,1.57301,3.12816
790.82,1.57303,3.12824
791.818,1.57305,3.12832
792.816,1.57306,3.1284
793.814,1.57308,3.12848
794.812,1.57309,3.12856
795.81,1.57311,3.12863
796.808,1.57313,3.12871
797.806,1.57314,3.12879
798.804,1.57316,3.12887
799.802,1.57317,3.12895
800.8,1.57319,3.12903
801.798,1.5732,3.1291
802.796,1.57322,3.12918
803.794,1.57323,3.12926
804.792,1.57325,3.12934
805.79,1.57327,3.12941
806.788,1.57328,3.12949
807.786,1.5733,3.12957
808.784,1.57331,3.12964
809.782,1.57333,3.12972
810.78,1.57334,3.1298
811.778,1.57336,3.12987
812.776,1.57337,3.12995
813.774,1.57339,3.13002
814.772,1.5734,3.1301
815.77,1.57342,3.13017
816.768,1.57343,3.13025
817.766,1.57345,3.13032
818.764,1.57346,3.1304
819.762,1.57348,3.13047
820.761,1.57349,3.13055
821.759,1.57351,3.13062
822.757,1.57352,3.13069
823.755,1.57354,3.13077
824.753,1.57355,3.13084
825.751,1.57357,3.13091
826.749,1.57358,3.13099
827.747,1.57359,3.13106
828.745,1.57361,3.13113
829.743,1.57362,3.13121
830.742,1.57364,3.13128
831.74,1.57365,3.13135
832.738,1.57367,3.13142
833.736,1.57368,3.1315
834.734,1.5737,3.13157
835.732,1.57371,3.13164
836.73,1.57372,3.13171
837.729,1.57374,3.13178
838.727,1.57375,3.13185
839.725,1.57377,3.13192
840.723,1.57378,3.13199
841.721,1.5738,3.13206
842.719,1.57381,3.13213
843.718,1.57382,3.1322
844.716,1.57384,3.13228
845.714,1.57385,3.13234
846.712,1.57387,3.13241
847.71,1.57388,3.13248
848.708,1.57389,3.13255
849.707,1.57391,3.13262
850.705,1.57392,3.13269
851.703,1.57393,3.13276
852.701,1.57395,3.13283
853.7,1.57396,3.1329
854.698,1.57398,3.13297
855.696,1.57399,3.13304
856.694,1.574,3.1331
857.692,1.57402,3.13317
858.691,1.57403,3.13324
859.689,1.57404,3.13331
860.687,1.57406,3.13337
861.685,1.57407,3.13344
862.684,1.57408,3.13351
863.682,1.5741,3.13358
864.68,1.57411,3.13364
865.679,1.57412,3.13371
866.677,1.57414,3.13378
867.675,1.57415,3.13384
868.673,1.57416,3.13391
869.672,1.57418,3.13397
870.67,1.57419,3.13404
871.668,1.5742,3.13411
872.667,1.57422,3.13417
873.665,1.57423,3.13424
874.663,1.57424,3.1343
875.661,1.57426,3.13437
876.66,1.57427,3.13443
877.658,1.57428,3.1345
878.656,1.5743,3.13456
879.655,1.57431,3.13463
880.653,1.57432,3.13469
881.651,1.57433,3.13476
882.65,1.57435,3.13482
883.648,1.57436,3.13488
884.646,1.57437,3.13495
885.645,1.57439,3.13501
886.643,1.5744,3.13508
887.641,1.57441,3.13514
888.64,1.57442,3.1352
889.638,1.57444,3.13527
890.637,1.57445,3.13533
891.635,1.57446,3.13539
892.633,1.57447,3.13545
893.632,1.57449,3.13552
894.63,1.5745,3.13558
895.628,1.57451,3.13564
896.627,1.57452,3.1357
897.625,1.57454,3.13577
898.624,1.57455,3.13583
899.622,1.57456,3.13589
900.62,1.57457,3.13595
901.619,1.57459,3.13601
902.617,1.5746,3.13607
903.616,1.57461,3.13614
904.614,1.57462,3.1362
905.612,1.57463,3.13626
906.611,1.57465,3.13632
907.609,1.57466,3.13638
908.608,1.57467,3.13644
909.606,1.57468,3.1365
910.605,1.57469,3.13656
911.603,1.57471,3.13662
912.601,1.57472,3.13668
913.6,1.57473,3.13674
914.598,1.57474,3.1368
915.597,1.57475,3.13686
916.595,1.57477,3.13692
917.594,1.57478,3.13698
918.592,1.57479,3.13704
919.591,1.5748,3.1371
920.589,1.57481,3.13716
921.588,1.57483,3.13722
922.586,1.57484,3.13727
923.585,1.57485,3.13733
924.583,1.57486,3.13739
925.582,1.57487,3.13745
926.58,1.57488,3.13751
927.579,1.5749,3.13757
928.577,1.57491,3.13762
929.576,1.57492,3.13768
930.574,1.57493,3.13774
931.573,1.57494,3.1378
932.571,1.57495,3.13785
933.57,1.57496,3.13791
934.568,1.57498,3.13797
935.567,1.57499,3.13803
936.565,1.575,3.13808
937.564,1.57501,3.13814
938.562,1.57502,3.1382
939.561,1.57503,3.13825
940.559,1.57504,3.13831
941.558,1.57506,3.13837
942.556,1.57507,3.13842
943.555,1.57508,3.13848
944.553,1.57509,3.13853
945.552,1.5751,3.13859
946.551,1.57511,3.13865
947.549,1.57512,3.1387
948.548,1.57513,3.13876
949.546,1.57515,3.13881
950.545,1.57516,3.13887
951.543,1.57517,3.13892
952.542,1.57518,3.13898
953.54,1.57519,3.13903
954.539,1.5752,3.13909
955.538,1.57521,3.13914
956.536,1.57522,3.1392
957.535,1.57523,3.13925
958.533,1.57524,3.13931
959.532,1.57525,3.13936
960.531,1.57527,3.13942
961.529,1.57528,3.13947
962.528,1.57529,3.13952
963.526,1.5753,3.13958
964.525,1.57531,3.13963
965.524,1.57532,3.13968
966.522,1.57533,3.13974
967.521,1.57534,3.13979
968.519,1.57535,3.13984
969.518,1.57536,3.1399
970.517,1.57537,3.13995
971.515,1.57538,3.14
972.514,1.57539,3.14006
973.513,1.5754,3.14011
974.511,1.57541,3.14016
975.51,1.57543,3.14022
976.508,1.57544,3.14027
977.507,1.57545,3.14032
978.506,1.57546,3.14037
979.504,1.57547,3.14042
980.503,1.57548,3.14048
981.502,1.57549,3.14053
982.5,1.5755,3.14058
983.499,1.57551,3.14063
984.498,1.57552,3.14068
985.496,1.57553,3.14073
986.495,1.57554,3.14079
987.494,1.57555,3.14084
988.492,1.57556,3.14089
989.491,1.57557,3.14094
990.49,1.57558,3.14099
991.488,1.57559,3.14104
992.487,1.5756,3.14109
993.486,1.57561,3.14114
994.484,1.57562,3.14119
995.483,1.57563,3.14124
996.482,1.57564,3.14129
997.481,1.57565,3.14134
998.479,1.57566,3.14139
999.478,1.57567,3.14144
