999.005,1.57079,0.0015718
998.005,1.57078,0.0015728
997.005,1.57077,0.0015738
996.005,1.57076,0.00157481
995.005,1.57075,0.00157582
994.006,1.57074,0.00157683
993.006,1.57073,0.00157784
992.006,1.57072,0.00157886
991.006,1.57071,0.00157988
990.006,1.5707,0.0015809
989.006,1.57069,0.00158192
988.006,1.57067,0.00158294
987.006,1.57066,0.00158397
986.006,1.57065,0.00158499
985.006,1.57064,0.00158602
984.006,1.57063,0.00158705
983.006,1.57062,0.00158809
982.006,1.57061,0.00158912
981.006,1.5706,0.00159016
980.006,1.57059,0.0015912
979.006,1.57058,0.00159224
978.006,1.57057,0.00159329
977.006,1.57056,0.00159433
976.006,1.57055,0.00159538
975.007,1.57054,0.00159643
974.007,1.57053,0.00159749
973.007,1.57052,0.00159854
972.007,1.57051,0.0015996
971.007,1.5705,0.00160066
970.007,1.57049,0.00160172
969.007,1.57048,0.00160278
968.007,1.57047,0.00160385
967.007,1.57046,0.00160492
966.007,1.57044,0.00160599
965.007,1.57043,0.00160706
964.007,1.57042,0.00160813
963.007,1.57041,0.00160921
962.007,1.5704,0.00161029
961.007,1.57039,0.00161137
960.007,1.57038,0.00161246
959.007,1.57037,0.00161354
958.007,1.57036,0.00161463
957.007,1.57035,0.00161572
956.008,1.57034,0.00161681
955.008,1.57033,0.00161791
954.008,1.57031,0.00161901
953.008,1.5703,0.00162011
952.008,1.57029,0.00162121
951.008,1.57028,0.00162231
950.008,1.57027,0.00162342
949.008,1.57026,0.00162453
948.008,1.57025,0.00162564
947.008,1.57024,0.00162675
946.008,1.57023,0.00162787
945.008,1.57021,0.00162899
944.008,1.5702,0.00163011
943.008,1.57019,0.00163123
942.008,1.57018,0.00163236
941.008,1.57017,0.00163348
940.008,1.57016,0.00163461
939.009,1.57015,0.00163575
938.009,1.57014,0.00163688
937.009,1.57012,0.00163802
936.009,1.57011,0.00163916
935.009,1.5701,0.0016403
934.009,1.57009,0.00164144
933.009,1.57008,0.00164259
932.009,1.57007,0.00164374
931.009,1.57006,0.00164489
930.009,1.57004,0.00164605
929.009,1.57003,0.00164721
928.009,1.57002,0.00164836
927.009,1.57001,0.00164953
926.009,1.57,0.00165069
925.009,1.56999,0.00165186
924.009,1.56997,0.00165303
923.009,1.56996,0.0016542
922.009,1.56995,0.00165537
921.01,1.56994,0.00165655
920.01,1.56993,0.00165773
919.01,1.56991,0.00165891
918.01,1.5699,0.0016601
917.01,1.56989,0.00166129
916.01,1.56988,0.00166248
915.01,1.56987,0.00166367
914.01,1.56986,0.00166486
913.01,1.56984,0.00166606
912.01,1.56983,0.00166726
911.01,1.56982,0.00166847
910.01,1.56981,0.00166967
909.01,1.5698,0.00167088
908.01,1.56978,0.00167209
907.01,1.56977,0.0016733
906.01,1.56976,0.00167452
905.011,1.56975,0.00167574
904.011,1.56973,0.00167696
903.011,1.56972,0.00167819
902.011,1.56971,0.00167941
901.011,1.5697,0.00168064
900.011,1.56969,0.00168187
899.011,1.56967,0.00168311
898.011,1.56966,0.00168435
897.011,1.56965,0.00168559
896.011,1.56964,0.00168683
895.011,1.56962,0.00168808
894.011,1.56961,0.00168933
893.011,1.5696,0.00169058
892.011,1.56959,0.00169183
891.011,1.56957,0.00169309
890.011,1.56956,0.00169435
889.012,1.56955,0.00169562
888.012,1.56954,0.00169688
887.012,1.56952,0.00169815
886.012,1.56951,0.00169942
885.012,1.5695,0.0017007
884.012,1.56948,0.00170197
883.012,1.56947,0.00170325
882.012,1.56946,0.00170454
881.012,1.56945,0.00170582
880.012,1.56943,0.00170711
879.012,1.56942,0.00170841
878.012,1.56941,0.0017097
877.012,1.56939,0.001711
876.012,1.56938,0.0017123
875.012,1.56937,0.0017136
874.012,1.56935,0.00171491
873.013,1.56934,0.00171622
872.013,1.56933,0.00171753
871.013,1.56932,0.00171885
870.013,1.5693,0.00172017
869.013,1.56929,0.00172149
868.013,1.56928,0.00172281
867.013,1.56926,0.00172414
866.013,1.56925,0.00172547
865.013,1.56924,0.00172681
864.013,1.56922,0.00172814
863.013,1.56921,0.00172948
862.013,1.5692,0.00173083
861.013,1.56918,0.00173217
860.013,1.56917,0.00173352
859.014,1.56915,0.00173488
858.014,1.56914,0.00173623
857.014,1.56913,0.00173759
856.014,1.56911,0.00173895
855.014,1.5691,0.00174032
854.014,1.56909,0.00174169
853.014,1.56907,0.00174306
852.014,1.56906,0.00174443
851.014,1.56905,0.00174581
850.014,1.56903,0.00174719
849.014,1.56902,0.00174858
848.014,1.569,0.00174996
847.014,1.56899,0.00175136
846.014,1.56898,0.00175275
845.014,1.56896,0.00175415
844.015,1.56895,0.00175555
843.015,1.56893,0.00175695
842.015,1.56892,0.00175836
841.015,1.56891,0.00175977
840.015,1.56889,0.00176119
839.015,1.56888,0.0017626
838.015,1.56886,0.00176403
837.015,1.56885,0.00176545
836.015,1.56883,0.00176688
835.015,1.56882,0.00176831
834.015,1.56881,0.00176974
833.015,1.56879,0.00177118
832.015,1.56878,0.00177262
831.015,1.56876,0.00177407
830.016,1.56875,0.00177552
829.016,1.56873,0.00177697
828.016,1.56872,0.00177842
827.016,1.5687,0.00177988
826.016,1.56869,0.00178135
825.016,1.56868,0.00178281
824.016,1.56866,0.00178428
823.016,1.56865,0.00178576
822.016,1.56863,0.00178723
821.016,1.56862,0.00178871
820.016,1.5686,0.0017902
819.016,1.56859,0.00179168
818.016,1.56857,0.00179318
817.017,1.56856,0.00179467
816.017,1.56854,0.00179617
815.017,1.56853,0.00179767
814.017,1.56851,0.00179918
813.017,1.5685,0.00180069
812.017,1.56848,0.0018022
811.017,1.56847,0.00180372
810.017,1.56845,0.00180524
809.017,1.56844,0.00180676
808.017,1.56842,0.00180829
807.017,1.5684,0.00180982
806.017,1.56839,0.00181136
805.017,1.56837,0.0018129
804.018,1.56836,0.00181444
803.018,1.56834,0.00181599
802.018,1.56833,0.00181754
801.018,1.56831,0.00181909
800.018,1.5683,0.00182065
799.018,1.56828,0.00182222
798.018,1.56827,0.00182378
797.018,1.56825,0.00182535
796.018,1.56823,0.00182693
795.018,1.56822,0.00182851
794.018,1.5682,0.00183009
793.018,1.56819,0.00183167
792.018,1.56817,0.00183327
791.019,1.56815,0.00183486
790.019,1.56814,0.00183646
789.019,1.56812,0.00183806
788.019,1.56811,0.00183967
787.019,1.56809,0.00184128
786.019,1.56807,0.00184289
785.019,1.56806,0.00184451
784.019,1.56804,0.00184613
783.019,1.56803,0.00184776
782.019,1.56801,0.00184939
781.019,1.56799,0.00185103
780.019,1.56798,0.00185267
779.02,1.56796,0.00185431
778.02,1.56794,0.00185596
777.02,1.56793,0.00185761
776.02,1.56791,0.00185927
775.02,1.56789,0.00186093
774.02,1.56788,0.00186259
773.02,1.56786,0.00186426
772.02,1.56784,0.00186594
771.02,1.56783,0.00186761
770.02,1.56781,0.0018693
769.02,1.56779,0.00187098
768.02,1.56778,0.00187267
767.021,1.56776,0.00187437
766.021,1.56774,0.00187607
765.021,1.56772,0.00187777
764.021,1.56771,0.00187948
763.021,1.56769,0.0018812
762.021,1.56767,0.00188291
761.021,1.56766,0.00188464
760.021,1.56764,0.00188636
759.021,1.56762,0.00188809
758.021,1.5676,0.00188983
757.021,1.56759,0.00189157
756.021,1.56757,0.00189331
755.022,1.56755,0.00189506
754.022,1.56753,0.00189682
753.022,1.56752,0.00189858
752.022,1.5675,0.00190034
751.022,1.56748,0.00190211
750.022,1.56746,0.00190388
749.022,1.56745,0.00190566
748.022,1.56743,0.00190744
747.022,1.56741,0.00190923
746.022,1.56739,0.00191102
745.022,1.56737,0.00191282
744.023,1.56736,0.00191462
743.023,1.56734,0.00191643
742.023,1.56732,0.00191824
741.023,1.5673,0.00192005
740.023,1.56728,0.00192187
739.023,1.56726,0.0019237
738.023,1.56725,0.00192553
737.023,1.56723,0.00192737
736.023,1.56721,0.00192921
735.023,1.56719,0.00193105
734.023,1.56717,0.0019329
733.024,1.56715,0.00193476
732.024,1.56714,0.00193662
731.024,1.56712,0.00193849
730.024,1.5671,0.00194036
729.024,1.56708,0.00194223
728.024,1.56706,0.00194411
727.024,1.56704,0.001946
726.024,1.56702,0.00194789
725.024,1.567,0.00194979
724.024,1.56698,0.00195169
723.025,1.56697,0.0019536
722.025,1.56695,0.00195551
721.025,1.56693,0.00195743
720.025,1.56691,0.00195935
719.025,1.56689,0.00196128
718.025,1.56687,0.00196321
717.025,1.56685,0.00196515
716.025,1.56683,0.0019671
715.025,1.56681,0.00196905
714.025,1.56679,0.001971
713.026,1.56677,0.00197296
712.026,1.56675,0.00197493
711.026,1.56673,0.0019769
710.026,1.56671,0.00197888
709.026,1.56669,0.00198086
708.026,1.56667,0.00198285
707.026,1.56665,0.00198485
706.026,1.56663,0.00198685
705.026,1.56661,0.00198885
704.026,1.56659,0.00199086
703.027,1.56657,0.00199288
702.027,1.56655,0.0019949
701.027,1.56653,0.00199693
700.027,1.56651,0.00199897
699.027,1.56649,0.00200101
698.027,1.56647,0.00200305
697.027,1.56645,0.0020051
696.027,1.56643,0.00200716
695.027,1.56641,0.00200922
694.027,1.56639,0.00201129
693.028,1.56637,0.00201337
692.028,1.56635,0.00201545
691.028,1.56632,0.00201754
690.028,1.5663,0.00201963
689.028,1.56628,0.00202173
688.028,1.56626,0.00202384
687.028,1.56624,0.00202595
686.028,1.56622,0.00202806
685.028,1.5662,0.00203019
684.029,1.56618,0.00203232
683.029,1.56616,0.00203446
682.029,1.56613,0.0020366
681.029,1.56611,0.00203875
680.029,1.56609,0.0020409
679.029,1.56607,0.00204306
678.029,1.56605,0.00204523
677.029,1.56603,0.00204741
676.029,1.566,0.00204959
675.029,1.56598,0.00205177
674.03,1.56596,0.00205397
673.03,1.56594,0.00205617
672.03,1.56592,0.00205837
671.03,1.56589,0.00206059
670.03,1.56587,0.00206281
669.03,1.56585,0.00206503
668.03,1.56583,0.00206727
667.03,1.5658,0.0020695
666.03,1.56578,0.00207175
665.031,1.56576,0.002074
664.031,1.56574,0.00207626
663.031,1.56571,0.00207853
662.031,1.56569,0.0020808
661.031,1.56567,0.00208308
660.031,1.56565,0.00208537
659.031,1.56562,0.00208767
658.031,1.5656,0.00208997
657.032,1.56558,0.00209228
656.032,1.56555,0.00209459
655.032,1.56553,0.00209691
654.032,1.56551,0.00209924
653.032,1.56548,0.00210158
652.032,1.56546,0.00210392
651.032,1.56544,0.00210627
650.032,1.56541,0.00210863
649.032,1.56539,0.002111
648.033,1.56536,0.00211337
647.033,1.56534,0.00211575
646.033,1.56532,0.00211813
645.033,1.56529,0.00212053
644.033,1.56527,0.00212293
643.033,1.56524,0.00212534
642.033,1.56522,0.00212776
641.033,1.5652,0.00213018
640.034,1.56517,0.00213261
639.034,1.56515,0.00213505
638.034,1.56512,0.0021375
637.034,1.5651,0.00213995
636.034,1.56507,0.00214242
635.034,1.56505,0.00214489
634.034,1.56502,0.00214736
633.034,1.565,0.00214985
632.035,1.56497,0.00215234
631.035,1.56495,0.00215484
630.035,1.56492,0.00215735
629.035,1.5649,0.00215987
628.035,1.56487,0.0021624
627.035,1.56485,0.00216493
626.035,1.56482,0.00216747
625.035,1.5648,0.00217002
624.036,1.56477,0.00217258
623.036,1.56475,0.00217514
622.036,1.56472,0.00217772
621.036,1.56469,0.0021803
620.036,1.56467,0.00218289
619.036,1.56464,0.00218549
618.036,1.56462,0.0021881
617.036,1.56459,0.00219071
616.037,1.56456,0.00219334
615.037,1.56454,0.00219597
614.037,1.56451,0.00219861
613.037,1.56448,0.00220126
612.037,1.56446,0.00220392
611.037,1.56443,0.00220659
610.037,1.5644,0.00220926
609.038,1.56438,0.00221195
608.038,1.56435,0.00221464
607.038,1.56432,0.00221734
606.038,1.5643,0.00222005
605.038,1.56427,0.00222277
604.038,1.56424,0.0022255
603.038,1.56421,0.00222824
602.039,1.56419,0.00223099
601.039,1.56416,0.00223374
600.039,1.56413,0.00223651
599.039,1.5641,0.00223928
598.039,1.56407,0.00224207
597.039,1.56405,0.00224486
596.039,1.56402,0.00224766
595.04,1.56399,0.00225048
594.04,1.56396,0.0022533
593.04,1.56393,0.00225613
592.04,1.56391,0.00225897
591.04,1.56388,0.00226182
590.04,1.56385,0.00226468
589.04,1.56382,0.00226755
588.041,1.56379,0.00227043
587.041,1.56376,0.00227331
586.041,1.56373,0.00227621
585.041,1.5637,0.00227912
584.041,1.56367,0.00228204
583.041,1.56364,0.00228497
582.041,1.56361,0.00228791
581.042,1.56359,0.00229085
580.042,1.56356,0.00229381
579.042,1.56353,0.00229678
578.042,1.5635,0.00229976
577.042,1.56347,0.00230275
576.042,1.56344,0.00230575
575.042,1.56341,0.00230876
574.043,1.56338,0.00231178
573.043,1.56335,0.00231481
572.043,1.56331,0.00231785
571.043,1.56328,0.0023209
570.043,1.56325,0.00232397
569.043,1.56322,0.00232704
568.044,1.56319,0.00233012
567.044,1.56316,0.00233322
566.044,1.56313,0.00233633
565.044,1.5631,0.00233944
564.044,1.56307,0.00234257
563.044,1.56304,0.00234571
562.044,1.563,0.00234886
561.045,1.56297,0.00235202
560.045,1.56294,0.00235519
559.045,1.56291,0.00235838
558.045,1.56288,0.00236157
557.045,1.56284,0.00236478
556.045,1.56281,0.002368
555.046,1.56278,0.00237123
554.046,1.56275,0.00237447
553.046,1.56271,0.00237772
552.046,1.56268,0.00238099
551.046,1.56265,0.00238426
550.046,1.56262,0.00238755
549.047,1.56258,0.00239085
548.047,1.56255,0.00239416
547.047,1.56252,0.00239749
546.047,1.56248,0.00240083
545.047,1.56245,0.00240417
544.047,1.56241,0.00240754
543.048,1.56238,0.00241091
542.048,1.56235,0.00241429
541.048,1.56231,0.00241769
540.048,1.56228,0.0024211
539.048,1.56224,0.00242453
538.048,1.56221,0.00242796
537.049,1.56218,0.00243141
536.049,1.56214,0.00243487
535.049,1.56211,0.00243835
534.049,1.56207,0.00244184
533.049,1.56204,0.00244534
532.05,1.562,0.00244885
531.05,1.56197,0.00245238
530.05,1.56193,0.00245592
529.05,1.56189,0.00245947
528.05,1.56186,0.00246304
527.05,1.56182,0.00246662
526.051,1.56179,0.00247021
525.051,1.56175,0.00247382
524.051,1.56171,0.00247744
523.051,1.56168,0.00248108
522.051,1.56164,0.00248472
521.052,1.5616,0.00248839
520.052,1.56157,0.00249206
519.052,1.56153,0.00249576
518.052,1.56149,0.00249946
517.052,1.56146,0.00250318
516.052,1.56142,0.00250691
515.053,1.56138,0.00251066
514.053,1.56134,0.00251442
513.053,1.5613,0.0025182
512.053,1.56127,0.00252199
511.053,1.56123,0.0025258
510.054,1.56119,0.00252962
509.054,1.56115,0.00253346
508.054,1.56111,0.00253731
507.054,1.56107,0.00254118
506.054,1.56103,0.00254506
505.055,1.561,0.00254896
504.055,1.56096,0.00255287
503.055,1.56092,0.0025568
502.055,1.56088,0.00256074
501.055,1.56084,0.0025647
500.056,1.5608,0.00256868
499.056,1.56076,0.00257267
498.056,1.56072,0.00257668
497.056,1.56068,0.0025807
496.056,1.56064,0.00258474
495.057,1.5606,0.00258879
494.057,1.56055,0.00259287
493.057,1.56051,0.00259695
492.057,1.56047,0.00260106
491.057,1.56043,0.00260518
490.058,1.56039,0.00260932
489.058,1.56035,0.00261347
488.058,1.56031,0.00261765
487.058,1.56026,0.00262184
486.058,1.56022,0.00262604
485.059,1.56018,0.00263027
484.059,1.56014,0.00263451
483.059,1.56009,0.00263877
482.059,1.56005,0.00264304
481.06,1.56001,0.00264734
480.06,1.55996,0.00265165
479.06,1.55992,0.00265598
478.06,1.55988,0.00266032
477.06,1.55983,0.00266469
476.061,1.55979,0.00266907
475.061,1.55975,0.00267348
474.061,1.5597,0.0026779
473.061,1.55966,0.00268234
472.062,1.55961,0.0026868
471.062,1.55957,0.00269127
470.062,1.55952,0.00269577
469.062,1.55948,0.00270028
468.062,1.55943,0.00270482
467.063,1.55938,0.00270937
466.063,1.55934,0.00271395
465.063,1.55929,0.00271854
464.063,1.55925,0.00272315
463.064,1.5592,0.00272778
462.064,1.55915,0.00273244
461.064,1.55911,0.00273711
460.064,1.55906,0.0027418
459.065,1.55901,0.00274651
458.065,1.55896,0.00275125
457.065,1.55892,0.002756
456.065,1.55887,0.00276078
455.066,1.55882,0.00276557
454.066,1.55877,0.00277039
453.066,1.55872,0.00277523
452.066,1.55867,0.00278008
451.066,1.55863,0.00278497
450.067,1.55858,0.00278987
449.067,1.55853,0.00279479
448.067,1.55848,0.00279974
447.067,1.55843,0.00280471
446.068,1.55838,0.0028097
445.068,1.55833,0.00281471
444.068,1.55828,0.00281974
443.069,1.55823,0.0028248
442.069,1.55817,0.00282988
441.069,1.55812,0.00283498
440.069,1.55807,0.00284011
439.07,1.55802,0.00284526
438.07,1.55797,0.00285043
437.07,1.55792,0.00285563
436.07,1.55786,0.00286085
435.071,1.55781,0.00286609
434.071,1.55776,0.00287136
433.071,1.5577,0.00287665
432.071,1.55765,0.00288197
431.072,1.5576,0.00288731
430.072,1.55754,0.00289268
429.072,1.55749,0.00289807
428.072,1.55743,0.00290348
427.073,1.55738,0.00290892
426.073,1.55732,0.00291439
425.073,1.55727,0.00291988
424.074,1.55721,0.0029254
423.074,1.55716,0.00293095
422.074,1.5571,0.00293652
421.074,1.55705,0.00294211
420.075,1.55699,0.00294773
419.075,1.55693,0.00295338
418.075,1.55688,0.00295906
417.076,1.55682,0.00296476
416.076,1.55676,0.0029705
415.076,1.5567,0.00297625
414.076,1.55664,0.00298204
413.077,1.55659,0.00298785
412.077,1.55653,0.0029937
411.077,1.55647,0.00299957
410.078,1.55641,0.00300547
409.078,1.55635,0.00301139
408.078,1.55629,0.00301735
407.079,1.55623,0.00302333
406.079,1.55617,0.00302935
405.079,1.55611,0.00303539
404.079,1.55605,0.00304147
403.08,1.55599,0.00304757
402.08,1.55592,0.00305371
401.08,1.55586,0.00305987
400.081,1.5558,0.00306607
399.081,1.55574,0.00307229
398.081,1.55567,0.00307855
397.082,1.55561,0.00308484
396.082,1.55555,0.00309116
395.082,1.55548,0.00309751
394.083,1.55542,0.0031039
393.083,1.55535,0.00311031
392.083,1.55529,0.00311676
391.084,1.55522,0.00312324
390.084,1.55516,0.00312976
389.084,1.55509,0.00313631
388.085,1.55503,0.00314289
387.085,1.55496,0.00314951
386.085,1.55489,0.00315616
385.086,1.55483,0.00316284
384.086,1.55476,0.00316956
383.086,1.55469,0.00317631
382.087,1.55462,0.0031831
381.087,1.55455,0.00318993
380.087,1.55448,0.00319679
379.088,1.55441,0.00320368
378.088,1.55434,0.00321062
377.088,1.55427,0.00321758
376.089,1.5542,0.00322459
375.089,1.55413,0.00323163
374.089,1.55406,0.00323871
373.09,1.55399,0.00324583
372.09,1.55392,0.00325299
371.091,1.55385,0.00326018
370.091,1.55377,0.00326742
369.091,1.5537,0.00327469
368.092,1.55363,0.003282
367.092,1.55355,0.00328935
366.092,1.55348,0.00329674
365.093,1.5534,0.00330417
364.093,1.55333,0.00331165
363.093,1.55325,0.00331916
362.094,1.55318,0.00332671
361.094,1.5531,0.00333431
360.095,1.55302,0.00334195
359.095,1.55295,0.00334963
358.095,1.55287,0.00335735
357.096,1.55279,0.00336512
356.096,1.55271,0.00337292
355.097,1.55263,0.00338078
354.097,1.55255,0.00338867
353.097,1.55247,0.00339662
352.098,1.55239,0.0034046
351.098,1.55231,0.00341263
350.099,1.55223,0.00342071
349.099,1.55215,0.00342883
348.099,1.55207,0.003437
347.1,1.55198,0.00344522
346.1,1.5519,0.00345348
345.101,1.55182,0.00346179
344.101,1.55173,0.00347015
343.102,1.55165,0.00347856
342.102,1.55156,0.00348702
341.102,1.55148,0.00349552
340.103,1.55139,0.00350408
339.103,1.5513,0.00351269
338.104,1.55122,0.00352134
337.104,1.55113,0.00353005
336.105,1.55104,0.00353881
335.105,1.55095,0.00354762
334.105,1.55086,0.00355648
333.106,1.55077,0.0035654
332.106,1.55068,0.00357437
331.107,1.55059,0.00358339
330.107,1.5505,0.00359247
329.108,1.55041,0.0036016
328.108,1.55031,0.00361079
327.109,1.55022,0.00362003
326.109,1.55013,0.00362933
325.11,1.55003,0.00363869
324.11,1.54994,0.0036481
323.111,1.54984,0.00365758
322.111,1.54975,0.00366711
321.112,1.54965,0.0036767
320.112,1.54955,0.00368635
319.113,1.54945,0.00369606
318.113,1.54936,0.00370583
317.114,1.54926,0.00371566
316.114,1.54916,0.00372555
315.115,1.54906,0.00373551
314.115,1.54896,0.00374552
313.116,1.54885,0.00375561
312.116,1.54875,0.00376575
311.117,1.54865,0.00377596
310.117,1.54855,0.00378624
309.118,1.54844,0.00379658
308.118,1.54834,0.00380699
307.119,1.54823,0.00381747
306.119,1.54812,0.00382801
305.12,1.54802,0.00383863
304.12,1.54791,0.00384931
303.121,1.5478,0.00386006
302.121,1.54769,0.00387088
301.122,1.54758,0.00388178
300.122,1.54747,0.00389275
299.123,1.54736,0.00390379
298.124,1.54725,0.0039149
297.124,1.54713,0.00392609
296.125,1.54702,0.00393735
295.125,1.54691,0.00394869
294.126,1.54679,0.0039601
293.126,1.54668,0.0039716
292.127,1.54656,0.00398317
291.128,1.54644,0.00399482
290.128,1.54632,0.00400655
289.129,1.5462,0.00401835
288.129,1.54608,0.00403025
287.13,1.54596,0.00404222
286.131,1.54584,0.00405428
285.131,1.54572,0.00406642
284.132,1.54559,0.00407864
283.133,1.54547,0.00409095
282.133,1.54535,0.00410335
281.134,1.54522,0.00411584
280.134,1.54509,0.00412841
279.135,1.54496,0.00414107
278.136,1.54484,0.00415383
277.136,1.54471,0.00416667
276.137,1.54458,0.00417961
275.138,1.54444,0.00419264
274.138,1.54431,0.00420577
273.139,1.54418,0.00421899
272.14,1.54404,0.00423231
271.14,1.54391,0.00424572
270.141,1.54377,0.00425923
269.142,1.54363,0.00427285
268.142,1.54349,0.00428656
267.143,1.54335,0.00430038
266.144,1.54321,0.0043143
265.145,1.54307,0.00432832
264.145,1.54293,0.00434245
263.146,1.54279,0.00435668
262.147,1.54264,0.00437103
261.147,1.54249,0.00438548
260.148,1.54235,0.00440004
259.149,1.5422,0.00441471
258.15,1.54205,0.0044295
257.15,1.5419,0.0044444
256.151,1.54175,0.00445942
255.152,1.54159,0.00447455
254.153,1.54144,0.0044898
253.154,1.54128,0.00450517
252.154,1.54113,0.00452066
251.155,1.54097,0.00453628
250.156,1.54081,0.00455201
249.157,1.54065,0.00456788
248.157,1.54049,0.00458387
247.158,1.54033,0.00459999
246.159,1.54016,0.00461623
245.16,1.54,0.00463261
244.161,1.53983,0.00464913
243.162,1.53966,0.00466578
242.162,1.53949,0.00468256
241.163,1.53932,0.00469948
240.164,1.53915,0.00471654
239.165,1.53897,0.00473375
238.166,1.5388,0.00475109
237.167,1.53862,0.00476859
236.168,1.53844,0.00478622
235.169,1.53826,0.00480401
234.17,1.53808,0.00482195
233.17,1.5379,0.00484004
232.171,1.53771,0.00485829
231.172,1.53753,0.00487669
230.173,1.53734,0.00489525
229.174,1.53715,0.00491397
228.175,1.53696,0.00493285
227.176,1.53676,0.0049519
226.177,1.53657,0.00497112
225.178,1.53637,0.0049905
224.179,1.53617,0.00501006
223.18,1.53597,0.00502979
222.181,1.53577,0.00504969
221.182,1.53557,0.00506978
220.183,1.53536,0.00509004
219.184,1.53516,0.00511049
218.185,1.53495,0.00513113
217.186,1.53474,0.00515195
216.187,1.53452,0.00517296
215.188,1.53431,0.00519417
214.19,1.53409,0.00521557
213.191,1.53387,0.00523718
212.192,1.53365,0.00525898
211.193,1.53343,0.00528099
210.194,1.5332,0.0053032
209.195,1.53298,0.00532563
208.196,1.53275,0.00534827
207.197,1.53251,0.00537113
206.199,1.53228,0.0053942
205.2,1.53204,0.0054175
204.201,1.53181,0.00544103
203.202,1.53156,0.00546478
202.203,1.53132,0.00548877
201.205,1.53108,0.00551299
200.206,1.53083,0.00553746
199.207,1.53058,0.00556216
198.208,1.53032,0.00558712
197.21,1.53007,0.00561232
196.211,1.52981,0.00563778
195.212,1.52955,0.00566349
194.214,1.52928,0.00568947
193.215,1.52902,0.00571572
192.216,1.52875,0.00574223
191.218,1.52848,0.00576902
190.219,1.5282,0.00579609
189.22,1.52792,0.00582344
188.222,1.52764,0.00585108
187.223,1.52736,0.00587902
186.225,1.52707,0.00590725
185.226,1.52678,0.00593578
184.228,1.52649,0.00596461
183.229,1.52619,0.00599376
182.231,1.52589,0.00602323
181.232,1.52559,0.00605301
180.234,1.52528,0.00608313
179.235,1.52497,0.00611358
178.237,1.52466,0.00614436
177.238,1.52434,0.00617549
176.24,1.52402,0.00620697
175.241,1.5237,0.0062388
174.243,1.52337,0.00627099
173.245,1.52304,0.00630356
172.246,1.52271,0.00633649
171.248,1.52237,0.00636981
170.25,1.52202,0.00640351
169.252,1.52168,0.00643761
168.253,1.52133,0.00647211
167.255,1.52097,0.00650702
166.257,1.52061,0.00654234
165.259,1.52025,0.00657808
164.261,1.51988,0.00661426
163.262,1.51951,0.00665087
162.264,1.51913,0.00668793
161.266,1.51875,0.00672544
160.268,1.51836,0.00676342
159.27,1.51797,0.00680186
158.272,1.51757,0.00684079
157.274,1.51717,0.00688021
156.276,1.51676,0.00692012
155.278,1.51635,0.00696055
154.28,1.51593,0.00700149
153.282,1.51551,0.00704295
152.284,1.51508,0.00708496
151.287,1.51465,0.00712752
150.289,1.51421,0.00717063
149.291,1.51376,0.00721431
148.293,1.51331,0.00725858
147.296,1.51285,0.00730344
146.298,1.51239,0.00734891
145.3,1.51192,0.00739499
144.303,1.51144,0.0074417
143.305,1.51096,0.00748906
142.307,1.51047,0.00753708
141.31,1.50997,0.00758576
140.312,1.50946,0.00763513
139.315,1.50895,0.0076852
138.318,1.50843,0.00773599
137.32,1.50791,0.0077875
136.323,1.50737,0.00783976
135.326,1.50683,0.00789279
134.328,1.50628,0.00794659
133.331,1.50572,0.00800118
132.334,1.50515,0.0080566
131.337,1.50458,0.00811284
130.34,1.50399,0.00816993
129.343,1.5034,0.0082279
128.346,1.5028,0.00828675
127.349,1.50219,0.00834652
126.352,1.50156,0.00840722
125.355,1.50093,0.00846888
124.358,1.50029,0.00853151
123.361,1.49964,0.00859514
122.365,1.49898,0.0086598
121.368,1.4983,0.00872551
120.371,1.49762,0.00879229
119.375,1.49692,0.00886017
118.378,1.49621,0.00892919
117.382,1.49549,0.00899936
116.386,1.49476,0.00907072
115.389,1.49402,0.0091433
114.393,1.49326,0.00921713
113.397,1.49249,0.00929224
112.401,1.4917,0.00936867
111.405,1.4909,0.00944645
110.409,1.49009,0.00952561
109.413,1.48926,0.0096062
108.417,1.48842,0.00968825
107.421,1.48756,0.00977181
106.426,1.48669,0.00985691
105.43,1.48579,0.0099436
104.435,1.48489,0.0100319
103.439,1.48396,0.0101219
102.444,1.48302,0.0102136
101.449,1.48205,0.0103072
100.454,1.48107,0.0104025
99.4585,1.48007,0.0104997
98.4636,1.47905,0.0105989
97.4688,1.47801,0.0107
96.474,1.47694,0.0108033
95.4794,1.47586,0.0109086
94.4849,1.47475,0.0110161
93.4905,1.47361,0.0111259
92.4962,1.47246,0.0112381
91.5021,1.47127,0.0113526
90.5081,1.47007,0.0114696
89.5142,1.46883,0.0115892
88.5204,1.46757,0.0117115
87.5268,1.46628,0.0118364
86.5334,1.46496,0.0119643
85.5401,1.4636,0.012095
84.5469,1.46222,0.0122288
83.5539,1.4608,0.0123657
82.5611,1.45935,0.0125059
81.5684,1.45787,0.0126494
80.5759,1.45634,0.0127965
79.5837,1.45478,0.0129472
78.5916,1.45318,0.0131016
77.5997,1.45154,0.0132599
76.608,1.44986,0.0134223
75.6165,1.44813,0.0135889
74.6253,1.44636,0.0137598
73.6342,1.44454,0.0139353
72.6435,1.44266,0.0141156
71.653,1.44074,0.0143007
70.6627,1.43876,0.014491
69.6727,1.43673,0.0146867
68.683,1.43464,0.0148879
67.6936,1.43249,0.015095
66.7046,1.43027,0.0153081
65.7158,1.42799,0.0155275
64.7274,1.42563,0.0157536
63.7393,1.42321,0.0159867
62.7517,1.4207,0.016227
61.7644,1.41812,0.0164749
60.7775,1.41545,0.0167308
59.791,1.4127,0.0169951
58.805,1.40985,0.0172681
57.8195,1.4069,0.0175504
56.8345,1.40385,0.0178424
55.85,1.4007,0.0181446
54.866,1.39743,0.0184576
53.8826,1.39404,0.018782
52.8999,1.39053,0.0191183
51.9178,1.38688,0.0194674
50.9364,1.38309,0.0198298
49.9557,1.37915,0.0202064
48.9757,1.37506,0.020598
47.9966,1.37079,0.0210056
47.0183,1.36635,0.0214302
46.041,1.36172,0.0218728
45.0647,1.35689,0.0223346
44.0893,1.35184,0.022817
43.1151,1.34657,0.0233212
42.1421,1.34105,0.023849
41.1704,1.33527,0.0244018
40.2,1.32921,0.0249817
39.231,1.32285,0.0255906
38.2637,1.31616,0.0262308
37.298,1.30913,0.0269048
36.3341,1.30173,0.0276153
35.3722,1.29391,0.0283655
34.4125,1.28566,0.0291588
33.455,1.27694,0.0299991
32.5001,1.2677,0.0308907
31.5479,1.2579,0.0318386
30.5986,1.24749,0.0328484
29.6527,1.23641,0.0339264
28.7103,1.22459,0.0350799
27.7718,1.21197,0.0363175
26.8377,1.19847,0.0376488
25.9084,1.18399,0.0390853
24.9845,1.16843,0.0406404
24.0664,1.15166,0.0423299
23.155,1.13357,0.0441729
22.2511,1.11399,0.0461921
21.3554,1.09274,0.0484155
20.4692,1.06963,0.0508775
19.5937,1.04442,0.0536212
18.7303,1.01686,0.0567011
17.8808,0.986629,0.0601877
17.0471,0.95339,0.0641738
16.2317,0.916746,0.0687838
15.4374,0.876254,0.074189
14.6675,0.831417,0.0806318
13.9257,0.781694,0.0884656
13.2168,0.726513,0.0982245
12.5459,0.665296,0.110752
11.919,0.597511,0.127447
11.3427,0.522755,0.150791
10.8242,0.440897,0.185567
10.3712,0.352342,0.242162
9.99111,0.258719,0.347384
9.69107,0.165633,0.590105
9.47727,0.101086,1.28209
9.35454,0.138843,2.30707
9.32607,0.243428,2.65157
9.39307,0.358998,2.78106
9.55462,0.475109,2.8447
9.80759,0.587711,2.88134
10.1468,0.694449,2.90466
10.5653,0.793893,2.92064
11.0553,0.885321,2.93225
11.6085,0.968564,2.94111
12.2168,1.04385,2.94815
12.8728,1.11167,2.95393
13.5696,1.17263,2.9588
14.3014,1.22741,2.963
15.0633,1.27668,2.96669
15.8509,1.32106,2.96995
16.6606,1.36113,2.97289
17.4895,1.39739,2.97554
18.3349,1.4303,2.97796
19.1946,1.46025,2.98017
20.067,1.48758,2.98221
20.9504,1.51261,2.98409
21.8435,1.53558,2.98583
22.7453,1.55672,2.98745
23.6546,1.57623,2.98897
24.5708,1.59428,2.99038
25.4931,1.61102,2.99171
26.4208,1.62659,2.99295
27.3535,1.64108,2.99412
28.2906,1.65462,2.99523
29.2318,1.66728,2.99627
30.1766,1.67915,2.99725
31.1248,1.69029,2.99819
32.076,1.70077,2.99907
33.03,1.71064,2.99992
33.9866,1.71996,3.00071
34.9455,1.72876,3.00148
35.9067,1.7371,3.0022
36.8698,1.74499,3.00289
37.8348,1.75249,3.00356
38.8015,1.75961,3.00419
39.7698,1.76638,3.00479
40.7396,1.77283,3.00537
41.7108,1.77898,3.00593
42.6833,1.78484,3.00647
43.657,1.79045,3.00698
44.6318,1.79581,3.00747
45.6077,1.80094,3.00794
46.5846,1.80586,3.0084
47.5624,1.81057,3.00884
48.5411,1.8151,3.00926
49.5207,1.81944,3.00967
50.501,1.82362,3.01007
51.482,1.82764,3.01045
52.4638,1.8315,3.01082
53.4462,1.83523,3.01117
54.4293,1.83882,3.01152
55.4129,1.84228,3.01185
56.3971,1.84562,3.01217
57.3819,1.84885,3.01248
58.3671,1.85196,3.01279
59.3529,1.85498,3.01308
60.3391,1.85789,3.01337
61.3257,1.86071,3.01364
62.3127,1.86345,3.01391
63.3002,1.86609,3.01417
64.288,1.86866,3.01443
65.2762,1.87115,3.01467
66.2648,1.87356,3.01491
67.2536,1.8759,3.01515
68.2428,1.87818,3.01538
69.2323,1.88039,3.0156
70.2221,1.88253,3.01581
71.2122,1.88462,3.01602
72.2025,1.88665,3.01623
73.1931,1.88863,3.01643
74.184,1.89055,3.01662
75.1751,1.89242,3.01681
76.1664,1.89425,3.017
77.1579,1.89602,3.01718
78.1496,1.89775,3.01735
79.1416,1.89944,3.01753
80.1337,1.90109,3.0177
81.1261,1.90269,3.01786
82.1186,1.90426,3.01802
83.1113,1.90579,3.01818
84.1042,1.90728,3.01833
85.0972,1.90874,3.01848
86.0904,1.91017,3.01863
87.0837,1.91156,3.01878
88.0772,1.91292,3.01892
89.0709,1.91425,3.01906
90.0646,1.91555,3.01919
91.0585,1.91682,3.01932
92.0526,1.91807,3.01945
93.0467,1.91929,3.01958
94.041,1.92048,3.01971
95.0354,1.92165,3.01983
96.03,1.92279,3.01995
97.0246,1.92391,3.02007
98.0193,1.92501,3.02018
99.0142,1.92609,3.0203
100.009,1.92714,3.02041
101.004,1.92818,3.02052
101.999,1.92919,3.02062
102.995,1.93018,3.02073
103.99,1.93116,3.02083
104.985,1.93211,3.02093
105.981,1.93305,3.02103
106.976,1.93397,3.02113
107.972,1.93488,3.02123
108.968,1.93576,3.02132
109.964,1.93663,3.02142
110.959,1.93749,3.02151
111.955,1.93833,3.0216
112.951,1.93916,3.02168
113.948,1.93997,3.02177
114.944,1.94076,3.02186
115.94,1.94155,3.02194
116.936,1.94232,3.02202
117.933,1.94307,3.02211
118.929,1.94382,3.02219
119.925,1.94455,3.02226
120.922,1.94527,3.02234
121.919,1.94598,3.02242
122.915,1.94668,3.02249
123.912,1.94736,3.02257
124.909,1.94804,3.02264
125.906,1.9487,3.02271
126.902,1.94935,3.02278
127.899,1.95,3.02285
128.896,1.95063,3.02292
129.893,1.95125,3.02299
130.89,1.95187,3.02306
131.887,1.95247,3.02312
132.884,1.95307,3.02319
133.882,1.95365,3.02325
134.879,1.95423,3.02331
135.876,1.9548,3.02337
136.873,1.95536,3.02344
137.871,1.95592,3.0235
138.868,1.95646,3.02356
139.866,1.957,3.02361
140.863,1.95753,3.02367
141.86,1.95805,3.02373
142.858,1.95857,3.02379
143.855,1.95908,3.02384
144.853,1.95958,3.0239
145.851,1.96007,3.02395
146.848,1.96056,3.024
147.846,1.96104,3.02406
148.844,1.96151,3.02411
149.841,1.96198,3.02416
150.839,1.96244,3.02421
151.837,1.9629,3.02426
152.835,1.96335,3.02431
153.833,1.96379,3.02436
154.831,1.96423,3.02441
155.829,1.96466,3.02446
156.826,1.96509,3.0245
157.824,1.96551,3.02455
158.822,1.96593,3.0246
159.82,1.96634,3.02464
160.818,1.96675,3.02469
161.816,1.96715,3.02473
162.815,1.96754,3.02477
163.813,1.96794,3.02482
164.811,1.96832,3.02486
165.809,1.9687,3.0249
166.807,1.96908,3.02494
167.805,1.96946,3.02499
168.804,1.96982,3.02503
169.802,1.97019,3.02507
170.8,1.97055,3.02511
171.798,1.9709,3.02515
172.797,1.97126,3.02519
173.795,1.9716,3.02522
174.793,1.97195,3.02526
175.792,1.97229,3.0253
176.79,1.97262,3.02534
177.788,1.97295,3.02537
178.787,1.97328,3.02541
179.785,1.97361,3.02545
180.784,1.97393,3.02548
181.782,1.97425,3.02552
182.781,1.97456,3.02555
183.779,1.97487,3.02559
184.778,1.97518,3.02562
185.776,1.97548,3.02566
186.775,1.97578,3.02569
187.773,1.97608,3.02572
188.772,1.97638,3.02576
189.77,1.97667,3.02579
190.769,1.97696,3.02582
191.768,1.97724,3.02585
192.766,1.97752,3.02589
193.765,1.9778,3.02592
194.764,1.97808,3.02595
195.762,1.97835,3.02598
196.761,1.97863,3.02601
197.76,1.97889,3.02604
198.758,1.97916,3.02607
199.757,1.97942,3.0261
200.756,1.97968,3.02613
201.755,1.97994,3.02616
202.753,1.9802,3.02619
203.752,1.98045,3.02621
204.751,1.9807,3.02624
205.75,1.98095,3.02627
206.748,1.98119,3.0263
207.747,1.98144,3.02632
208.746,1.98168,3.02635
209.745,1.98191,3.02638
210.744,1.98215,3.0264
211.743,1.98238,3.02643
212.742,1.98262,3.02646
213.74,1.98285,3.02648
214.739,1.98307,3.02651
215.738,1.9833,3.02653
216.737,1.98352,3.02656
217.736,1.98374,3.02658
218.735,1.98396,3.02661
219.734,1.98418,3.02663
220.733,1.9844,3.02666
221.732,1.98461,3.02668
222.731,1.98482,3.02671
223.73,1.98503,3.02673
224.729,1.98524,3.02675
225.728,1.98544,3.02678
226.727,1.98565,3.0268
227.726,1.98585,3.02682
228.725,1.98605,3.02685
229.724,1.98625,3.02687
230.723,1.98645,3.02689
231.722,1.98664,3.02691
232.721,1.98683,3.02693
233.72,1.98703,3.02696
234.719,1.98722,3.02698
235.718,1.98741,3.027
236.717,1.98759,3.02702
237.717,1.98778,3.02704
238.716,1.98796,3.02706
239.715,1.98814,3.02708
240.714,1.98833,3.0271
241.713,1.98851,3.02712
242.712,1.98868,3.02714
243.711,1.98886,3.02716
244.71,1.98903,3.02718
245.71,1.98921,3.0272
246.709,1.98938,3.02722
247.708,1.98955,3.02724
248.707,1.98972,3.02726
249.706,1.98989,3.02728
250.705,1.99006,3.0273
251.705,1.99022,3.02732
252.704,1.99039,3.02734
253.703,1.99055,3.02736
254.702,1.99071,3.02737
255.701,1.99087,3.02739
256.701,1.99103,3.02741
257.7,1.99119,3.02743
258.699,1.99134,3.02745
259.698,1.9915,3.02746
260.698,1.99165,3.02748
261.697,1.99181,3.0275
262.696,1.99196,3.02752
263.695,1.99211,3.02753
264.695,1.99226,3.02755
265.694,1.99241,3.02757
266.693,1.99255,3.02758
267.693,1.9927,3.0276
268.692,1.99285,3.02762
269.691,1.99299,3.02763
270.69,1.99313,3.02765
271.69,1.99328,3.02767
272.689,1.99342,3.02768
273.688,1.99356,3.0277
274.688,1.9937,3.02771
275.687,1.99383,3.02773
276.686,1.99397,3.02775
277.686,1.99411,3.02776
278.685,1.99424,3.02778
279.684,1.99437,3.02779
280.684,1.99451,3.02781
281.683,1.99464,3.02782
282.683,1.99477,3.02784
283.682,1.9949,3.02785
284.681,1.99503,3.02787
285.681,1.99516,3.02788
286.68,1.99529,3.0279
287.679,1.99541,3.02791
288.679,1.99554,3.02792
289.678,1.99566,3.02794
290.678,1.99579,3.02795
291.677,1.99591,3.02797
292.676,1.99603,3.02798
293.676,1.99615,3.028
294.675,1.99628,3.02801
295.675,1.9964,3.02802
296.674,1.99651,3.02804
297.673,1.99663,3.02805
298.673,1.99675,3.02806
299.672,1.99687,3.02808
300.672,1.99698,3.02809
301.671,1.9971,3.0281
302.671,1.99721,3.02812
303.67,1.99733,3.02813
304.67,1.99744,3.02814
305.669,1.99755,3.02816
306.668,1.99766,3.02817
307.668,1.99777,3.02818
308.667,1.99788,3.02819
309.667,1.99799,3.02821
310.666,1.9981,3.02822
311.666,1.99821,3.02823
312.665,1.99832,3.02824
313.665,1.99842,3.02826
314.664,1.99853,3.02827
315.664,1.99863,3.02828
316.663,1.99874,3.02829
317.663,1.99884,3.0283
318.662,1.99894,3.02832
319.662,1.99905,3.02833
320.661,1.99915,3.02834
321.661,1.99925,3.02835
322.66,1.99935,3.02836
323.66,1.99945,3.02837
324.659,1.99955,3.02839
325.659,1.99965,3.0284
326.658,1.99975,3.02841
327.658,1.99984,3.02842
328.657,1.99994,3.02843
329.657,2.00004,3.02844
330.656,2.00013,3.02845
331.656,2.00023,3.02846
332.655,2.00032,3.02847
333.655,2.00042,3.02849
334.655,2.00051,3.0285
335.654,2.0006,3.02851
336.654,2.0007,3.02852
337.653,2.00079,3.02853
338.653,2.00088,3.02854
339.652,2.00097,3.02855
340.652,2.00106,3.02856
341.651,2.00115,3.02857
342.651,2.00124,3.02858
343.651,2.00133,3.02859
344.65,2.00142,3.0286
345.65,2.0015,3.02861
346.649,2.00159,3.02862
347.649,2.00168,3.02863
348.648,2.00176,3.02864
349.648,2.00185,3.02865
350.648,2.00193,3.02866
351.647,2.00202,3.02867
352.647,2.0021,3.02868
353.646,2.00219,3.02869
354.646,2.00227,3.0287
355.646,2.00235,3.02871
356.645,2.00244,3.02872
357.645,2.00252,3.02873
358.644,2.0026,3.02874
359.644,2.00268,3.02875
360.644,2.00276,3.02876
361.643,2.00284,3.02876
362.643,2.00292,3.02877
363.642,2.003,3.02878
364.642,2.00308,3.02879
365.642,2.00316,3.0288
366.641,2.00323,3.02881
367.641,2.00331,3.02882
368.641,2.00339,3.02883
369.64,2.00347,3.02884
370.64,2.00354,3.02885
371.639,2.00362,3.02885
372.639,2.00369,3.02886
373.639,2.00377,3.02887
374.638,2.00384,3.02888
375.638,2.00392,3.02889
376.638,2.00399,3.0289
377.637,2.00406,3.02891
378.637,2.00414,3.02891
379.637,2.00421,3.02892
380.636,2.00428,3.02893
381.636,2.00435,3.02894
382.635,2.00443,3.02895
383.635,2.0045,3.02896
384.635,2.00457,3.02896
385.634,2.00464,3.02897
386.634,2.00471,3.02898
387.634,2.00478,3.02899
388.633,2.00485,3.029
389.633,2.00492,3.029
390.633,2.00498,3.02901
391.632,2.00505,3.02902
392.632,2.00512,3.02903
393.632,2.00519,3.02904
394.631,2.00526,3.02904
395.631,2.00532,3.02905
396.631,2.00539,3.02906
397.63,2.00545,3.02907
398.63,2.00552,3.02907
399.63,2.00559,3.02908
400.629,2.00565,3.02909
401.629,2.00572,3.0291
402.629,2.00578,3.0291
403.629,2.00585,3.02911
404.628,2.00591,3.02912
405.628,2.00597,3.02913
406.628,2.00604,3.02913
407.627,2.0061,3.02914
408.627,2.00616,3.02915
409.627,2.00622,3.02916
410.626,2.00629,3.02916
411.626,2.00635,3.02917
412.626,2.00641,3.02918
413.626,2.00647,3.02918
414.625,2.00653,3.02919
415.625,2.00659,3.0292
416.625,2.00665,3.02921
417.624,2.00671,3.02921
418.624,2.00677,3.02922
419.624,2.00683,3.02923
420.623,2.00689,3.02923
421.623,2.00695,3.02924
422.623,2.00701,3.02925
423.623,2.00707,3.02925
424.622,2.00712,3.02926
425.622,2.00718,3.02927
426.622,2.00724,3.02927
427.621,2.0073,3.02928
428.621,2.00735,3.02929
429.621,2.00741,3.02929
430.621,2.00747,3.0293
431.62,2.00752,3.02931
432.62,2.00758,3.02931
433.62,2.00764,3.02932
434.62,2.00769,3.02933
435.619,2.00775,3.02933
436.619,2.0078,3.02934
437.619,2.00786,3.02935
438.618,2.00791,3.02935
439.618,2.00796,3.02936
440.618,2.00802,3.02936
441.618,2.00807,3.02937
442.617,2.00812,3.02938
443.617,2.00818,3.02938
444.617,2.00823,3.02939
445.617,2.00828,3.0294
446.616,2.00834,3.0294
447.616,2.00839,3.02941
448.616,2.00844,3.02941
449.616,2.00849,3.02942
450.615,2.00854,3.02943
451.615,2.0086,3.02943
452.615,2.00865,3.02944
453.615,2.0087,3.02944
454.614,2.00875,3.02945
455.614,2.0088,3.02946
456.614,2.00885,3.02946
457.614,2.0089,3.02947
458.613,2.00895,3.02947
459.613,2.009,3.02948
460.613,2.00905,3.02948
461.613,2.0091,3.02949
462.612,2.00915,3.0295
463.612,2.00919,3.0295
464.612,2.00924,3.02951
465.612,2.00929,3.02951
466.612,2.00934,3.02952
467.611,2.00939,3.02952
468.611,2.00943,3.02953
469.611,2.00948,3.02953
470.611,2.00953,3.02954
471.61,2.00958,3.02955
472.61,2.00962,3.02955
473.61,2.00967,3.02956
474.61,2.00972,3.02956
475.609,2.00976,3.02957
476.609,2.00981,3.02957
477.609,2.00985,3.02958
478.609,2.0099,3.02958
479.609,2.00995,3.02959
480.608,2.00999,3.02959
481.608,2.01004,3.0296
482.608,2.01008,3.0296
483.608,2.01013,3.02961
484.607,2.01017,3.02962
485.607,2.01021,3.02962
486.607,2.01026,3.02963
487.607,2.0103,3.02963
488.607,2.01035,3.02964
489.606,2.01039,3.02964
490.606,2.01043,3.02965
491.606,2.01048,3.02965
492.606,2.01052,3.02966
493.606,2.01056,3.02966
494.605,2.01061,3.02967
495.605,2.01065,3.02967
496.605,2.01069,3.02968
497.605,2.01073,3.02968
498.604,2.01077,3.02969
499.604,2.01082,3.02969
500.604,2.01086,3.0297
501.604,2.0109,3.0297
502.604,2.01094,3.02971
503.603,2.01098,3.02971
504.603,2.01102,3.02971
505.603,2.01106,3.02972
506.603,2.01111,3.02972
507.603,2.01115,3.02973
508.602,2.01119,3.02973
509.602,2.01123,3.02974
510.602,2.01127,3.02974
511.602,2.01131,3.02975
512.602,2.01135,3.02975
513.601,2.01139,3.02976
514.601,2.01143,3.02976
515.601,2.01147,3.02977
516.601,2.0115,3.02977
517.601,2.01154,3.02978
518.601,2.01158,3.02978
519.6,2.01162,3.02978
520.6,2.01166,3.02979
521.6,2.0117,3.02979
522.6,2.01174,3.0298
523.6,2.01177,3.0298
524.599,2.01181,3.02981
525.599,2.01185,3.02981
526.599,2.01189,3.02982
527.599,2.01193,3.02982
528.599,2.01196,3.02982
529.598,2.012,3.02983
530.598,2.01204,3.02983
531.598,2.01208,3.02984
532.598,2.01211,3.02984
533.598,2.01215,3.02985
534.598,2.01219,3.02985
535.597,2.01222,3.02985
536.597,2.01226,3.02986
537.597,2.01229,3.02986
538.597,2.01233,3.02987
539.597,2.01237,3.02987
540.597,2.0124,3.02988
541.596,2.01244,3.02988
542.596,2.01247,3.02988
543.596,2.01251,3.02989
544.596,2.01254,3.02989
545.596,2.01258,3.0299
546.596,2.01261,3.0299
547.595,2.01265,3.0299
548.595,2.01268,3.02991
549.595,2.01272,3.02991
550.595,2.01275,3.02992
551.595,2.01279,3.02992
552.594,2.01282,3.02992
553.594,2.01286,3.02993
554.594,2.01289,3.02993
555.594,2.01292,3.02994
556.594,2.01296,3.02994
557.594,2.01299,3.02994
558.593,2.01302,3.02995
559.593,2.01306,3.02995
560.593,2.01309,3.02996
561.593,2.01312,3.02996
562.593,2.01316,3.02996
563.593,2.01319,3.02997
564.593,2.01322,3.02997
565.592,2.01326,3.02998
566.592,2.01329,3.02998
567.592,2.01332,3.02998
568.592,2.01335,3.02999
569.592,2.01339,3.02999
570.592,2.01342,3.02999
571.591,2.01345,3.03
572.591,2.01348,3.03
573.591,2.01351,3.03001
574.591,2.01355,3.03001
575.591,2.01358,3.03001
576.591,2.01361,3.03002
577.59,2.01364,3.03002
578.59,2.01367,3.03002
579.59,2.0137,3.03003
580.59,2.01373,3.03003
581.59,2.01376,3.03004
582.59,2.01379,3.03004
583.59,2.01383,3.03004
584.589,2.01386,3.03005
585.589,2.01389,3.03005
586.589,2.01392,3.03005
587.589,2.01395,3.03006
588.589,2.01398,3.03006
589.589,2.01401,3.03006
590.589,2.01404,3.03007
591.588,2.01407,3.03007
592.588,2.0141,3.03007
593.588,2.01413,3.03008
594.588,2.01416,3.03008
595.588,2.01419,3.03008
596.588,2.01422,3.03009
597.588,2.01424,3.03009
598.587,2.01427,3.03009
599.587,2.0143,3.0301
600.587,2.01433,3.0301
601.587,2.01436,3.03011
602.587,2.01439,3.03011
603.587,2.01442,3.03011
604.587,2.01445,3.03012
605.586,2.01448,3.03012
606.586,2.0145,3.03012
607.586,2.01453,3.03013
608.586,2.01456,3.03013
609.586,2.01459,3.03013
610.586,2.01462,3.03014
611.586,2.01464,3.03014
612.585,2.01467,3.03014
613.585,2.0147,3.03014
614.585,2.01473,3.03015
615.585,2.01476,3.03015
616.585,2.01478,3.03015
617.585,2.01481,3.03016
618.585,2.01484,3.03016
619.584,2.01487,3.03016
620.584,2.01489,3.03017
621.584,2.01492,3.03017
622.584,2.01495,3.03017
623.584,2.01497,3.03018
624.584,2.015,3.03018
625.584,2.01503,3.03018
626.584,2.01505,3.03019
627.583,2.01508,3.03019
628.583,2.01511,3.03019
629.583,2.01513,3.0302
630.583,2.01516,3.0302
631.583,2.01519,3.0302
632.583,2.01521,3.0302
633.583,2.01524,3.03021
634.583,2.01526,3.03021
635.582,2.01529,3.03021
636.582,2.01532,3.03022
637.582,2.01534,3.03022
638.582,2.01537,3.03022
639.582,2.01539,3.03023
640.582,2.01542,3.03023
641.582,2.01544,3.03023
642.582,2.01547,3.03023
643.581,2.01549,3.03024
644.581,2.01552,3.03024
645.581,2.01554,3.03024
646.581,2.01557,3.03025
647.581,2.01559,3.03025
648.581,2.01562,3.03025
649.581,2.01564,3.03026
650.581,2.01567,3.03026
651.58,2.01569,3.03026
652.58,2.01572,3.03026
653.58,2.01574,3.03027
654.58,2.01577,3.03027
655.58,2.01579,3.03027
656.58,2.01582,3.03028
657.58,2.01584,3.03028
658.58,2.01586,3.03028
659.579,2.01589,3.03028
660.579,2.01591,3.03029
661.579,2.01594,3.03029
662.579,2.01596,3.03029
663.579,2.01598,3.0303
664.579,2.01601,3.0303
665.579,2.01603,3.0303
666.579,2.01605,3.0303
667.579,2.01608,3.03031
668.578,2.0161,3.03031
669.578,2.01612,3.03031
670.578,2.01615,3.03031
671.578,2.01617,3.03032
672.578,2.01619,3.03032
673.578,2.01622,3.03032
674.578,2.01624,3.03033
675.578,2.01626,3.03033
676.578,2.01629,3.03033
677.577,2.01631,3.03033
678.577,2.01633,3.03034
679.577,2.01635,3.03034
680.577,2.01638,3.03034
681.577,2.0164,3.03034
682.577,2.01642,3.03035
683.577,2.01644,3.03035
684.577,2.01647,3.03035
685.577,2.01649,3.03035
686.576,2.01651,3.03036
687.576,2.01653,3.03036
688.576,2.01655,3.03036
689.576,2.01658,3.03037
690.576,2.0166,3.03037
691.576,2.01662,3.03037
692.576,2.01664,3.03037
693.576,2.01666,3.03038
694.576,2.01669,3.03038
695.575,2.01671,3.03038
696.575,2.01673,3.03038
697.575,2.01675,3.03039
698.575,2.01677,3.03039
699.575,2.01679,3.03039
700.575,2.01681,3.03039
701.575,2.01684,3.0304
702.575,2.01686,3.0304
703.575,2.01688,3.0304
704.575,2.0169,3.0304
705.574,2.01692,3.03041
706.574,2.01694,3.03041
707.574,2.01696,3.03041
708.574,2.01698,3.03041
709.574,2.017,3.03042
710.574,2.01702,3.03042
711.574,2.01704,3.03042
712.574,2.01707,3.03042
713.574,2.01709,3.03042
714.574,2.01711,3.03043
715.573,2.01713,3.03043
716.573,2.01715,3.03043
717.573,2.01717,3.03043
718.573,2.01719,3.03044
719.573,2.01721,3.03044
720.573,2.01723,3.03044
721.573,2.01725,3.03044
722.573,2.01727,3.03045
723.573,2.01729,3.03045
724.573,2.01731,3.03045
725.572,2.01733,3.03045
726.572,2.01735,3.03046
727.572,2.01737,3.03046
728.572,2.01739,3.03046
729.572,2.01741,3.03046
730.572,2.01743,3.03047
731.572,2.01745,3.03047
732.572,2.01747,3.03047
733.572,2.01748,3.03047
734.572,2.0175,3.03047
735.571,2.01752,3.03048
736.571,2.01754,3.03048
737.571,2.01756,3.03048
738.571,2.01758,3.03048
739.571,2.0176,3.03049
740.571,2.01762,3.03049
741.571,2.01764,3.03049
742.571,2.01766,3.03049
743.571,2.01768,3.03049
744.571,2.0177,3.0305
745.571,2.01771,3.0305
746.57,2.01773,3.0305
747.57,2.01775,3.0305
748.57,2.01777,3.03051
749.57,2.01779,3.03051
750.57,2.01781,3.03051
751.57,2.01783,3.03051
752.57,2.01784,3.03051
753.57,2.01786,3.03052
754.57,2.01788,3.03052
755.57,2.0179,3.03052
756.57,2.01792,3.03052
757.569,2.01794,3.03052
758.569,2.01795,3.03053
759.569,2.01797,3.03053
760.569,2.01799,3.03053
761.569,2.01801,3.03053
762.569,2.01803,3.03054
763.569,2.01804,3.03054
764.569,2.01806,3.03054
765.569,2.01808,3.03054
766.569,2.0181,3.03054
767.569,2.01812,3.03055
768.569,2.01813,3.03055
769.568,2.01815,3.03055
770.568,2.01817,3.03055
771.568,2.01819,3.03055
772.568,2.0182,3.03056
773.568,2.01822,3.03056
774.568,2.01824,3.03056
775.568,2.01826,3.03056
776.568,2.01827,3.03056
777.568,2.01829,3.03057
778.568,2.01831,3.03057
779.568,2.01832,3.03057
780.567,2.01834,3.03057
781.567,2.01836,3.03057
782.567,2.01838,3.03058
783.567,2.01839,3.03058
784.567,2.01841,3.03058
785.567,2.01843,3.03058
786.567,2.01844,3.03058
787.567,2.01846,3.03059
788.567,2.01848,3.03059
789.567,2.01849,3.03059
790.567,2.01851,3.03059
791.567,2.01853,3.03059
792.566,2.01854,3.0306
793.566,2.01856,3.0306
794.566,2.01858,3.0306
795.566,2.01859,3.0306
796.566,2.01861,3.0306
797.566,2.01863,3.03061
798.566,2.01864,3.03061
799.566,2.01866,3.03061
800.566,2.01868,3.03061
801.566,2.01869,3.03061
802.566,2.01871,3.03062
803.566,2.01873,3.03062
804.566,2.01874,3.03062
805.565,2.01876,3.03062
806.565,2.01877,3.03062
807.565,2.01879,3.03063
808.565,2.01881,3.03063
809.565,2.01882,3.03063
810.565,2.01884,3.03063
811.565,2.01885,3.03063
812.565,2.01887,3.03063
813.565,2.01888,3.03064
814.565,2.0189,3.03064
815.565,2.01892,3.03064
816.565,2.01893,3.03064
817.565,2.01895,3.03064
818.564,2.01896,3.03065
819.564,2.01898,3.03065
820.564,2.01899,3.03065
821.564,2.01901,3.03065
822.564,2.01903,3.03065
823.564,2.01904,3.03066
824.564,2.01906,3.03066
825.564,2.01907,3.03066
826.564,2.01909,3.03066
827.564,2.0191,3.03066
828.564,2.01912,3.03066
829.564,2.01913,3.03067
830.564,2.01915,3.03067
831.563,2.01916,3.03067
832.563,2.01918,3.03067
833.563,2.01919,3.03067
834.563,2.01921,3.03067
835.563,2.01922,3.03068
836.563,2.01924,3.03068
837.563,2.01925,3.03068
838.563,2.01927,3.03068
839.563,2.01928,3.03068
840.563,2.0193,3.03069
841.563,2.01931,3.03069
842.563,2.01933,3.03069
843.563,2.01934,3.03069
844.563,2.01936,3.03069
845.562,2.01937,3.03069
846.562,2.01939,3.0307
847.562,2.0194,3.0307
848.562,2.01941,3.0307
849.562,2.01943,3.0307
850.562,2.01944,3.0307
851.562,2.01946,3.0307
852.562,2.01947,3.03071
853.562,2.01949,3.03071
854.562,2.0195,3.03071
855.562,2.01952,3.03071
856.562,2.01953,3.03071
857.562,2.01954,3.03071
858.562,2.01956,3.03072
859.561,2.01957,3.03072
860.561,2.01959,3.03072
861.561,2.0196,3.03072
862.561,2.01961,3.03072
863.561,2.01963,3.03072
864.561,2.01964,3.03073
865.561,2.01966,3.03073
866.561,2.01967,3.03073
867.561,2.01968,3.03073
868.561,2.0197,3.03073
869.561,2.01971,3.03073
870.561,2.01973,3.03074
871.561,2.01974,3.03074
872.561,2.01975,3.03074
873.561,2.01977,3.03074
874.56,2.01978,3.03074
875.56,2.01979,3.03074
876.56,2.01981,3.03075
877.56,2.01982,3.03075
878.56,2.01983,3.03075
879.56,2.01985,3.03075
880.56,2.01986,3.03075
881.56,2.01988,3.03075
882.56,2.01989,3.03076
883.56,2.0199,3.03076
884.56,2.01992,3.03076
885.56,2.01993,3.03076
886.56,2.01994,3.03076
887.56,2.01996,3.03076
888.56,2.01997,3.03076
889.559,2.01998,3.03077
890.559,2.01999,3.03077
891.559,2.02001,3.03077
892.559,2.02002,3.03077
893.559,2.02003,3.03077
894.559,2.02005,3.03077
895.559,2.02006,3.03078
896.559,2.02007,3.03078
897.559,2.02009,3.03078
898.559,2.0201,3.03078
899.559,2.02011,3.03078
900.559,2.02013,3.03078
901.559,2.02014,3.03078
902.559,2.02015,3.03079
903.559,2.02016,3.03079
904.559,2.02018,3.03079
905.558,2.02019,3.03079
906.558,2.0202,3.03079
907.558,2.02021,3.03079
908.558,2.02023,3.0308
909.558,2.02024,3.0308
910.558,2.02025,3.0308
911.558,2.02026,3.0308
912.558,2.02028,3.0308
913.558,2.02029,3.0308
914.558,2.0203,3.0308
915.558,2.02032,3.03081
916.558,2.02033,3.03081
917.558,2.02034,3.03081
918.558,2.02035,3.03081
919.558,2.02036,3.03081
920.558,2.02038,3.03081
921.557,2.02039,3.03081
922.557,2.0204,3.03082
923.557,2.02041,3.03082
924.557,2.02043,3.03082
925.557,2.02044,3.03082
926.557,2.02045,3.03082
927.557,2.02046,3.03082
928.557,2.02047,3.03082
929.557,2.02049,3.03083
930.557,2.0205,3.03083
931.557,2.02051,3.03083
932.557,2.02052,3.03083
933.557,2.02053,3.03083
934.557,2.02055,3.03083
935.557,2.02056,3.03083
936.557,2.02057,3.03084
937.557,2.02058,3.03084
938.556,2.02059,3.03084
939.556,2.02061,3.03084
940.556,2.02062,3.03084
941.556,2.02063,3.03084
942.556,2.02064,3.03084
943.556,2.02065,3.03085
944.556,2.02067,3.03085
945.556,2.02068,3.03085
946.556,2.02069,3.03085
947.556,2.0207,3.03085
948.556,2.02071,3.03085
949.556,2.02072,3.03085
950.556,2.02074,3.03086
951.556,2.02075,3.03086
952.556,2.02076,3.03086
953.556,2.02077,3.03086
954.556,2.02078,3.03086
955.555,2.02079,3.03086
956.555,2.0208,3.03086
957.555,2.02082,3.03086
958.555,2.02083,3.03087
959.555,2.02084,3.03087
960.555,2.02085,3.03087
961.555,2.02086,3.03087
962.555,2.02087,3.03087
963.555,2.02088,3.03087
964.555,2.02089,3.03087
965.555,2.02091,3.03088
966.555,2.02092,3.03088
967.555,2.02093,3.03088
968.555,2.02094,3.03088
969.555,2.02095,3.03088
970.555,2.02096,3.03088
971.555,2.02097,3.03088
972.555,2.02098,3.03088
973.555,2.02099,3.03089
974.554,2.02101,3.03089
975.554,2.02102,3.03089
976.554,2.02103,3.03089
977.554,2.02104,3.03089
978.554,2.02105,3.03089
979.554,2.02106,3.03089
980.554,2.02107,3.03089
981.554,2.02108,3.0309
982.554,2.02109,3.0309
983.554,2.0211,3.0309
984.554,2.02111,3.0309
985.554,2.02113,3.0309
986.554,2.02114,3.0309
987.554,2.02115,3.0309
988.554,2.02116,3.03091
989.554,2.02117,3.03091
990.554,2.02118,3.03091
991.554,2.02119,3.03091
992.553,2.0212,3.03091
993.553,2.02121,3.03091
994.553,2.02122,3.03091
995.553,2.02123,3.03091
996.553,2.02124,3.03092
997.553,2.02125,3.03092
998.553,2.02126,3.03092
