999.001,1.57079,0.0015718
998.001,1.57078,0.0015728
997.001,1.57077,0.0015738
996.001,1.57076,0.00157481
995.001,1.57075,0.00157582
994.002,1.57074,0.00157683
993.002,1.57073,0.00157784
992.002,1.57072,0.00157886
991.002,1.57071,0.00157988
990.002,1.5707,0.0015809
989.002,1.57069,0.00158192
988.002,1.57067,0.00158294
987.002,1.57066,0.00158397
986.002,1.57065,0.00158499
985.002,1.57064,0.00158602
984.002,1.57063,0.00158705
983.002,1.57062,0.00158809
982.002,1.57061,0.00158912
981.002,1.5706,0.00159016
980.002,1.57059,0.0015912
979.002,1.57058,0.00159224
978.002,1.57057,0.00159329
977.002,1.57056,0.00159434
976.002,1.57055,0.00159538
975.003,1.57054,0.00159643
974.003,1.57053,0.00159749
973.003,1.57052,0.00159854
972.003,1.57051,0.0015996
971.003,1.5705,0.00160066
970.003,1.57049,0.00160172
969.003,1.57048,0.00160279
968.003,1.57047,0.00160385
967.003,1.57046,0.00160492
966.003,1.57044,0.00160599
965.003,1.57043,0.00160706
964.003,1.57042,0.00160814
963.003,1.57041,0.00160921
962.003,1.5704,0.00161029
961.003,1.57039,0.00161138
960.003,1.57038,0.00161246
959.003,1.57037,0.00161355
958.003,1.57036,0.00161463
957.003,1.57035,0.00161572
956.004,1.57034,0.00161682
955.004,1.57033,0.00161791
954.004,1.57031,0.00161901
953.004,1.5703,0.00162011
952.004,1.57029,0.00162121
951.004,1.57028,0.00162232
950.004,1.57027,0.00162342
949.004,1.57026,0.00162453
948.004,1.57025,0.00162564
947.004,1.57024,0.00162676
946.004,1.57023,0.00162787
945.004,1.57021,0.00162899
944.004,1.5702,0.00163011
943.004,1.57019,0.00163124
942.004,1.57018,0.00163236
941.004,1.57017,0.00163349
940.004,1.57016,0.00163462
939.005,1.57015,0.00163575
938.005,1.57014,0.00163689
937.005,1.57012,0.00163803
936.005,1.57011,0.00163917
935.005,1.5701,0.00164031
934.005,1.57009,0.00164145
933.005,1.57008,0.0016426
932.005,1.57007,0.00164375
931.005,1.57006,0.0016449
930.005,1.57004,0.00164606
929.005,1.57003,0.00164722
928.005,1.57002,0.00164838
927.005,1.57001,0.00164954
926.005,1.57,0.0016507
925.005,1.56999,0.00165187
924.005,1.56997,0.00165304
923.005,1.56996,0.00165421
922.005,1.56995,0.00165539
921.006,1.56994,0.00165657
920.006,1.56993,0.00165775
919.006,1.56991,0.00165893
918.006,1.5699,0.00166011
917.006,1.56989,0.0016613
916.006,1.56988,0.00166249
915.006,1.56987,0.00166369
914.006,1.56986,0.00166488
913.006,1.56984,0.00166608
912.006,1.56983,0.00166728
911.006,1.56982,0.00166848
910.006,1.56981,0.00166969
909.006,1.5698,0.0016709
908.006,1.56978,0.00167211
907.006,1.56977,0.00167333
906.006,1.56976,0.00167454
905.007,1.56975,0.00167576
904.007,1.56973,0.00167698
903.007,1.56972,0.00167821
902.007,1.56971,0.00167944
901.007,1.5697,0.00168067
900.007,1.56969,0.0016819
899.007,1.56967,0.00168314
898.007,1.56966,0.00168437
897.007,1.56965,0.00168562
896.007,1.56964,0.00168686
895.007,1.56962,0.00168811
894.007,1.56961,0.00168936
893.007,1.5696,0.00169061
892.007,1.56959,0.00169186
891.007,1.56957,0.00169312
890.007,1.56956,0.00169438
889.008,1.56955,0.00169565
888.008,1.56954,0.00169691
887.008,1.56952,0.00169818
886.008,1.56951,0.00169946
885.008,1.5695,0.00170073
884.008,1.56948,0.00170201
883.008,1.56947,0.00170329
882.008,1.56946,0.00170457
881.008,1.56945,0.00170586
880.008,1.56943,0.00170715
879.008,1.56942,0.00170844
878.008,1.56941,0.00170974
877.008,1.56939,0.00171104
876.008,1.56938,0.00171234
875.008,1.56937,0.00171364
874.008,1.56935,0.00171495
873.009,1.56934,0.00171626
872.009,1.56933,0.00171758
871.009,1.56932,0.00171889
870.009,1.5693,0.00172021
869.009,1.56929,0.00172153
868.009,1.56928,0.00172286
867.009,1.56926,0.00172419
866.009,1.56925,0.00172552
865.009,1.56924,0.00172686
864.009,1.56922,0.00172819
863.009,1.56921,0.00172953
862.009,1.5692,0.00173088
861.009,1.56918,0.00173223
860.009,1.56917,0.00173358
859.01,1.56915,0.00173493
858.01,1.56914,0.00173629
857.01,1.56913,0.00173765
856.01,1.56911,0.00173901
855.01,1.5691,0.00174038
854.01,1.56909,0.00174174
853.01,1.56907,0.00174312
852.01,1.56906,0.00174449
851.01,1.56905,0.00174587
850.01,1.56903,0.00174725
849.01,1.56902,0.00174864
848.01,1.569,0.00175003
847.01,1.56899,0.00175142
846.01,1.56898,0.00175282
845.01,1.56896,0.00175422
844.011,1.56895,0.00175562
843.011,1.56893,0.00175702
842.011,1.56892,0.00175843
841.011,1.56891,0.00175984
840.011,1.56889,0.00176126
839.011,1.56888,0.00176268
838.011,1.56886,0.0017641
837.011,1.56885,0.00176553
836.011,1.56883,0.00176696
835.011,1.56882,0.00176839
834.011,1.56881,0.00176982
833.011,1.56879,0.00177126
832.011,1.56878,0.00177271
831.011,1.56876,0.00177415
830.012,1.56875,0.0017756
829.012,1.56873,0.00177705
828.012,1.56872,0.00177851
827.012,1.5687,0.00177997
826.012,1.56869,0.00178144
825.012,1.56868,0.0017829
824.012,1.56866,0.00178437
823.012,1.56865,0.00178585
822.012,1.56863,0.00178733
821.012,1.56862,0.00178881
820.012,1.5686,0.00179029
819.012,1.56859,0.00179178
818.012,1.56857,0.00179327
817.013,1.56856,0.00179477
816.013,1.56854,0.00179627
815.013,1.56853,0.00179777
814.013,1.56851,0.00179928
813.013,1.5685,0.00180079
812.013,1.56848,0.00180231
811.013,1.56847,0.00180383
810.013,1.56845,0.00180535
809.013,1.56844,0.00180687
808.013,1.56842,0.0018084
807.013,1.5684,0.00180994
806.013,1.56839,0.00181147
805.013,1.56837,0.00181302
804.014,1.56836,0.00181456
803.014,1.56834,0.00181611
802.014,1.56833,0.00181766
801.014,1.56831,0.00181922
800.014,1.5683,0.00182078
799.014,1.56828,0.00182234
798.014,1.56827,0.00182391
797.014,1.56825,0.00182548
796.014,1.56823,0.00182706
795.014,1.56822,0.00182864
794.014,1.5682,0.00183022
793.014,1.56819,0.00183181
792.014,1.56817,0.0018334
791.015,1.56815,0.001835
790.015,1.56814,0.0018366
789.015,1.56812,0.0018382
788.015,1.56811,0.00183981
787.015,1.56809,0.00184143
786.015,1.56807,0.00184304
785.015,1.56806,0.00184466
784.015,1.56804,0.00184629
783.015,1.56803,0.00184792
782.015,1.56801,0.00184955
781.015,1.56799,0.00185119
780.015,1.56798,0.00185283
779.016,1.56796,0.00185447
778.016,1.56794,0.00185612
777.016,1.56793,0.00185778
776.016,1.56791,0.00185944
775.016,1.56789,0.0018611
774.016,1.56788,0.00186277
773.016,1.56786,0.00186444
772.016,1.56784,0.00186611
771.016,1.56783,0.00186779
770.016,1.56781,0.00186948
769.016,1.56779,0.00187116
768.016,1.56778,0.00187286
767.017,1.56776,0.00187456
766.017,1.56774,0.00187626
765.017,1.56772,0.00187796
764.017,1.56771,0.00187967
763.017,1.56769,0.00188139
762.017,1.56767,0.00188311
761.017,1.56766,0.00188483
760.017,1.56764,0.00188656
759.017,1.56762,0.0018883
758.017,1.5676,0.00189003
757.017,1.56759,0.00189178
756.017,1.56757,0.00189352
755.018,1.56755,0.00189528
754.018,1.56753,0.00189703
753.018,1.56752,0.00189879
752.018,1.5675,0.00190056
751.018,1.56748,0.00190233
750.018,1.56746,0.00190411
749.018,1.56745,0.00190589
748.018,1.56743,0.00190767
747.018,1.56741,0.00190946
746.018,1.56739,0.00191125
745.018,1.56737,0.00191305
744.019,1.56736,0.00191486
743.019,1.56734,0.00191667
742.019,1.56732,0.00191848
741.019,1.5673,0.0019203
740.019,1.56728,0.00192212
739.019,1.56726,0.00192395
738.019,1.56725,0.00192578
737.019,1.56723,0.00192762
736.019,1.56721,0.00192947
735.019,1.56719,0.00193131
734.019,1.56717,0.00193317
733.02,1.56715,0.00193503
732.02,1.56714,0.00193689
731.02,1.56712,0.00193876
730.02,1.5671,0.00194063
729.02,1.56708,0.00194251
728.02,1.56706,0.00194439
727.02,1.56704,0.00194628
726.02,1.56702,0.00194818
725.02,1.567,0.00195008
724.02,1.56698,0.00195198
723.021,1.56697,0.00195389
722.021,1.56695,0.00195581
721.021,1.56693,0.00195773
720.021,1.56691,0.00195966
719.021,1.56689,0.00196159
718.021,1.56687,0.00196352
717.021,1.56685,0.00196547
716.021,1.56683,0.00196741
715.021,1.56681,0.00196937
714.021,1.56679,0.00197133
713.022,1.56677,0.00197329
712.022,1.56675,0.00197526
711.022,1.56673,0.00197724
710.022,1.56671,0.00197922
709.022,1.56669,0.0019812
708.022,1.56667,0.00198319
707.022,1.56665,0.00198519
706.022,1.56663,0.0019872
705.022,1.56661,0.0019892
704.022,1.56659,0.00199122
703.023,1.56657,0.00199324
702.023,1.56655,0.00199527
701.023,1.56653,0.0019973
700.023,1.56651,0.00199933
699.023,1.56649,0.00200138
698.023,1.56647,0.00200343
697.023,1.56645,0.00200548
696.023,1.56643,0.00200754
695.023,1.56641,0.00200961
694.023,1.56639,0.00201168
693.024,1.56637,0.00201376
692.024,1.56635,0.00201585
691.024,1.56632,0.00201794
690.024,1.5663,0.00202004
689.024,1.56628,0.00202214
688.024,1.56626,0.00202425
687.024,1.56624,0.00202636
686.024,1.56622,0.00202849
685.024,1.5662,0.00203061
684.025,1.56618,0.00203275
683.025,1.56616,0.00203489
682.025,1.56613,0.00203704
681.025,1.56611,0.00203919
680.025,1.56609,0.00204135
679.025,1.56607,0.00204351
678.025,1.56605,0.00204569
677.025,1.56603,0.00204786
676.025,1.566,0.00205005
675.025,1.56598,0.00205224
674.026,1.56596,0.00205444
673.026,1.56594,0.00205664
672.026,1.56592,0.00205885
671.026,1.56589,0.00206107
670.026,1.56587,0.00206329
669.026,1.56585,0.00206553
668.026,1.56583,0.00206776
667.026,1.5658,0.00207001
666.026,1.56578,0.00207226
665.027,1.56576,0.00207452
664.027,1.56574,0.00207678
663.027,1.56571,0.00207905
662.027,1.56569,0.00208133
661.027,1.56567,0.00208361
660.027,1.56565,0.00208591
659.027,1.56562,0.00208821
658.027,1.5656,0.00209051
657.028,1.56558,0.00209282
656.028,1.56555,0.00209514
655.028,1.56553,0.00209747
654.028,1.56551,0.00209981
653.028,1.56548,0.00210215
652.028,1.56546,0.0021045
651.028,1.56544,0.00210685
650.028,1.56541,0.00210921
649.028,1.56539,0.00211158
648.029,1.56536,0.00211396
647.029,1.56534,0.00211635
646.029,1.56532,0.00211874
645.029,1.56529,0.00212114
644.029,1.56527,0.00212355
643.029,1.56524,0.00212596
642.029,1.56522,0.00212838
641.029,1.5652,0.00213081
640.03,1.56517,0.00213325
639.03,1.56515,0.00213569
638.03,1.56512,0.00213815
637.03,1.5651,0.00214061
636.03,1.56507,0.00214308
635.03,1.56505,0.00214555
634.03,1.56502,0.00214804
633.03,1.565,0.00215053
632.031,1.56497,0.00215303
631.031,1.56495,0.00215553
630.031,1.56492,0.00215805
629.031,1.5649,0.00216057
628.031,1.56487,0.0021631
627.031,1.56485,0.00216564
626.031,1.56482,0.00216819
625.031,1.5648,0.00217075
624.032,1.56477,0.00217331
623.032,1.56475,0.00217588
622.032,1.56472,0.00217846
621.032,1.56469,0.00218105
620.032,1.56467,0.00218365
619.032,1.56464,0.00218625
618.032,1.56462,0.00218887
617.032,1.56459,0.00219149
616.033,1.56456,0.00219412
615.033,1.56454,0.00219676
614.033,1.56451,0.00219941
613.033,1.56448,0.00220206
612.033,1.56446,0.00220473
611.033,1.56443,0.0022074
610.033,1.5644,0.00221009
609.034,1.56438,0.00221278
608.034,1.56435,0.00221548
607.034,1.56432,0.00221819
606.034,1.5643,0.0022209
605.034,1.56427,0.00222363
604.034,1.56424,0.00222637
603.034,1.56421,0.00222911
602.035,1.56419,0.00223187
601.035,1.56416,0.00223463
600.035,1.56413,0.0022374
599.035,1.5641,0.00224019
598.035,1.56407,0.00224298
597.035,1.56405,0.00224578
596.035,1.56402,0.00224859
595.036,1.56399,0.00225141
594.036,1.56396,0.00225424
593.036,1.56393,0.00225708
592.036,1.56391,0.00225992
591.036,1.56388,0.00226278
590.036,1.56385,0.00226565
589.036,1.56382,0.00226853
588.037,1.56379,0.00227141
587.037,1.56376,0.00227431
586.037,1.56373,0.00227722
585.037,1.5637,0.00228013
584.037,1.56367,0.00228306
583.037,1.56364,0.002286
582.037,1.56361,0.00228894
581.038,1.56359,0.0022919
580.038,1.56356,0.00229487
579.038,1.56353,0.00229785
578.038,1.5635,0.00230083
577.038,1.56347,0.00230383
576.038,1.56344,0.00230684
575.038,1.56341,0.00230986
574.039,1.56338,0.00231289
573.039,1.56335,0.00231593
572.039,1.56331,0.00231898
571.039,1.56328,0.00232204
570.039,1.56325,0.00232511
569.039,1.56322,0.0023282
568.04,1.56319,0.00233129
567.04,1.56316,0.00233439
566.04,1.56313,0.00233751
565.04,1.5631,0.00234064
564.04,1.56307,0.00234377
563.04,1.56304,0.00234692
562.04,1.563,0.00235008
561.041,1.56297,0.00235325
560.041,1.56294,0.00235644
559.041,1.56291,0.00235963
558.041,1.56288,0.00236284
557.041,1.56284,0.00236605
556.041,1.56281,0.00236928
555.042,1.56278,0.00237252
554.042,1.56275,0.00237577
553.042,1.56271,0.00237904
552.042,1.56268,0.00238231
551.042,1.56265,0.0023856
550.042,1.56262,0.0023889
549.043,1.56258,0.00239221
548.043,1.56255,0.00239553
547.043,1.56252,0.00239887
546.043,1.56248,0.00240222
545.043,1.56245,0.00240558
544.043,1.56241,0.00240895
543.044,1.56238,0.00241234
542.044,1.56235,0.00241573
541.044,1.56231,0.00241914
540.044,1.56228,0.00242257
539.044,1.56224,0.002426
538.044,1.56221,0.00242945
537.045,1.56218,0.00243291
536.045,1.56214,0.00243638
535.045,1.56211,0.00243987
534.045,1.56207,0.00244337
533.045,1.56204,0.00244688
532.046,1.562,0.00245041
531.046,1.56197,0.00245395
530.046,1.56193,0.0024575
529.046,1.56189,0.00246107
528.046,1.56186,0.00246465
527.046,1.56182,0.00246824
526.047,1.56179,0.00247185
525.047,1.56175,0.00247547
524.047,1.56171,0.0024791
523.047,1.56168,0.00248275
522.047,1.56164,0.00248641
521.048,1.5616,0.00249009
520.048,1.56157,0.00249378
519.048,1.56153,0.00249748
518.048,1.56149,0.0025012
517.048,1.56146,0.00250494
516.048,1.56142,0.00250869
515.049,1.56138,0.00251245
514.049,1.56134,0.00251623
513.049,1.5613,0.00252002
512.049,1.56127,0.00252382
511.049,1.56123,0.00252765
510.05,1.56119,0.00253148
509.05,1.56115,0.00253533
508.05,1.56111,0.0025392
507.05,1.56107,0.00254308
506.05,1.56103,0.00254698
505.051,1.561,0.00255089
504.051,1.56096,0.00255482
503.051,1.56092,0.00255876
502.051,1.56088,0.00256272
501.051,1.56084,0.0025667
500.052,1.5608,0.00257069
499.052,1.56076,0.0025747
498.052,1.56072,0.00257872
497.052,1.56068,0.00258276
496.052,1.56064,0.00258682
495.053,1.5606,0.00259089
494.053,1.56055,0.00259498
493.053,1.56051,0.00259908
492.053,1.56047,0.00260321
491.053,1.56043,0.00260735
490.054,1.56039,0.0026115
489.054,1.56035,0.00261567
488.054,1.56031,0.00261986
487.054,1.56026,0.00262407
486.054,1.56022,0.0026283
485.055,1.56018,0.00263254
484.055,1.56014,0.0026368
483.055,1.56009,0.00264107
482.055,1.56005,0.00264537
481.056,1.56001,0.00264968
480.056,1.55996,0.00265401
479.056,1.55992,0.00265836
478.056,1.55988,0.00266273
477.056,1.55983,0.00266711
476.057,1.55979,0.00267152
475.057,1.55975,0.00267594
474.057,1.5597,0.00268038
473.057,1.55966,0.00268484
472.058,1.55961,0.00268932
471.058,1.55957,0.00269381
470.058,1.55952,0.00269833
469.058,1.55948,0.00270287
468.058,1.55943,0.00270742
467.059,1.55938,0.002712
466.059,1.55934,0.00271659
465.059,1.55929,0.0027212
464.059,1.55925,0.00272584
463.06,1.5592,0.00273049
462.06,1.55915,0.00273517
461.06,1.55911,0.00273986
460.06,1.55906,0.00274458
459.061,1.55901,0.00274931
458.061,1.55896,0.00275407
457.061,1.55892,0.00275884
456.061,1.55887,0.00276364
455.062,1.55882,0.00276846
454.062,1.55877,0.0027733
453.062,1.55872,0.00277816
452.062,1.55867,0.00278305
451.063,1.55863,0.00278795
450.063,1.55858,0.00279288
449.063,1.55853,0.00279783
448.063,1.55848,0.0028028
447.063,1.55843,0.00280779
446.064,1.55838,0.0028128
445.064,1.55833,0.00281784
444.064,1.55828,0.0028229
443.065,1.55823,0.00282798
442.065,1.55817,0.00283309
441.065,1.55812,0.00283822
440.065,1.55807,0.00284337
439.066,1.55802,0.00284855
438.066,1.55797,0.00285375
437.066,1.55792,0.00285897
436.066,1.55786,0.00286422
435.067,1.55781,0.00286949
434.067,1.55776,0.00287479
433.067,1.5577,0.00288011
432.067,1.55765,0.00288545
431.068,1.5576,0.00289082
430.068,1.55754,0.00289622
429.068,1.55749,0.00290164
428.068,1.55743,0.00290708
427.069,1.55738,0.00291255
426.069,1.55732,0.00291805
425.069,1.55727,0.00292357
424.07,1.55721,0.00292912
423.07,1.55716,0.00293469
422.07,1.5571,0.0029403
421.07,1.55705,0.00294592
420.071,1.55699,0.00295158
419.071,1.55693,0.00295726
418.071,1.55688,0.00296297
417.072,1.55682,0.0029687
416.072,1.55676,0.00297447
415.072,1.5567,0.00298026
414.072,1.55664,0.00298608
413.073,1.55659,0.00299192
412.073,1.55653,0.0029978
411.073,1.55647,0.0030037
410.074,1.55641,0.00300964
409.074,1.55635,0.0030156
408.074,1.55629,0.00302159
407.075,1.55623,0.00302761
406.075,1.55617,0.00303366
405.075,1.55611,0.00303974
404.075,1.55605,0.00304585
403.076,1.55599,0.00305199
402.076,1.55592,0.00305817
401.076,1.55586,0.00306437
400.077,1.5558,0.0030706
399.077,1.55574,0.00307687
398.077,1.55567,0.00308316
397.078,1.55561,0.00308949
396.078,1.55555,0.00309585
395.078,1.55548,0.00310224
394.079,1.55542,0.00310866
393.079,1.55535,0.00311512
392.079,1.55529,0.00312161
391.08,1.55522,0.00312813
390.08,1.55516,0.00313469
389.08,1.55509,0.00314128
388.081,1.55503,0.0031479
387.081,1.55496,0.00315456
386.081,1.55489,0.00316126
385.082,1.55483,0.00316798
384.082,1.55476,0.00317475
383.082,1.55469,0.00318154
382.083,1.55462,0.00318838
381.083,1.55455,0.00319525
380.083,1.55448,0.00320215
379.084,1.55441,0.00320909
378.084,1.55435,0.00321607
377.084,1.55427,0.00322309
376.085,1.5542,0.00323014
375.085,1.55413,0.00323723
374.085,1.55406,0.00324436
373.086,1.55399,0.00325153
372.086,1.55392,0.00325873
371.087,1.55385,0.00326598
370.087,1.55377,0.00327326
369.087,1.5537,0.00328058
368.088,1.55363,0.00328794
367.088,1.55355,0.00329535
366.088,1.55348,0.00330279
365.089,1.5534,0.00331027
364.089,1.55333,0.0033178
363.09,1.55325,0.00332537
362.09,1.55318,0.00333297
361.09,1.5531,0.00334062
360.091,1.55302,0.00334832
359.091,1.55295,0.00335605
358.091,1.55287,0.00336383
357.092,1.55279,0.00337165
356.092,1.55271,0.00337952
355.093,1.55263,0.00338743
354.093,1.55255,0.00339539
353.093,1.55247,0.00340339
352.094,1.55239,0.00341143
351.094,1.55231,0.00341952
350.095,1.55223,0.00342766
349.095,1.55215,0.00343585
348.095,1.55207,0.00344408
347.096,1.55198,0.00345236
346.096,1.5519,0.00346069
345.097,1.55182,0.00346906
344.097,1.55173,0.00347748
343.098,1.55165,0.00348596
342.098,1.55156,0.00349448
341.098,1.55148,0.00350305
340.099,1.55139,0.00351168
339.099,1.5513,0.00352035
338.1,1.55122,0.00352907
337.1,1.55113,0.00353785
336.101,1.55104,0.00354668
335.101,1.55095,0.00355556
334.102,1.55086,0.0035645
333.102,1.55077,0.00357349
332.102,1.55068,0.00358253
331.103,1.55059,0.00359163
330.103,1.5505,0.00360078
329.104,1.55041,0.00360999
328.104,1.55031,0.00361925
327.105,1.55022,0.00362857
326.105,1.55013,0.00363795
325.106,1.55003,0.00364739
324.106,1.54994,0.00365688
323.107,1.54984,0.00366643
322.107,1.54975,0.00367605
321.108,1.54965,0.00368572
320.108,1.54955,0.00369545
319.109,1.54946,0.00370524
318.109,1.54936,0.0037151
317.11,1.54926,0.00372502
316.11,1.54916,0.003735
315.111,1.54906,0.00374504
314.111,1.54896,0.00375515
313.112,1.54885,0.00376532
312.112,1.54875,0.00377556
311.113,1.54865,0.00378586
310.113,1.54855,0.00379623
309.114,1.54844,0.00380667
308.114,1.54834,0.00381717
307.115,1.54823,0.00382774
306.115,1.54812,0.00383838
305.116,1.54802,0.0038491
304.116,1.54791,0.00385988
303.117,1.5478,0.00387073
302.117,1.54769,0.00388166
301.118,1.54758,0.00389265
300.119,1.54747,0.00390372
299.119,1.54736,0.00391487
298.12,1.54725,0.00392609
297.12,1.54713,0.00393738
296.121,1.54702,0.00394876
295.121,1.54691,0.0039602
294.122,1.54679,0.00397173
293.123,1.54668,0.00398334
292.123,1.54656,0.00399502
291.124,1.54644,0.00400679
290.124,1.54632,0.00401863
289.125,1.5462,0.00403056
288.125,1.54608,0.00404257
287.126,1.54596,0.00405467
286.127,1.54584,0.00406685
285.127,1.54572,0.00407911
284.128,1.5456,0.00409146
283.129,1.54547,0.0041039
282.129,1.54535,0.00411643
281.13,1.54522,0.00412904
280.13,1.54509,0.00414175
279.131,1.54496,0.00415454
278.132,1.54484,0.00416743
277.132,1.54471,0.00418041
276.133,1.54458,0.00419349
275.134,1.54444,0.00420666
274.134,1.54431,0.00421993
273.135,1.54418,0.00423329
272.136,1.54404,0.00424675
271.136,1.54391,0.00426032
270.137,1.54377,0.00427398
269.138,1.54363,0.00428774
268.138,1.5435,0.00430161
267.139,1.54336,0.00431558
266.14,1.54321,0.00432965
265.141,1.54307,0.00434384
264.141,1.54293,0.00435813
263.142,1.54279,0.00437252
262.143,1.54264,0.00438703
261.143,1.5425,0.00440165
260.144,1.54235,0.00441638
259.145,1.5422,0.00443122
258.146,1.54205,0.00444618
257.146,1.5419,0.00446126
256.147,1.54175,0.00447646
255.148,1.54159,0.00449177
254.149,1.54144,0.0045072
253.15,1.54129,0.00452276
252.15,1.54113,0.00453844
251.151,1.54097,0.00455424
250.152,1.54081,0.00457017
249.153,1.54065,0.00458623
248.154,1.54049,0.00460242
247.154,1.54033,0.00461874
246.155,1.54016,0.00463519
245.156,1.54,0.00465177
244.157,1.53983,0.0046685
243.158,1.53966,0.00468535
242.159,1.53949,0.00470235
241.159,1.53932,0.00471949
240.16,1.53915,0.00473678
239.161,1.53897,0.0047542
238.162,1.5388,0.00477178
237.163,1.53862,0.0047895
236.164,1.53844,0.00480737
235.165,1.53826,0.00482539
234.166,1.53808,0.00484357
233.167,1.5379,0.00486191
232.167,1.53771,0.0048804
231.168,1.53753,0.00489905
230.169,1.53734,0.00491786
229.17,1.53715,0.00493684
228.171,1.53696,0.00495599
227.172,1.53676,0.0049753
226.173,1.53657,0.00499479
225.174,1.53637,0.00501444
224.175,1.53618,0.00503428
223.176,1.53598,0.00505429
222.177,1.53577,0.00507448
221.178,1.53557,0.00509485
220.179,1.53537,0.00511541
219.18,1.53516,0.00513616
218.181,1.53495,0.0051571
217.182,1.53474,0.00517822
216.183,1.53452,0.00519955
215.184,1.53431,0.00522107
214.186,1.53409,0.0052428
213.187,1.53387,0.00526473
212.188,1.53365,0.00528686
211.189,1.53343,0.00530921
210.19,1.5332,0.00533177
209.191,1.53298,0.00535454
208.192,1.53275,0.00537753
207.193,1.53252,0.00540075
206.195,1.53228,0.00542419
205.196,1.53205,0.00544786
204.197,1.53181,0.00547176
203.198,1.53157,0.0054959
202.199,1.53132,0.00552027
201.201,1.53108,0.00554489
200.202,1.53083,0.00556975
199.203,1.53058,0.00559487
198.204,1.53032,0.00562024
197.206,1.53007,0.00564586
196.207,1.52981,0.00567175
195.208,1.52955,0.0056979
194.21,1.52929,0.00572432
193.211,1.52902,0.00575101
192.212,1.52875,0.00577799
191.214,1.52848,0.00580524
190.215,1.5282,0.00583279
189.216,1.52792,0.00586062
188.218,1.52764,0.00588875
187.219,1.52736,0.00591718
186.221,1.52707,0.00594591
185.222,1.52678,0.00597496
184.224,1.52649,0.00600432
183.225,1.52619,0.00603401
182.227,1.52589,0.00606402
181.228,1.52559,0.00609436
180.23,1.52529,0.00612503
179.231,1.52498,0.00615605
178.233,1.52466,0.00618742
177.234,1.52435,0.00621915
176.236,1.52403,0.00625123
175.238,1.5237,0.00628368
174.239,1.52338,0.0063165
173.241,1.52304,0.0063497
172.242,1.52271,0.00638329
171.244,1.52237,0.00641727
170.246,1.52203,0.00645165
169.248,1.52168,0.00648644
168.249,1.52133,0.00652164
167.251,1.52097,0.00655726
166.253,1.52061,0.00659332
165.255,1.52025,0.0066298
164.257,1.51988,0.00666674
163.258,1.51951,0.00670412
162.26,1.51913,0.00674197
161.262,1.51875,0.00678029
160.264,1.51836,0.00681909
159.266,1.51797,0.00685837
158.268,1.51757,0.00689815
157.27,1.51717,0.00693844
156.272,1.51676,0.00697925
155.274,1.51635,0.00702058
154.276,1.51594,0.00706244
153.278,1.51551,0.00710486
152.281,1.51508,0.00714783
151.283,1.51465,0.00719137
150.285,1.51421,0.0072355
149.287,1.51376,0.00728021
148.289,1.51331,0.00732553
147.292,1.51285,0.00737146
146.294,1.51239,0.00741803
145.296,1.51192,0.00746523
144.299,1.51144,0.00751309
143.301,1.51096,0.00756162
142.304,1.51047,0.00761083
141.306,1.50997,0.00766075
140.309,1.50947,0.00771137
139.311,1.50896,0.00776272
138.314,1.50844,0.00781482
137.316,1.50791,0.00786767
136.319,1.50738,0.00792131
135.322,1.50683,0.00797573
134.324,1.50628,0.00803097
133.327,1.50573,0.00808704
132.33,1.50516,0.00814396
131.333,1.50458,0.00820175
130.336,1.504,0.00826043
129.339,1.50341,0.00832001
128.342,1.5028,0.00838053
127.345,1.50219,0.008442
126.348,1.50157,0.00850444
125.351,1.50094,0.00856789
124.354,1.5003,0.00863235
123.357,1.49965,0.00869787
122.361,1.49898,0.00876445
121.364,1.49831,0.00883214
120.368,1.49763,0.00890096
119.371,1.49693,0.00897093
118.375,1.49622,0.00904208
117.378,1.4955,0.00911446
116.382,1.49477,0.00918808
115.385,1.49403,0.00926298
114.389,1.49327,0.00933919
113.393,1.4925,0.00941675
112.397,1.49171,0.0094957
111.401,1.49091,0.00957606
110.405,1.4901,0.00965789
109.409,1.48927,0.00974122
108.413,1.48843,0.00982609
107.418,1.48757,0.00991255
106.422,1.4867,0.0100006
105.426,1.48581,0.0100904
104.431,1.4849,0.0101819
103.435,1.48397,0.0102752
102.44,1.48303,0.0103703
101.445,1.48207,0.0104672
100.45,1.48109,0.0105661
99.4547,1.48008,0.0106671
98.4597,1.47906,0.01077
97.4649,1.47802,0.0108751
96.4702,1.47696,0.0109824
95.4756,1.47587,0.0110919
94.4811,1.47476,0.0112038
93.4867,1.47363,0.0113181
92.4924,1.47248,0.0114348
91.4982,1.47129,0.0115542
90.5042,1.47009,0.0116761
89.5103,1.46885,0.0118008
88.5166,1.46759,0.0119284
87.523,1.4663,0.0120589
86.5295,1.46498,0.0121924
85.5362,1.46363,0.012329
84.543,1.46225,0.0124689
83.5501,1.46083,0.0126122
82.5572,1.45938,0.0127589
81.5646,1.4579,0.0129093
80.5721,1.45637,0.0130635
79.5798,1.45481,0.0132215
78.5877,1.45322,0.0133836
77.5958,1.45158,0.0135499
76.6041,1.44989,0.0137206
75.6126,1.44817,0.0138958
74.6214,1.4464,0.0140757
73.6304,1.44458,0.0142606
72.6396,1.44271,0.0144506
71.6491,1.44079,0.014646
70.6588,1.43881,0.0148469
69.6688,1.43678,0.0150537
68.6791,1.43469,0.0152666
67.6897,1.43254,0.0154858
66.7006,1.43032,0.0157116
65.7119,1.42804,0.0159444
64.7235,1.42569,0.0161844
63.7354,1.42327,0.0164321
62.7477,1.42077,0.0166877
61.7604,1.41819,0.0169518
60.7735,1.41552,0.0172246
59.787,1.41277,0.0175067
58.801,1.40993,0.0177985
57.8154,1.40699,0.0181005
56.8304,1.40395,0.0184133
55.8458,1.40079,0.0187375
54.8619,1.39753,0.0190737
53.8785,1.39415,0.0194225
52.8957,1.39064,0.0197848
51.9135,1.387,0.0201613
50.932,1.38322,0.0205528
49.9513,1.37929,0.0209603
48.9713,1.3752,0.0213848
47.9921,1.37095,0.0218274
47.0138,1.36652,0.0222891
46.0364,1.3619,0.0227715
45.0599,1.35708,0.0232757
44.0845,1.35205,0.0238034
43.1102,1.34679,0.0243562
42.137,1.34128,0.024936
41.1652,1.33552,0.0255447
40.1946,1.32948,0.0261847
39.2255,1.32314,0.0268584
38.2579,1.31648,0.0275686
37.2921,1.30947,0.0283182
36.3279,1.30209,0.0291107
35.3658,1.29431,0.0299498
34.4057,1.2861,0.0308399
33.4479,1.27741,0.0317857
32.4925,1.26821,0.0327926
31.5399,1.25846,0.0338667
30.5901,1.2481,0.0350151
29.6435,1.23708,0.0362457
28.7005,1.22534,0.0375678
27.7612,1.21279,0.0389919
26.8262,1.19938,0.0405304
25.8958,1.18499,0.0421977
24.9705,1.16954,0.0440108
24.051,1.15291,0.0459898
23.1379,1.13496,0.0481586
22.2319,1.11554,0.0505461
21.3338,1.09448,0.0531875
20.4447,1.07158,0.0561259
19.5657,1.04662,0.0594147
18.6981,1.01934,0.0631212
17.8436,0.989422,0.0673316
17.0039,0.956537,0.0721572
16.1812,0.920285,0.0777456
15.3779,0.880218,0.0842961
14.5971,0.835826,0.0920852
13.8423,0.786546,0.101508
13.1173,0.73176,0.11315
12.4271,0.67082,0.127917
11.7769,0.603084,0.147293
11.1731,0.527991,0.173885
10.6225,0.4452,0.212717
10.1327,0.354878,0.274824
9.71159,0.258497,0.389442
9.3671,0.162211,0.658387
9.10657,0.101332,1.43624
8.9362,0.151017,2.43778
8.86032,0.265969,2.76164
8.88098,0.392131,2.88838
8.99761,0.519287,2.95436
9.20714,0.643056,2.99489
9.50436,0.760732,3.02251
9.88252,0.870614,3.04269
10.3339,0.971806,3.05819
10.8507,1.06404,3.07053
11.4249,1.1475,3.08064
12.0493,1.22268,3.08912
12.7173,1.29023,3.09634
13.423,1.35087,3.10259
14.1612,1.40533,3.10805
14.9277,1.4543,3.11288
15.7184,1.49843,3.11718
16.5303,1.53827,3.12104
17.3606,1.57434,3.12453
18.2069,1.60709,3.12769
19.0672,1.63691,3.13058
19.9398,1.66414,3.13323
20.8232,1.68907,3.13566
21.7163,1.71195,3.13791
22.6179,1.73303,3.14
23.5271,1.75247,3.14193
24.443,1.77047,3.14374
25.365,1.78716,3.14542
26.2925,1.80268,3.147
27.225,1.81714,3.14848
28.1618,1.83063,3.14987
29.1028,1.84326,3.15118
30.0474,1.85509,3.15242
30.9954,1.8662,3.15359
31.9464,1.87665,3.15469
32.9002,1.88649,3.15574
33.8567,1.89578,3.15674
34.8155,1.90455,3.15769
35.7765,1.91286,3.15859
36.7395,1.92073,3.15945
37.7043,1.92819,3.16027
38.671,1.93529,3.16105
39.6392,1.94204,3.1618
40.6089,1.94846,3.16252
41.5801,1.95459,3.16321
42.5525,1.96043,3.16387
43.5262,1.96602,3.1645
44.5009,1.97136,3.16511
45.4768,1.97647,3.16569
46.4537,1.98136,3.16625
47.4315,1.98605,3.16679
48.4102,1.99056,3.16731
49.3897,1.99488,3.16782
50.37,1.99904,3.1683
51.3511,2.00304,3.16877
52.3329,2.00688,3.16922
53.3153,2.01059,3.16966
54.2984,2.01416,3.17008
55.282,2.01761,3.17049
56.2663,2.02093,3.17089
57.251,2.02414,3.17127
58.2363,2.02724,3.17164
59.222,2.03024,3.172
60.2083,2.03314,3.17235
61.1949,2.03594,3.17269
62.182,2.03866,3.17302
63.1695,2.04129,3.17334
64.1573,2.04384,3.17365
65.1455,2.04632,3.17395
66.1341,2.04872,3.17425
67.123,2.05105,3.17453
68.1122,2.05331,3.17481
69.1018,2.0555,3.17508
70.0916,2.05764,3.17535
71.0817,2.05971,3.1756
72.0721,2.06173,3.17585
73.0627,2.06369,3.1761
74.0536,2.0656,3.17634
75.0447,2.06746,3.17657
76.036,2.06927,3.1768
77.0276,2.07104,3.17702
78.0194,2.07276,3.17723
79.0114,2.07444,3.17745
80.0036,2.07607,3.17765
80.9959,2.07767,3.17785
81.9885,2.07922,3.17805
82.9812,2.08074,3.17824
83.9741,2.08222,3.17843
84.9672,2.08367,3.17862
85.9604,2.08509,3.1788
86.9538,2.08647,3.17897
87.9473,2.08782,3.17915
88.941,2.08914,3.17932
89.9348,2.09044,3.17948
90.9287,2.0917,3.17964
91.9228,2.09294,3.1798
92.917,2.09415,3.17996
93.9113,2.09533,3.18011
94.9058,2.09649,3.18026
95.9003,2.09762,3.18041
96.895,2.09874,3.18055
97.8898,2.09983,3.18069
98.8846,2.10089,3.18083
99.8796,2.10194,3.18097
100.875,2.10297,3.1811
101.87,2.10397,3.18123
102.865,2.10496,3.18136
103.86,2.10592,3.18149
104.856,2.10687,3.18161
105.851,2.1078,3.18173
106.847,2.10872,3.18185
107.843,2.10961,3.18197
108.839,2.1105,3.18209
109.834,2.11136,3.1822
110.83,2.11221,3.18231
111.826,2.11304,3.18242
112.822,2.11386,3.18253
113.818,2.11467,3.18264
114.815,2.11546,3.18274
115.811,2.11623,3.18285
116.807,2.117,3.18295
117.804,2.11775,3.18305
118.8,2.11849,3.18314
119.797,2.11921,3.18324
120.793,2.11993,3.18334
121.79,2.12063,3.18343
122.786,2.12132,3.18352
123.783,2.122,3.18361
124.78,2.12267,3.1837
125.777,2.12333,3.18379
126.774,2.12397,3.18388
127.771,2.12461,3.18396
128.768,2.12524,3.18404
129.765,2.12586,3.18413
130.762,2.12647,3.18421
131.759,2.12707,3.18429
132.756,2.12766,3.18437
133.753,2.12824,3.18445
134.75,2.12881,3.18452
135.748,2.12938,3.1846
136.745,2.12993,3.18467
137.742,2.13048,3.18475
138.74,2.13102,3.18482
139.737,2.13156,3.18489
140.735,2.13208,3.18496
141.732,2.1326,3.18503
142.73,2.13311,3.1851
143.727,2.13361,3.18517
144.725,2.13411,3.18524
145.722,2.1346,3.18531
146.72,2.13508,3.18537
147.718,2.13556,3.18544
148.716,2.13603,3.1855
149.713,2.1365,3.18556
150.711,2.13695,3.18562
151.709,2.1374,3.18569
152.707,2.13785,3.18575
153.705,2.13829,3.18581
154.702,2.13873,3.18587
155.7,2.13915,3.18592
156.698,2.13958,3.18598
157.696,2.14,3.18604
158.694,2.14041,3.18609
159.692,2.14082,3.18615
160.69,2.14122,3.18621
161.689,2.14162,3.18626
162.687,2.14201,3.18631
163.685,2.1424,3.18637
164.683,2.14278,3.18642
165.681,2.14316,3.18647
166.679,2.14353,3.18652
167.677,2.1439,3.18657
168.676,2.14427,3.18662
169.674,2.14463,3.18667
170.672,2.14499,3.18672
171.671,2.14534,3.18677
172.669,2.14569,3.18682
173.667,2.14603,3.18687
174.666,2.14637,3.18691
175.664,2.14671,3.18696
176.662,2.14704,3.187
177.661,2.14737,3.18705
178.659,2.1477,3.18709
179.658,2.14802,3.18714
180.656,2.14834,3.18718
181.655,2.14865,3.18723
182.653,2.14896,3.18727
183.652,2.14927,3.18731
184.65,2.14957,3.18735
185.649,2.14988,3.1874
186.647,2.15017,3.18744
187.646,2.15047,3.18748
188.644,2.15076,3.18752
189.643,2.15105,3.18756
190.642,2.15134,3.1876
191.64,2.15162,3.18764
192.639,2.1519,3.18767
193.637,2.15217,3.18771
194.636,2.15245,3.18775
195.635,2.15272,3.18779
196.634,2.15299,3.18783
197.632,2.15325,3.18786
198.631,2.15352,3.1879
199.63,2.15378,3.18794
200.628,2.15404,3.18797
201.627,2.15429,3.18801
202.626,2.15454,3.18804
203.625,2.15479,3.18808
204.624,2.15504,3.18811
205.622,2.15529,3.18815
206.621,2.15553,3.18818
207.62,2.15577,3.18821
208.619,2.15601,3.18825
209.618,2.15625,3.18828
210.617,2.15648,3.18831
211.615,2.15671,3.18834
212.614,2.15694,3.18838
213.613,2.15717,3.18841
214.612,2.15739,3.18844
215.611,2.15762,3.18847
216.61,2.15784,3.1885
217.609,2.15806,3.18853
218.608,2.15827,3.18856
219.607,2.15849,3.18859
220.606,2.1587,3.18862
221.605,2.15891,3.18865
222.604,2.15912,3.18868
223.603,2.15933,3.18871
224.602,2.15954,3.18874
225.601,2.15974,3.18877
226.6,2.15994,3.1888
227.599,2.16014,3.18882
228.598,2.16034,3.18885
229.597,2.16054,3.18888
230.596,2.16073,3.18891
231.595,2.16093,3.18893
232.594,2.16112,3.18896
233.593,2.16131,3.18899
234.592,2.1615,3.18901
235.591,2.16168,3.18904
236.59,2.16187,3.18907
237.59,2.16205,3.18909
238.589,2.16224,3.18912
239.588,2.16242,3.18914
240.587,2.1626,3.18917
241.586,2.16277,3.18919
242.585,2.16295,3.18922
243.584,2.16312,3.18924
244.584,2.1633,3.18927
245.583,2.16347,3.18929
246.582,2.16364,3.18931
247.581,2.16381,3.18934
248.58,2.16398,3.18936
249.579,2.16414,3.18939
250.579,2.16431,3.18941
251.578,2.16447,3.18943
252.577,2.16464,3.18945
253.576,2.1648,3.18948
254.576,2.16496,3.1895
255.575,2.16512,3.18952
256.574,2.16527,3.18954
257.573,2.16543,3.18957
258.572,2.16558,3.18959
259.572,2.16574,3.18961
260.571,2.16589,3.18963
261.57,2.16604,3.18965
262.57,2.16619,3.18967
263.569,2.16634,3.1897
264.568,2.16649,3.18972
265.567,2.16664,3.18974
266.567,2.16678,3.18976
267.566,2.16693,3.18978
268.565,2.16707,3.1898
269.565,2.16721,3.18982
270.564,2.16736,3.18984
271.563,2.1675,3.18986
272.563,2.16764,3.18988
273.562,2.16777,3.1899
274.561,2.16791,3.18992
275.561,2.16805,3.18994
276.56,2.16818,3.18996
277.559,2.16832,3.18998
278.559,2.16845,3.18999
279.558,2.16858,3.19001
280.557,2.16872,3.19003
281.557,2.16885,3.19005
282.556,2.16898,3.19007
283.555,2.16911,3.19009
284.555,2.16923,3.19011
285.554,2.16936,3.19012
286.554,2.16949,3.19014
287.553,2.16961,3.19016
288.552,2.16974,3.19018
289.552,2.16986,3.19019
290.551,2.16998,3.19021
291.551,2.1701,3.19023
292.55,2.17023,3.19025
293.549,2.17035,3.19026
294.549,2.17047,3.19028
295.548,2.17058,3.1903
296.548,2.1707,3.19031
297.547,2.17082,3.19033
298.546,2.17094,3.19035
299.546,2.17105,3.19036
300.545,2.17117,3.19038
301.545,2.17128,3.1904
302.544,2.17139,3.19041
303.544,2.17151,3.19043
304.543,2.17162,3.19044
305.543,2.17173,3.19046
306.542,2.17184,3.19048
307.542,2.17195,3.19049
308.541,2.17206,3.19051
309.541,2.17216,3.19052
310.54,2.17227,3.19054
311.539,2.17238,3.19055
312.539,2.17249,3.19057
313.538,2.17259,3.19058
314.538,2.1727,3.1906
315.537,2.1728,3.19061
316.537,2.1729,3.19063
317.536,2.17301,3.19064
318.536,2.17311,3.19066
319.535,2.17321,3.19067
320.535,2.17331,3.19068
321.534,2.17341,3.1907
322.534,2.17351,3.19071
323.533,2.17361,3.19073
324.533,2.17371,3.19074
325.533,2.1738,3.19076
326.532,2.1739,3.19077
327.532,2.174,3.19078
328.531,2.17409,3.1908
329.531,2.17419,3.19081
330.53,2.17428,3.19082
331.53,2.17438,3.19084
332.529,2.17447,3.19085
333.529,2.17457,3.19086
334.528,2.17466,3.19088
335.528,2.17475,3.19089
336.527,2.17484,3.1909
337.527,2.17493,3.19092
338.527,2.17502,3.19093
339.526,2.17511,3.19094
340.526,2.1752,3.19096
341.525,2.17529,3.19097
342.525,2.17538,3.19098
343.524,2.17547,3.19099
344.524,2.17555,3.19101
345.524,2.17564,3.19102
346.523,2.17573,3.19103
347.523,2.17581,3.19104
348.522,2.1759,3.19105
349.522,2.17598,3.19107
350.522,2.17607,3.19108
351.521,2.17615,3.19109
352.521,2.17623,3.1911
353.52,2.17632,3.19111
354.52,2.1764,3.19113
355.52,2.17648,3.19114
356.519,2.17656,3.19115
357.519,2.17664,3.19116
358.518,2.17672,3.19117
359.518,2.1768,3.19118
360.518,2.17688,3.1912
361.517,2.17696,3.19121
362.517,2.17704,3.19122
363.516,2.17712,3.19123
364.516,2.1772,3.19124
365.516,2.17728,3.19125
366.515,2.17735,3.19126
367.515,2.17743,3.19127
368.515,2.17751,3.19129
369.514,2.17758,3.1913
370.514,2.17766,3.19131
371.513,2.17773,3.19132
372.513,2.17781,3.19133
373.513,2.17788,3.19134
374.512,2.17796,3.19135
375.512,2.17803,3.19136
376.512,2.1781,3.19137
377.511,2.17817,3.19138
378.511,2.17825,3.19139
379.511,2.17832,3.1914
380.51,2.17839,3.19141
381.51,2.17846,3.19142
382.51,2.17853,3.19143
383.509,2.1786,3.19144
384.509,2.17867,3.19145
385.509,2.17874,3.19146
386.508,2.17881,3.19147
387.508,2.17888,3.19148
388.508,2.17895,3.19149
389.507,2.17902,3.1915
390.507,2.17909,3.19151
391.507,2.17915,3.19152
392.506,2.17922,3.19153
393.506,2.17929,3.19154
394.506,2.17935,3.19155
395.505,2.17942,3.19156
396.505,2.17949,3.19157
397.505,2.17955,3.19158
398.504,2.17962,3.19159
399.504,2.17968,3.1916
400.504,2.17975,3.19161
401.503,2.17981,3.19162
402.503,2.17987,3.19163
403.503,2.17994,3.19163
404.502,2.18,3.19164
405.502,2.18006,3.19165
406.502,2.18013,3.19166
407.501,2.18019,3.19167
408.501,2.18025,3.19168
409.501,2.18031,3.19169
410.501,2.18037,3.1917
411.5,2.18043,3.19171
412.5,2.1805,3.19171
413.5,2.18056,3.19172
414.499,2.18062,3.19173
415.499,2.18068,3.19174
416.499,2.18074,3.19175
417.499,2.1808,3.19176
418.498,2.18085,3.19177
419.498,2.18091,3.19178
420.498,2.18097,3.19178
421.497,2.18103,3.19179
422.497,2.18109,3.1918
423.497,2.18115,3.19181
424.497,2.1812,3.19182
425.496,2.18126,3.19183
426.496,2.18132,3.19183
427.496,2.18137,3.19184
428.495,2.18143,3.19185
429.495,2.18149,3.19186
430.495,2.18154,3.19187
431.495,2.1816,3.19187
432.494,2.18165,3.19188
433.494,2.18171,3.19189
434.494,2.18176,3.1919
435.494,2.18182,3.19191
436.493,2.18187,3.19191
437.493,2.18193,3.19192
438.493,2.18198,3.19193
439.493,2.18203,3.19194
440.492,2.18209,3.19194
441.492,2.18214,3.19195
442.492,2.18219,3.19196
443.491,2.18225,3.19197
444.491,2.1823,3.19197
445.491,2.18235,3.19198
446.491,2.1824,3.19199
447.49,2.18245,3.192
448.49,2.18251,3.192
449.49,2.18256,3.19201
450.49,2.18261,3.19202
451.489,2.18266,3.19203
452.489,2.18271,3.19203
453.489,2.18276,3.19204
454.489,2.18281,3.19205
455.488,2.18286,3.19206
456.488,2.18291,3.19206
457.488,2.18296,3.19207
458.488,2.18301,3.19208
459.488,2.18306,3.19208
460.487,2.18311,3.19209
461.487,2.18315,3.1921
462.487,2.1832,3.19211
463.487,2.18325,3.19211
464.486,2.1833,3.19212
465.486,2.18335,3.19213
466.486,2.18339,3.19213
467.486,2.18344,3.19214
468.485,2.18349,3.19215
469.485,2.18354,3.19215
470.485,2.18358,3.19216
471.485,2.18363,3.19217
472.485,2.18367,3.19217
473.484,2.18372,3.19218
474.484,2.18377,3.19219
475.484,2.18381,3.19219
476.484,2.18386,3.1922
477.483,2.1839,3.19221
478.483,2.18395,3.19221
479.483,2.18399,3.19222
480.483,2.18404,3.19223
481.483,2.18408,3.19223
482.482,2.18413,3.19224
483.482,2.18417,3.19225
484.482,2.18422,3.19225
485.482,2.18426,3.19226
486.481,2.1843,3.19227
487.481,2.18435,3.19227
488.481,2.18439,3.19228
489.481,2.18443,3.19228
490.481,2.18448,3.19229
491.48,2.18452,3.1923
492.48,2.18456,3.1923
493.48,2.1846,3.19231
494.48,2.18465,3.19231
495.48,2.18469,3.19232
496.479,2.18473,3.19233
497.479,2.18477,3.19233
498.479,2.18481,3.19234
499.479,2.18486,3.19235
500.479,2.1849,3.19235
501.478,2.18494,3.19236
502.478,2.18498,3.19236
503.478,2.18502,3.19237
504.478,2.18506,3.19237
505.478,2.1851,3.19238
506.477,2.18514,3.19239
507.477,2.18518,3.19239
508.477,2.18522,3.1924
509.477,2.18526,3.1924
510.477,2.1853,3.19241
511.476,2.18534,3.19242
512.476,2.18538,3.19242
513.476,2.18542,3.19243
514.476,2.18546,3.19243
515.476,2.1855,3.19244
516.475,2.18554,3.19244
517.475,2.18558,3.19245
518.475,2.18561,3.19245
519.475,2.18565,3.19246
520.475,2.18569,3.19247
521.475,2.18573,3.19247
522.474,2.18577,3.19248
523.474,2.1858,3.19248
524.474,2.18584,3.19249
525.474,2.18588,3.19249
526.474,2.18592,3.1925
527.473,2.18595,3.1925
528.473,2.18599,3.19251
529.473,2.18603,3.19252
530.473,2.18606,3.19252
531.473,2.1861,3.19253
532.473,2.18614,3.19253
533.472,2.18617,3.19254
534.472,2.18621,3.19254
535.472,2.18625,3.19255
536.472,2.18628,3.19255
537.472,2.18632,3.19256
538.471,2.18635,3.19256
539.471,2.18639,3.19257
540.471,2.18642,3.19257
541.471,2.18646,3.19258
542.471,2.18649,3.19258
543.471,2.18653,3.19259
544.47,2.18656,3.19259
545.47,2.1866,3.1926
546.47,2.18663,3.1926
547.47,2.18667,3.19261
548.47,2.1867,3.19261
549.47,2.18674,3.19262
550.469,2.18677,3.19262
551.469,2.18681,3.19263
552.469,2.18684,3.19263
553.469,2.18687,3.19264
554.469,2.18691,3.19264
555.469,2.18694,3.19265
556.468,2.18697,3.19265
557.468,2.18701,3.19266
558.468,2.18704,3.19266
559.468,2.18707,3.19267
560.468,2.18711,3.19267
561.468,2.18714,3.19268
562.467,2.18717,3.19268
563.467,2.1872,3.19269
564.467,2.18724,3.19269
565.467,2.18727,3.1927
566.467,2.1873,3.1927
567.467,2.18733,3.1927
568.467,2.18737,3.19271
569.466,2.1874,3.19271
570.466,2.18743,3.19272
571.466,2.18746,3.19272
572.466,2.18749,3.19273
573.466,2.18752,3.19273
574.466,2.18756,3.19274
575.465,2.18759,3.19274
576.465,2.18762,3.19275
577.465,2.18765,3.19275
578.465,2.18768,3.19276
579.465,2.18771,3.19276
580.465,2.18774,3.19276
581.465,2.18777,3.19277
582.464,2.1878,3.19277
583.464,2.18783,3.19278
584.464,2.18786,3.19278
585.464,2.18789,3.19279
586.464,2.18792,3.19279
587.464,2.18795,3.1928
588.464,2.18798,3.1928
589.463,2.18801,3.1928
590.463,2.18804,3.19281
591.463,2.18807,3.19281
592.463,2.1881,3.19282
593.463,2.18813,3.19282
594.463,2.18816,3.19283
595.463,2.18819,3.19283
596.462,2.18822,3.19283
597.462,2.18825,3.19284
598.462,2.18828,3.19284
599.462,2.1883,3.19285
600.462,2.18833,3.19285
601.462,2.18836,3.19285
602.462,2.18839,3.19286
603.461,2.18842,3.19286
604.461,2.18845,3.19287
605.461,2.18848,3.19287
606.461,2.1885,3.19288
607.461,2.18853,3.19288
608.461,2.18856,3.19288
609.461,2.18859,3.19289
610.46,2.18862,3.19289
611.46,2.18864,3.1929
612.46,2.18867,3.1929
613.46,2.1887,3.1929
614.46,2.18873,3.19291
615.46,2.18875,3.19291
616.46,2.18878,3.19292
617.46,2.18881,3.19292
618.459,2.18883,3.19292
619.459,2.18886,3.19293
620.459,2.18889,3.19293
621.459,2.18891,3.19294
622.459,2.18894,3.19294
623.459,2.18897,3.19294
624.459,2.18899,3.19295
625.458,2.18902,3.19295
626.458,2.18905,3.19295
627.458,2.18907,3.19296
628.458,2.1891,3.19296
629.458,2.18913,3.19297
630.458,2.18915,3.19297
631.458,2.18918,3.19297
632.458,2.1892,3.19298
633.457,2.18923,3.19298
634.457,2.18926,3.19298
635.457,2.18928,3.19299
636.457,2.18931,3.19299
637.457,2.18933,3.193
638.457,2.18936,3.193
639.457,2.18938,3.193
640.457,2.18941,3.19301
641.456,2.18943,3.19301
642.456,2.18946,3.19301
643.456,2.18948,3.19302
644.456,2.18951,3.19302
645.456,2.18953,3.19303
646.456,2.18956,3.19303
647.456,2.18958,3.19303
648.456,2.18961,3.19304
649.455,2.18963,3.19304
650.455,2.18966,3.19304
651.455,2.18968,3.19305
652.455,2.1897,3.19305
653.455,2.18973,3.19305
654.455,2.18975,3.19306
655.455,2.18978,3.19306
656.455,2.1898,3.19306
657.455,2.18982,3.19307
658.454,2.18985,3.19307
659.454,2.18987,3.19307
660.454,2.1899,3.19308
661.454,2.18992,3.19308
662.454,2.18994,3.19309
663.454,2.18997,3.19309
664.454,2.18999,3.19309
665.454,2.19001,3.1931
666.454,2.19004,3.1931
667.453,2.19006,3.1931
668.453,2.19008,3.19311
669.453,2.19011,3.19311
670.453,2.19013,3.19311
671.453,2.19015,3.19312
672.453,2.19017,3.19312
673.453,2.1902,3.19312
674.453,2.19022,3.19313
675.453,2.19024,3.19313
676.452,2.19027,3.19313
677.452,2.19029,3.19314
678.452,2.19031,3.19314
679.452,2.19033,3.19314
680.452,2.19036,3.19315
681.452,2.19038,3.19315
682.452,2.1904,3.19315
683.452,2.19042,3.19316
684.452,2.19044,3.19316
685.451,2.19047,3.19316
686.451,2.19049,3.19316
687.451,2.19051,3.19317
688.451,2.19053,3.19317
689.451,2.19055,3.19317
690.451,2.19058,3.19318
691.451,2.1906,3.19318
692.451,2.19062,3.19318
693.451,2.19064,3.19319
694.45,2.19066,3.19319
695.45,2.19068,3.19319
696.45,2.1907,3.1932
697.45,2.19073,3.1932
698.45,2.19075,3.1932
699.45,2.19077,3.19321
700.45,2.19079,3.19321
701.45,2.19081,3.19321
702.45,2.19083,3.19321
703.45,2.19085,3.19322
704.449,2.19087,3.19322
705.449,2.19089,3.19322
706.449,2.19091,3.19323
707.449,2.19093,3.19323
708.449,2.19096,3.19323
709.449,2.19098,3.19324
710.449,2.191,3.19324
711.449,2.19102,3.19324
712.449,2.19104,3.19325
713.449,2.19106,3.19325
714.448,2.19108,3.19325
715.448,2.1911,3.19325
716.448,2.19112,3.19326
717.448,2.19114,3.19326
718.448,2.19116,3.19326
719.448,2.19118,3.19327
720.448,2.1912,3.19327
721.448,2.19122,3.19327
722.448,2.19124,3.19327
723.448,2.19126,3.19328
724.447,2.19128,3.19328
725.447,2.1913,3.19328
726.447,2.19132,3.19329
727.447,2.19134,3.19329
728.447,2.19136,3.19329
729.447,2.19137,3.19329
730.447,2.19139,3.1933
731.447,2.19141,3.1933
732.447,2.19143,3.1933
733.447,2.19145,3.19331
734.447,2.19147,3.19331
735.446,2.19149,3.19331
736.446,2.19151,3.19331
737.446,2.19153,3.19332
738.446,2.19155,3.19332
739.446,2.19157,3.19332
740.446,2.19159,3.19333
741.446,2.1916,3.19333
742.446,2.19162,3.19333
743.446,2.19164,3.19333
744.446,2.19166,3.19334
745.446,2.19168,3.19334
746.445,2.1917,3.19334
747.445,2.19172,3.19334
748.445,2.19173,3.19335
749.445,2.19175,3.19335
750.445,2.19177,3.19335
751.445,2.19179,3.19336
752.445,2.19181,3.19336
753.445,2.19183,3.19336
754.445,2.19184,3.19336
755.445,2.19186,3.19337
756.445,2.19188,3.19337
757.444,2.1919,3.19337
758.444,2.19192,3.19337
759.444,2.19193,3.19338
760.444,2.19195,3.19338
761.444,2.19197,3.19338
762.444,2.19199,3.19338
763.444,2.19201,3.19339
764.444,2.19202,3.19339
765.444,2.19204,3.19339
766.444,2.19206,3.19339
767.444,2.19208,3.1934
768.443,2.19209,3.1934
769.443,2.19211,3.1934
770.443,2.19213,3.1934
771.443,2.19215,3.19341
772.443,2.19216,3.19341
773.443,2.19218,3.19341
774.443,2.1922,3.19341
775.443,2.19221,3.19342
776.443,2.19223,3.19342
777.443,2.19225,3.19342
778.443,2.19227,3.19342
779.443,2.19228,3.19343
780.442,2.1923,3.19343
781.442,2.19232,3.19343
782.442,2.19233,3.19343
783.442,2.19235,3.19344
784.442,2.19237,3.19344
785.442,2.19238,3.19344
786.442,2.1924,3.19344
787.442,2.19242,3.19345
788.442,2.19243,3.19345
789.442,2.19245,3.19345
790.442,2.19247,3.19345
791.442,2.19248,3.19346
792.442,2.1925,3.19346
793.441,2.19252,3.19346
794.441,2.19253,3.19346
795.441,2.19255,3.19347
796.441,2.19257,3.19347
797.441,2.19258,3.19347
798.441,2.1926,3.19347
799.441,2.19261,3.19348
800.441,2.19263,3.19348
801.441,2.19265,3.19348
802.441,2.19266,3.19348
803.441,2.19268,3.19349
804.441,2.19269,3.19349
805.44,2.19271,3.19349
806.44,2.19273,3.19349
807.44,2.19274,3.19349
808.44,2.19276,3.1935
809.44,2.19277,3.1935
810.44,2.19279,3.1935
811.44,2.19281,3.1935
812.44,2.19282,3.19351
813.44,2.19284,3.19351
814.44,2.19285,3.19351
815.44,2.19287,3.19351
816.44,2.19288,3.19352
817.44,2.1929,3.19352
818.439,2.19291,3.19352
819.439,2.19293,3.19352
820.439,2.19294,3.19352
821.439,2.19296,3.19353
822.439,2.19298,3.19353
823.439,2.19299,3.19353
824.439,2.19301,3.19353
825.439,2.19302,3.19354
826.439,2.19304,3.19354
827.439,2.19305,3.19354
828.439,2.19307,3.19354
829.439,2.19308,3.19354
830.439,2.1931,3.19355
831.439,2.19311,3.19355
832.438,2.19313,3.19355
833.438,2.19314,3.19355
834.438,2.19316,3.19356
835.438,2.19317,3.19356
836.438,2.19319,3.19356
837.438,2.1932,3.19356
838.438,2.19321,3.19356
839.438,2.19323,3.19357
840.438,2.19324,3.19357
841.438,2.19326,3.19357
842.438,2.19327,3.19357
843.438,2.19329,3.19357
844.438,2.1933,3.19358
845.438,2.19332,3.19358
846.437,2.19333,3.19358
847.437,2.19335,3.19358
848.437,2.19336,3.19359
849.437,2.19337,3.19359
850.437,2.19339,3.19359
851.437,2.1934,3.19359
852.437,2.19342,3.19359
853.437,2.19343,3.1936
854.437,2.19345,3.1936
855.437,2.19346,3.1936
856.437,2.19347,3.1936
857.437,2.19349,3.1936
858.437,2.1935,3.19361
859.437,2.19352,3.19361
860.436,2.19353,3.19361
861.436,2.19354,3.19361
862.436,2.19356,3.19361
863.436,2.19357,3.19362
864.436,2.19359,3.19362
865.436,2.1936,3.19362
866.436,2.19361,3.19362
867.436,2.19363,3.19362
868.436,2.19364,3.19363
869.436,2.19365,3.19363
870.436,2.19367,3.19363
871.436,2.19368,3.19363
872.436,2.19369,3.19363
873.436,2.19371,3.19364
874.436,2.19372,3.19364
875.435,2.19374,3.19364
876.435,2.19375,3.19364
877.435,2.19376,3.19364
878.435,2.19378,3.19365
879.435,2.19379,3.19365
880.435,2.1938,3.19365
881.435,2.19382,3.19365
882.435,2.19383,3.19365
883.435,2.19384,3.19366
884.435,2.19386,3.19366
885.435,2.19387,3.19366
886.435,2.19388,3.19366
887.435,2.19389,3.19366
888.435,2.19391,3.19367
889.435,2.19392,3.19367
890.435,2.19393,3.19367
891.434,2.19395,3.19367
892.434,2.19396,3.19367
893.434,2.19397,3.19368
894.434,2.19399,3.19368
895.434,2.194,3.19368
896.434,2.19401,3.19368
897.434,2.19402,3.19368
898.434,2.19404,3.19368
899.434,2.19405,3.19369
900.434,2.19406,3.19369
901.434,2.19408,3.19369
902.434,2.19409,3.19369
903.434,2.1941,3.19369
904.434,2.19411,3.1937
905.434,2.19413,3.1937
906.434,2.19414,3.1937
907.433,2.19415,3.1937
908.433,2.19416,3.1937
909.433,2.19418,3.19371
910.433,2.19419,3.19371
911.433,2.1942,3.19371
912.433,2.19421,3.19371
913.433,2.19423,3.19371
914.433,2.19424,3.19371
915.433,2.19425,3.19372
916.433,2.19426,3.19372
917.433,2.19428,3.19372
918.433,2.19429,3.19372
919.433,2.1943,3.19372
920.433,2.19431,3.19373
921.433,2.19432,3.19373
922.433,2.19434,3.19373
923.432,2.19435,3.19373
924.432,2.19436,3.19373
925.432,2.19437,3.19373
926.432,2.19438,3.19374
927.432,2.1944,3.19374
928.432,2.19441,3.19374
929.432,2.19442,3.19374
930.432,2.19443,3.19374
931.432,2.19444,3.19374
932.432,2.19446,3.19375
933.432,2.19447,3.19375
934.432,2.19448,3.19375
935.432,2.19449,3.19375
936.432,2.1945,3.19375
937.432,2.19452,3.19376
938.432,2.19453,3.19376
939.432,2.19454,3.19376
940.432,2.19455,3.19376
941.431,2.19456,3.19376
942.431,2.19457,3.19376
943.431,2.19459,3.19377
944.431,2.1946,3.19377
945.431,2.19461,3.19377
946.431,2.19462,3.19377
947.431,2.19463,3.19377
948.431,2.19464,3.19377
949.431,2.19465,3.19378
950.431,2.19467,3.19378
951.431,2.19468,3.19378
952.431,2.19469,3.19378
953.431,2.1947,3.19378
954.431,2.19471,3.19378
955.431,2.19472,3.19379
956.431,2.19473,3.19379
957.431,2.19475,3.19379
958.43,2.19476,3.19379
959.43,2.19477,3.19379
960.43,2.19478,3.19379
961.43,2.19479,3.1938
962.43,2.1948,3.1938
963.43,2.19481,3.1938
964.43,2.19482,3.1938
965.43,2.19483,3.1938
966.43,2.19485,3.1938
967.43,2.19486,3.19381
968.43,2.19487,3.19381
969.43,2.19488,3.19381
970.43,2.19489,3.19381
971.43,2.1949,3.19381
972.43,2.19491,3.19381
973.43,2.19492,3.19381
974.43,2.19493,3.19382
975.43,2.19494,3.19382
976.43,2.19496,3.19382
977.429,2.19497,3.19382
978.429,2.19498,3.19382
979.429,2.19499,3.19382
980.429,2.195,3.19383
981.429,2.19501,3.19383
982.429,2.19502,3.19383
983.429,2.19503,3.19383
984.429,2.19504,3.19383
985.429,2.19505,3.19383
986.429,2.19506,3.19384
987.429,2.19507,3.19384
988.429,2.19508,3.19384
989.429,2.19509,3.19384
990.429,2.1951,3.19384
991.429,2.19512,3.19384
992.429,2.19513,3.19384
993.429,2.19514,3.19385
994.429,2.19515,3.19385
995.429,2.19516,3.19385
996.428,2.19517,3.19385
997.428,2.19518,3.19385
