999.003,1.57079,0.00162078
998.004,1.57078,0.00167087
997.005,1.57077,0.00172105
996.006,1.57076,0.00177134
995.008,1.57075,0.00182172
994.009,1.57074,0.00187221
993.01,1.57073,0.0019228
992.012,1.57072,0.00197349
991.013,1.57071,0.00202429
990.014,1.5707,0.00207518
989.016,1.57069,0.00212618
988.017,1.57068,0.00217729
987.018,1.57066,0.00222849
986.02,1.57065,0.0022798
985.021,1.57064,0.00233121
984.022,1.57063,0.00238273
983.024,1.57062,0.00243435
982.025,1.57061,0.00248608
981.026,1.5706,0.00253791
980.028,1.57059,0.00258985
979.029,1.57058,0.0026419
978.03,1.57057,0.00269405
977.032,1.57056,0.00274631
976.033,1.57055,0.00279867
975.034,1.57054,0.00285114
974.036,1.57053,0.00290372
973.037,1.57052,0.00295641
972.039,1.57051,0.0030092
971.04,1.5705,0.00306211
970.041,1.57049,0.00311512
969.043,1.57048,0.00316824
968.044,1.57047,0.00322147
967.045,1.57046,0.00327481
966.047,1.57044,0.00332827
965.048,1.57043,0.00338183
964.05,1.57042,0.0034355
963.051,1.57041,0.00348929
962.052,1.5704,0.00354318
961.054,1.57039,0.00359719
960.055,1.57038,0.00365131
959.057,1.57037,0.00370555
958.058,1.57036,0.00375989
957.059,1.57035,0.00381435
956.061,1.57034,0.00386893
955.062,1.57033,0.00392361
954.064,1.57031,0.00397842
953.065,1.5703,0.00403333
952.067,1.57029,0.00408837
951.068,1.57028,0.00414351
950.069,1.57027,0.00419878
949.071,1.57026,0.00425416
948.072,1.57025,0.00430965
947.074,1.57024,0.00436527
946.075,1.57023,0.004421
945.077,1.57022,0.00447685
944.078,1.5702,0.00453282
943.079,1.57019,0.0045889
942.081,1.57018,0.00464511
941.082,1.57017,0.00470143
940.084,1.57016,0.00475787
939.085,1.57015,0.00481444
938.087,1.57014,0.00487112
937.088,1.57012,0.00492793
936.09,1.57011,0.00498485
935.091,1.5701,0.0050419
934.093,1.57009,0.00509907
933.094,1.57008,0.00515636
932.096,1.57007,0.00521377
931.097,1.57006,0.00527131
930.099,1.57004,0.00532897
929.1,1.57003,0.00538676
928.102,1.57002,0.00544467
927.103,1.57001,0.0055027
926.105,1.57,0.00556086
925.106,1.56999,0.00561915
924.108,1.56997,0.00567756
923.109,1.56996,0.0057361
922.111,1.56995,0.00579476
921.112,1.56994,0.00585355
920.114,1.56993,0.00591247
919.115,1.56992,0.00597152
918.117,1.5699,0.00603069
917.118,1.56989,0.00609
916.12,1.56988,0.00614943
915.122,1.56987,0.00620899
914.123,1.56986,0.00626869
913.125,1.56984,0.00632851
912.126,1.56983,0.00638846
911.128,1.56982,0.00644855
910.129,1.56981,0.00650877
909.131,1.5698,0.00656912
908.132,1.56978,0.0066296
907.134,1.56977,0.00669022
906.136,1.56976,0.00675097
905.137,1.56975,0.00681185
904.139,1.56974,0.00687287
903.14,1.56972,0.00693402
902.142,1.56971,0.00699531
901.143,1.5697,0.00705673
900.145,1.56969,0.00711829
899.147,1.56967,0.00717999
898.148,1.56966,0.00724183
897.15,1.56965,0.0073038
896.152,1.56964,0.00736591
895.153,1.56962,0.00742816
894.155,1.56961,0.00749054
893.156,1.5696,0.00755307
892.158,1.56959,0.00761574
891.16,1.56957,0.00767855
890.161,1.56956,0.00774149
889.163,1.56955,0.00780458
888.165,1.56954,0.00786782
887.166,1.56952,0.00793119
886.168,1.56951,0.00799471
885.169,1.5695,0.00805837
884.171,1.56949,0.00812217
883.173,1.56947,0.00818612
882.174,1.56946,0.00825021
881.176,1.56945,0.00831445
880.178,1.56943,0.00837883
879.179,1.56942,0.00844336
878.181,1.56941,0.00850804
877.183,1.5694,0.00857286
876.184,1.56938,0.00863783
875.186,1.56937,0.00870295
874.188,1.56936,0.00876822
873.19,1.56934,0.00883364
872.191,1.56933,0.00889921
871.193,1.56932,0.00896492
870.195,1.5693,0.00903079
869.196,1.56929,0.00909681
868.198,1.56928,0.00916298
867.2,1.56926,0.00922931
866.202,1.56925,0.00929579
865.203,1.56924,0.00936242
864.205,1.56922,0.0094292
863.207,1.56921,0.00949614
862.208,1.5692,0.00956323
861.21,1.56918,0.00963048
860.212,1.56917,0.00969789
859.214,1.56916,0.00976545
858.215,1.56914,0.00983317
857.217,1.56913,0.00990104
856.219,1.56912,0.00996908
855.221,1.5691,0.0100373
854.223,1.56909,0.0101056
853.224,1.56908,0.0101741
852.226,1.56906,0.0102428
851.228,1.56905,0.0103116
850.23,1.56903,0.0103806
849.231,1.56902,0.0104498
848.233,1.56901,0.0105191
847.235,1.56899,0.0105886
846.237,1.56898,0.0106583
845.239,1.56896,0.0107281
844.24,1.56895,0.0107981
843.242,1.56894,0.0108682
842.244,1.56892,0.0109385
841.246,1.56891,0.011009
840.248,1.56889,0.0110796
839.25,1.56888,0.0111504
838.251,1.56887,0.0112214
837.253,1.56885,0.0112926
836.255,1.56884,0.0113639
835.257,1.56882,0.0114354
834.259,1.56881,0.011507
833.261,1.56879,0.0115789
832.263,1.56878,0.0116509
831.264,1.56877,0.0117231
830.266,1.56875,0.0117954
829.268,1.56874,0.0118679
828.27,1.56872,0.0119406
827.272,1.56871,0.0120135
826.274,1.56869,0.0120866
825.276,1.56868,0.0121598
824.278,1.56866,0.0122332
823.28,1.56865,0.0123068
822.282,1.56863,0.0123806
821.283,1.56862,0.0124545
820.285,1.5686,0.0125286
819.287,1.56859,0.0126029
818.289,1.56858,0.0126774
817.291,1.56856,0.0127521
816.293,1.56855,0.0128269
815.295,1.56853,0.012902
814.297,1.56852,0.0129772
813.299,1.5685,0.0130526
812.301,1.56848,0.0131282
811.303,1.56847,0.0132039
810.305,1.56845,0.0132799
809.307,1.56844,0.013356
808.309,1.56842,0.0134324
807.311,1.56841,0.0135089
806.313,1.56839,0.0135856
805.315,1.56838,0.0136625
804.317,1.56836,0.0137396
803.319,1.56835,0.0138169
802.321,1.56833,0.0138944
801.323,1.56832,0.013972
800.325,1.5683,0.0140499
799.327,1.56828,0.014128
798.329,1.56827,0.0142062
797.331,1.56825,0.0142847
796.333,1.56824,0.0143633
795.335,1.56822,0.0144422
794.337,1.56821,0.0145212
793.339,1.56819,0.0146004
792.341,1.56817,0.0146799
791.343,1.56816,0.0147595
790.345,1.56814,0.0148394
789.347,1.56813,0.0149194
788.349,1.56811,0.0149996
787.352,1.56809,0.0150801
786.354,1.56808,0.0151608
785.356,1.56806,0.0152416
784.358,1.56805,0.0153227
783.36,1.56803,0.0154039
782.362,1.56801,0.0154854
781.364,1.568,0.0155671
780.366,1.56798,0.015649
779.368,1.56796,0.0157311
778.371,1.56795,0.0158134
777.373,1.56793,0.015896
776.375,1.56791,0.0159787
775.377,1.5679,0.0160616
774.379,1.56788,0.0161448
773.381,1.56786,0.0162282
772.383,1.56785,0.0163118
771.386,1.56783,0.0163956
770.388,1.56781,0.0164796
769.39,1.5678,0.0165639
768.392,1.56778,0.0166483
767.394,1.56776,0.016733
766.397,1.56775,0.0168179
765.399,1.56773,0.0169031
764.401,1.56771,0.0169884
763.403,1.5677,0.017074
762.405,1.56768,0.0171598
761.408,1.56766,0.0172458
760.41,1.56764,0.0173321
759.412,1.56763,0.0174185
758.414,1.56761,0.0175052
757.417,1.56759,0.0175922
756.419,1.56757,0.0176793
755.421,1.56756,0.0177667
754.423,1.56754,0.0178543
753.426,1.56752,0.0179422
752.428,1.5675,0.0180303
751.43,1.56749,0.0181186
750.433,1.56747,0.0182071
749.435,1.56745,0.0182959
748.437,1.56743,0.018385
747.44,1.56742,0.0184742
746.442,1.5674,0.0185637
745.444,1.56738,0.0186535
744.446,1.56736,0.0187435
743.449,1.56734,0.0188337
742.451,1.56733,0.0189241
741.454,1.56731,0.0190149
740.456,1.56729,0.0191058
739.458,1.56727,0.019197
738.461,1.56725,0.0192885
737.463,1.56723,0.0193802
736.465,1.56722,0.0194721
735.468,1.5672,0.0195643
734.47,1.56718,0.0196567
733.473,1.56716,0.0197494
732.475,1.56714,0.0198424
731.477,1.56712,0.0199356
730.48,1.5671,0.020029
729.482,1.56709,0.0201227
728.485,1.56707,0.0202167
727.487,1.56705,0.0203109
726.49,1.56703,0.0204054
725.492,1.56701,0.0205002
724.495,1.56699,0.0205952
723.497,1.56697,0.0206904
722.499,1.56695,0.020786
721.502,1.56693,0.0208818
720.504,1.56692,0.0209778
719.507,1.5669,0.0210742
718.509,1.56688,0.0211707
717.512,1.56686,0.0212676
716.514,1.56684,0.0213647
715.517,1.56682,0.0214621
714.52,1.5668,0.0215598
713.522,1.56678,0.0216578
712.525,1.56676,0.021756
711.527,1.56674,0.0218545
710.53,1.56672,0.0219533
709.532,1.5667,0.0220523
708.535,1.56668,0.0221516
707.537,1.56666,0.0222512
706.54,1.56664,0.0223511
705.543,1.56662,0.0224513
704.545,1.5666,0.0225518
703.548,1.56658,0.0226525
702.55,1.56656,0.0227535
701.553,1.56654,0.0228549
700.556,1.56652,0.0229565
699.558,1.5665,0.0230584
698.561,1.56648,0.0231605
697.564,1.56646,0.023263
696.566,1.56644,0.0233658
695.569,1.56642,0.0234689
694.572,1.5664,0.0235722
693.574,1.56638,0.0236759
692.577,1.56635,0.0237798
691.58,1.56633,0.0238841
690.582,1.56631,0.0239886
689.585,1.56629,0.0240935
688.588,1.56627,0.0241987
687.591,1.56625,0.0243041
686.593,1.56623,0.0244099
685.596,1.56621,0.024516
684.599,1.56619,0.0246224
683.602,1.56617,0.0247291
682.604,1.56614,0.0248361
681.607,1.56612,0.0249434
680.61,1.5661,0.0250511
679.613,1.56608,0.025159
678.616,1.56606,0.0252673
677.618,1.56604,0.0253759
676.621,1.56601,0.0254848
675.624,1.56599,0.0255941
674.627,1.56597,0.0257036
673.63,1.56595,0.0258135
672.633,1.56593,0.0259237
671.636,1.5659,0.0260343
670.638,1.56588,0.0261451
669.641,1.56586,0.0262563
668.644,1.56584,0.0263678
667.647,1.56582,0.0264797
666.65,1.56579,0.0265919
665.653,1.56577,0.0267044
664.656,1.56575,0.0268173
663.659,1.56572,0.0269305
662.662,1.5657,0.0270441
661.665,1.56568,0.0271579
660.668,1.56566,0.0272722
659.671,1.56563,0.0273868
658.674,1.56561,0.0275017
657.677,1.56559,0.027617
656.68,1.56556,0.0277326
655.683,1.56554,0.0278486
654.686,1.56552,0.0279649
653.689,1.56549,0.0280816
652.692,1.56547,0.0281986
651.695,1.56545,0.028316
650.698,1.56542,0.0284338
649.701,1.5654,0.0285519
648.704,1.56538,0.0286704
647.707,1.56535,0.0287892
646.71,1.56533,0.0289085
645.713,1.56531,0.029028
644.716,1.56528,0.029148
643.719,1.56526,0.0292683
642.722,1.56523,0.029389
641.726,1.56521,0.0295101
640.729,1.56518,0.0296315
639.732,1.56516,0.0297534
638.735,1.56514,0.0298756
637.738,1.56511,0.0299982
636.741,1.56509,0.0301211
635.745,1.56506,0.0302445
634.748,1.56504,0.0303682
633.751,1.56501,0.0304924
632.754,1.56499,0.0306169
631.758,1.56496,0.0307418
630.761,1.56494,0.0308672
629.764,1.56491,0.0309929
628.767,1.56489,0.031119
627.771,1.56486,0.0312455
626.774,1.56484,0.0313724
625.777,1.56481,0.0314997
624.781,1.56479,0.0316274
623.784,1.56476,0.0317556
622.787,1.56473,0.0318841
621.791,1.56471,0.0320131
620.794,1.56468,0.0321424
619.797,1.56466,0.0322722
618.801,1.56463,0.0324024
617.804,1.5646,0.0325331
616.807,1.56458,0.0326641
615.811,1.56455,0.0327956
614.814,1.56453,0.0329275
613.818,1.5645,0.0330598
612.821,1.56447,0.0331926
611.825,1.56445,0.0333257
610.828,1.56442,0.0334594
609.831,1.56439,0.0335934
608.835,1.56437,0.0337279
607.838,1.56434,0.0338629
606.842,1.56431,0.0339982
605.846,1.56428,0.0341341
604.849,1.56426,0.0342703
603.853,1.56423,0.0344071
602.856,1.5642,0.0345443
601.86,1.56418,0.0346819
600.863,1.56415,0.03482
599.867,1.56412,0.0349585
598.87,1.56409,0.0350975
597.874,1.56406,0.035237
596.878,1.56404,0.0353769
595.881,1.56401,0.0355173
594.885,1.56398,0.0356582
593.889,1.56395,0.0357996
592.892,1.56392,0.0359414
591.896,1.5639,0.0360837
590.9,1.56387,0.0362265
589.903,1.56384,0.0363697
588.907,1.56381,0.0365135
587.911,1.56378,0.0366577
586.915,1.56375,0.0368024
585.918,1.56372,0.0369477
584.922,1.56369,0.0370934
583.926,1.56366,0.0372396
582.93,1.56363,0.0373863
581.934,1.56361,0.0375335
580.937,1.56358,0.0376812
579.941,1.56355,0.0378294
578.945,1.56352,0.0379782
577.949,1.56349,0.0381274
576.953,1.56346,0.0382772
575.957,1.56343,0.0384275
574.961,1.5634,0.0385783
573.965,1.56337,0.0387296
572.969,1.56334,0.0388814
571.973,1.56331,0.0390338
570.977,1.56328,0.0391867
569.98,1.56324,0.0393402
568.984,1.56321,0.0394942
567.988,1.56318,0.0396487
566.992,1.56315,0.0398037
565.997,1.56312,0.0399594
565.001,1.56309,0.0401155
564.005,1.56306,0.0402722
563.009,1.56303,0.0404295
562.013,1.563,0.0405873
561.017,1.56296,0.0407457
560.021,1.56293,0.0409046
559.025,1.5629,0.0410642
558.029,1.56287,0.0412242
557.033,1.56284,0.0413849
556.038,1.5628,0.0415461
555.042,1.56277,0.0417079
554.046,1.56274,0.0418703
553.05,1.56271,0.0420333
552.055,1.56267,0.0421969
551.059,1.56264,0.042361
550.063,1.56261,0.0425258
549.067,1.56257,0.0426911
548.072,1.56254,0.0428571
547.076,1.56251,0.0430236
546.08,1.56247,0.0431908
545.085,1.56244,0.0433586
544.089,1.56241,0.0435269
543.093,1.56237,0.043696
542.098,1.56234,0.0438656
541.102,1.56231,0.0440358
540.107,1.56227,0.0442067
539.111,1.56224,0.0443782
538.116,1.5622,0.0445503
537.12,1.56217,0.0447231
536.125,1.56213,0.0448965
535.129,1.5621,0.0450706
534.134,1.56206,0.0452453
533.138,1.56203,0.0454207
532.143,1.56199,0.0455967
531.147,1.56196,0.0457734
530.152,1.56192,0.0459508
529.156,1.56189,0.0461288
528.161,1.56185,0.0463075
527.166,1.56182,0.0464868
526.17,1.56178,0.0466669
525.175,1.56174,0.0468476
524.18,1.56171,0.047029
523.185,1.56167,0.0472111
522.189,1.56164,0.0473939
521.194,1.5616,0.0475774
520.199,1.56156,0.0477616
519.204,1.56152,0.0479465
518.208,1.56149,0.0481321
517.213,1.56145,0.0483184
516.218,1.56141,0.0485055
515.223,1.56138,0.0486932
514.228,1.56134,0.0488817
513.233,1.5613,0.0490709
512.238,1.56126,0.0492609
511.243,1.56122,0.0494516
510.248,1.56119,0.049643
509.253,1.56115,0.0498352
508.258,1.56111,0.0500282
507.263,1.56107,0.0502219
506.268,1.56103,0.0504163
505.273,1.56099,0.0506116
504.278,1.56095,0.0508076
503.283,1.56091,0.0510043
502.288,1.56087,0.0512019
501.293,1.56083,0.0514002
500.298,1.5608,0.0515994
499.303,1.56076,0.0517993
498.309,1.56072,0.052
497.314,1.56067,0.0522015
496.319,1.56063,0.0524038
495.324,1.56059,0.052607
494.33,1.56055,0.052811
493.335,1.56051,0.0530157
492.34,1.56047,0.0532213
491.346,1.56043,0.0534278
490.351,1.56039,0.0536351
489.356,1.56035,0.0538432
488.362,1.56031,0.0540522
487.367,1.56026,0.054262
486.373,1.56022,0.0544727
485.378,1.56018,0.0546842
484.384,1.56014,0.0548966
483.389,1.56009,0.0551099
482.395,1.56005,0.0553241
481.4,1.56001,0.0555392
480.406,1.55997,0.0557551
479.412,1.55992,0.0559719
478.417,1.55988,0.0561897
477.423,1.55983,0.0564083
476.429,1.55979,0.0566279
475.434,1.55975,0.0568484
474.44,1.5597,0.0570698
473.446,1.55966,0.0572921
472.452,1.55961,0.0575154
471.458,1.55957,0.0577396
470.463,1.55952,0.0579648
469.469,1.55948,0.0581909
468.475,1.55943,0.058418
467.481,1.55939,0.058646
466.487,1.55934,0.058875
465.493,1.5593,0.059105
464.499,1.55925,0.059336
463.505,1.5592,0.0595679
462.511,1.55916,0.0598009
461.517,1.55911,0.0600349
460.523,1.55906,0.0602699
459.529,1.55902,0.0605059
458.535,1.55897,0.0607429
457.542,1.55892,0.0609809
456.548,1.55887,0.06122
455.554,1.55883,0.0614601
454.56,1.55878,0.0617013
453.567,1.55873,0.0619436
452.573,1.55868,0.0621869
451.579,1.55863,0.0624312
450.586,1.55858,0.0626767
449.592,1.55853,0.0629232
448.598,1.55848,0.0631708
447.605,1.55844,0.0634196
446.611,1.55839,0.0636694
445.618,1.55834,0.0639203
444.624,1.55828,0.0641724
443.631,1.55823,0.0644256
442.637,1.55818,0.0646799
441.644,1.55813,0.0649354
440.651,1.55808,0.0651921
439.657,1.55803,0.0654498
438.664,1.55798,0.0657088
437.671,1.55793,0.0659689
436.678,1.55787,0.0662303
435.684,1.55782,0.0664928
434.691,1.55777,0.0667565
433.698,1.55772,0.0670214
432.705,1.55766,0.0672875
431.712,1.55761,0.0675549
430.719,1.55756,0.0678235
429.726,1.5575,0.0680933
428.733,1.55745,0.0683644
427.74,1.55739,0.0686368
426.747,1.55734,0.0689104
425.754,1.55728,0.0691853
424.761,1.55723,0.0694614
423.769,1.55717,0.0697389
422.776,1.55712,0.0700177
421.783,1.55706,0.0702978
420.79,1.55701,0.0705792
419.798,1.55695,0.0708619
418.805,1.55689,0.071146
417.813,1.55684,0.0714314
416.82,1.55678,0.0717182
415.827,1.55672,0.0720064
414.835,1.55666,0.0722959
413.843,1.55661,0.0725868
412.85,1.55655,0.0728792
411.858,1.55649,0.0731729
410.865,1.55643,0.073468
409.873,1.55637,0.0737646
408.881,1.55631,0.0740627
407.889,1.55625,0.0743621
406.896,1.55619,0.0746631
405.904,1.55613,0.0749655
404.912,1.55607,0.0752694
403.92,1.55601,0.0755747
402.928,1.55595,0.0758816
401.936,1.55589,0.07619
400.944,1.55583,0.0765
399.952,1.55576,0.0768114
398.96,1.5557,0.0771245
397.968,1.55564,0.077439
396.977,1.55558,0.0777552
395.985,1.55551,0.0780729
394.993,1.55545,0.0783923
394.001,1.55538,0.0787132
393.01,1.55532,0.0790358
392.018,1.55526,0.0793599
391.027,1.55519,0.0796858
390.035,1.55513,0.0800133
389.044,1.55506,0.0803424
388.052,1.55499,0.0806733
387.061,1.55493,0.0810058
386.07,1.55486,0.0813401
385.078,1.55479,0.0816761
384.087,1.55473,0.0820138
383.096,1.55466,0.0823532
382.105,1.55459,0.0826944
381.114,1.55452,0.0830374
380.123,1.55445,0.0833822
379.132,1.55438,0.0837288
378.141,1.55432,0.0840772
377.15,1.55425,0.0844274
376.159,1.55418,0.0847795
375.168,1.5541,0.0851335
374.177,1.55403,0.0854893
373.186,1.55396,0.085847
372.196,1.55389,0.0862066
371.205,1.55382,0.0865681
370.215,1.55375,0.0869316
369.224,1.55367,0.087297
368.234,1.5536,0.0876644
367.243,1.55353,0.0880338
366.253,1.55345,0.0884051
365.262,1.55338,0.0887785
364.272,1.5533,0.0891539
363.282,1.55323,0.0895314
362.292,1.55315,0.0899109
361.302,1.55308,0.0902925
360.312,1.553,0.0906762
359.322,1.55292,0.091062
358.332,1.55285,0.09145
357.342,1.55277,0.0918401
356.352,1.55269,0.0922324
355.362,1.55261,0.0926268
354.373,1.55253,0.0930235
353.383,1.55245,0.0934224
352.393,1.55237,0.0938235
351.404,1.55229,0.0942269
350.414,1.55221,0.0946325
349.425,1.55213,0.0950405
348.436,1.55205,0.0954508
347.446,1.55197,0.0958634
346.457,1.55189,0.0962784
345.468,1.5518,0.0966958
344.479,1.55172,0.0971155
343.49,1.55163,0.0975377
342.501,1.55155,0.0979623
341.512,1.55147,0.0983894
340.523,1.55138,0.0988189
339.534,1.55129,0.099251
338.545,1.55121,0.0996856
337.557,1.55112,0.100123
336.568,1.55103,0.100562
335.58,1.55094,0.101005
334.591,1.55086,0.10145
333.603,1.55077,0.101897
332.615,1.55068,0.102347
331.626,1.55059,0.1028
330.638,1.5505,0.103256
329.65,1.55041,0.103714
328.662,1.55031,0.104175
327.674,1.55022,0.104639
326.686,1.55013,0.105106
325.698,1.55004,0.105575
324.711,1.54994,0.106048
323.723,1.54985,0.106523
322.735,1.54975,0.107001
321.748,1.54966,0.107482
320.76,1.54956,0.107966
319.773,1.54946,0.108453
318.786,1.54937,0.108943
317.799,1.54927,0.109437
316.811,1.54917,0.109933
315.824,1.54907,0.110432
314.837,1.54897,0.110934
313.851,1.54887,0.11144
312.864,1.54877,0.111949
311.877,1.54867,0.112461
310.89,1.54856,0.112976
309.904,1.54846,0.113495
308.917,1.54836,0.114017
307.931,1.54825,0.114542
306.945,1.54815,0.11507
305.959,1.54804,0.115602
304.973,1.54794,0.116138
303.987,1.54783,0.116677
303.001,1.54772,0.117219
302.015,1.54761,0.117765
301.029,1.5475,0.118315
300.043,1.54739,0.118868
299.058,1.54728,0.119425
298.072,1.54717,0.119985
297.087,1.54706,0.120549
296.102,1.54695,0.121117
295.117,1.54683,0.121689
294.132,1.54672,0.122265
293.147,1.54661,0.122844
292.162,1.54649,0.123428
291.177,1.54637,0.124015
290.192,1.54626,0.124606
289.208,1.54614,0.125202
288.223,1.54602,0.125801
287.239,1.5459,0.126405
286.255,1.54578,0.127012
285.271,1.54566,0.127624
284.287,1.54554,0.12824
283.303,1.54541,0.128861
282.319,1.54529,0.129485
281.336,1.54516,0.130114
280.352,1.54504,0.130748
279.369,1.54491,0.131386
278.385,1.54478,0.132029
277.402,1.54466,0.132676
276.419,1.54453,0.133327
275.436,1.5444,0.133984
274.453,1.54427,0.134645
273.471,1.54413,0.13531
272.488,1.544,0.135981
271.505,1.54387,0.136656
270.523,1.54373,0.137337
269.541,1.5436,0.138022
268.559,1.54346,0.138712
267.577,1.54332,0.139408
266.595,1.54318,0.140108
265.614,1.54304,0.140814
264.632,1.5429,0.141525
263.651,1.54276,0.142241
262.669,1.54262,0.142963
261.688,1.54248,0.14369
260.707,1.54233,0.144423
259.727,1.54218,0.145161
258.746,1.54204,0.145904
257.765,1.54189,0.146654
256.785,1.54174,0.147409
255.805,1.54159,0.14817
254.825,1.54144,0.148936
253.845,1.54129,0.149709
252.865,1.54113,0.150488
251.885,1.54098,0.151272
250.906,1.54082,0.152063
249.927,1.54066,0.15286
248.948,1.5405,0.153663
247.969,1.54034,0.154473
246.99,1.54018,0.155289
246.011,1.54002,0.156112
245.033,1.53986,0.156941
244.055,1.53969,0.157777
243.077,1.53953,0.158619
242.099,1.53936,0.159469
241.121,1.53919,0.160325
240.143,1.53902,0.161188
239.166,1.53885,0.162059
238.189,1.53867,0.162936
237.212,1.5385,0.163821
236.235,1.53832,0.164713
235.258,1.53815,0.165612
234.282,1.53797,0.166519
233.306,1.53779,0.167434
232.33,1.53761,0.168356
231.354,1.53742,0.169286
230.378,1.53724,0.170224
229.403,1.53705,0.17117
228.428,1.53686,0.172124
227.453,1.53667,0.173086
226.478,1.53648,0.174057
225.504,1.53629,0.175036
224.529,1.5361,0.176023
223.555,1.5359,0.177019
222.582,1.5357,0.178024
221.608,1.5355,0.179037
220.635,1.5353,0.18006
219.661,1.5351,0.181092
218.689,1.5349,0.182132
217.716,1.53469,0.183183
216.744,1.53448,0.184242
215.771,1.53427,0.185311
214.8,1.53406,0.18639
213.828,1.53385,0.187479
212.857,1.53363,0.188578
211.885,1.53341,0.189686
210.915,1.53319,0.190805
209.944,1.53297,0.191935
208.974,1.53275,0.193074
208.004,1.53252,0.194225
207.034,1.53229,0.195386
206.065,1.53206,0.196558
205.095,1.53183,0.197742
204.127,1.5316,0.198936
203.158,1.53136,0.200142
202.19,1.53112,0.20136
201.222,1.53088,0.202589
200.254,1.53064,0.20383
199.287,1.5304,0.205084
198.32,1.53015,0.206349
197.353,1.5299,0.207627
196.387,1.52965,0.208918
195.421,1.52939,0.210221
194.455,1.52914,0.211537
193.49,1.52888,0.212867
192.525,1.52861,0.21421
191.561,1.52835,0.215566
190.596,1.52808,0.216936
189.633,1.52781,0.21832
188.669,1.52754,0.219719
187.706,1.52726,0.221131
186.743,1.52699,0.222559
185.781,1.5267,0.224001
184.819,1.52642,0.225458
183.857,1.52613,0.22693
182.896,1.52585,0.228418
181.936,1.52555,0.229922
180.975,1.52526,0.231442
180.016,1.52496,0.232978
179.056,1.52466,0.23453
178.097,1.52435,0.2361
177.139,1.52404,0.237686
176.181,1.52373,0.239289
175.223,1.52342,0.240911
174.266,1.5231,0.24255
173.309,1.52278,0.244207
172.353,1.52246,0.245882
171.398,1.52213,0.247577
170.443,1.5218,0.24929
169.488,1.52146,0.251023
168.534,1.52112,0.252775
167.58,1.52078,0.254548
166.627,1.52043,0.256341
165.675,1.52008,0.258154
164.723,1.51973,0.259989
163.772,1.51937,0.261845
162.821,1.51901,0.263722
161.871,1.51864,0.265622
160.921,1.51827,0.267544
159.972,1.5179,0.26949
159.024,1.51752,0.271458
158.076,1.51714,0.27345
157.129,1.51675,0.275466
156.183,1.51636,0.277507
155.237,1.51596,0.279573
154.292,1.51556,0.281664
153.347,1.51516,0.283781
152.404,1.51475,0.285924
151.461,1.51433,0.288095
150.519,1.51391,0.290292
149.577,1.51349,0.292517
148.636,1.51306,0.294771
147.697,1.51262,0.297053
146.757,1.51218,0.299365
145.819,1.51174,0.301706
144.882,1.51128,0.304078
143.945,1.51083,0.306481
143.009,1.51036,0.308916
142.074,1.5099,0.311382
141.14,1.50942,0.313882
140.207,1.50894,0.316415
139.275,1.50846,0.318982
138.343,1.50796,0.321584
137.413,1.50746,0.324221
136.484,1.50696,0.326895
135.555,1.50645,0.329605
134.628,1.50593,0.332353
133.701,1.50541,0.335139
132.776,1.50488,0.337964
131.852,1.50434,0.340828
130.929,1.50379,0.343734
130.007,1.50324,0.346681
129.086,1.50268,0.34967
128.167,1.50211,0.352703
127.248,1.50154,0.355779
126.331,1.50096,0.3589
125.415,1.50037,0.362068
124.5,1.49977,0.365282
123.587,1.49916,0.368544
122.675,1.49855,0.371855
121.764,1.49792,0.375215
120.855,1.49729,0.378627
119.947,1.49665,0.38209
119.041,1.496,0.385607
118.136,1.49535,0.389178
117.233,1.49468,0.392804
116.331,1.494,0.396487
115.431,1.49332,0.400228
114.533,1.49262,0.404028
113.636,1.49191,0.407889
112.741,1.4912,0.411811
111.848,1.49047,0.415796
110.956,1.48974,0.419847
110.066,1.48899,0.423963
109.179,1.48823,0.428146
108.293,1.48747,0.432399
107.409,1.48669,0.436722
106.527,1.48589,0.441118
105.647,1.48509,0.445587
104.77,1.48428,0.450132
103.894,1.48345,0.454755
103.021,1.48262,0.459456
102.15,1.48176,0.464239
101.282,1.4809,0.469104
100.416,1.48003,0.474054
99.5523,1.47914,0.479091
98.6913,1.47824,0.484217
97.8329,1.47732,0.489434
96.9772,1.47639,0.494744
96.1242,1.47545,0.500149
95.274,1.47449,0.505652
94.4268,1.47352,0.511255
93.5825,1.47254,0.516961
92.7413,1.47154,0.522771
91.9033,1.47052,0.528688
91.0685,1.4695,0.534716
90.237,1.46845,0.540856
89.4089,1.46739,0.547111
88.5843,1.46631,0.553484
87.7634,1.46522,0.559979
86.9461,1.46412,0.566597
86.1327,1.46299,0.573342
85.3231,1.46185,0.580218
84.5176,1.46069,0.587226
83.7162,1.45952,0.594371
82.9191,1.45833,0.601655
82.1264,1.45712,0.609083
81.3382,1.4559,0.616656
80.5547,1.45466,0.62438
79.7759,1.4534,0.632258
79.002,1.45212,0.640292
78.2332,1.45083,0.648488
77.4696,1.44952,0.656848
76.7113,1.44819,0.665377
75.9586,1.44685,0.674079
75.2116,1.44548,0.682957
74.4704,1.4441,0.692015
73.7353,1.44271,0.701259
73.0063,1.44129,0.710691
72.2838,1.43986,0.720315
71.5678,1.43841,0.730138
70.8586,1.43695,0.740161
70.1564,1.43547,0.750391
69.4614,1.43398,0.76083
68.7737,1.43247,0.771483
68.0937,1.43095,0.782356
67.4216,1.42941,0.793451
66.7576,1.42786,0.804773
66.1018,1.4263,0.816326
65.4547,1.42473,0.828114
64.8163,1.42314,0.840142
64.1871,1.42155,0.852414
63.5672,1.41994,0.864932
62.9569,1.41834,0.877702
62.3566,1.41672,0.890725
61.7664,1.4151,0.904007
61.1866,1.41348,0.917549
60.6177,1.41185,0.931355
60.0598,1.41023,0.945428
59.5133,1.4086,0.959769
58.9785,1.40698,0.974381
58.4556,1.40537,0.989265
57.9451,1.40377,1.00442
57.4473,1.40217,1.01986
56.9624,1.40059,1.03556
56.4907,1.39902,1.05154
56.0328,1.39748,1.0678
55.5887,1.39595,1.08433
55.159,1.39445,1.10113
54.7439,1.39297,1.11819
54.3437,1.39152,1.13553
53.9587,1.39011,1.15312
53.5894,1.38873,1.17097
53.236,1.38739,1.18907
52.8988,1.3861,1.20742
52.5781,1.38485,1.22601
52.2743,1.38365,1.24482
51.9875,1.3825,1.26386
51.7182,1.3814,1.28311
51.4665,1.38037,1.30257
51.2327,1.37939,1.32222
51.0171,1.37848,1.34204
50.8199,1.37764,1.36204
50.6413,1.37687,1.38219
50.4814,1.37617,1.40248
50.3406,1.37555,1.42289
50.2188,1.375,1.44342
50.1163,1.37453,1.46405
50.0331,1.37414,1.48475
49.9695,1.37383,1.50552
49.9253,1.3736,1.52634
49.9008,1.37346,1.54718
49.8958,1.3734,1.56804
49.9105,1.37343,1.5889
49.9448,1.37353,1.60973
49.9987,1.37373,1.63053
50.0721,1.374,1.65127
50.1649,1.37435,1.67194
50.277,1.37479,1.69252
50.4083,1.3753,1.713
50.5586,1.37589,1.73336
50.7278,1.37655,1.75359
50.9157,1.37729,1.77367
51.1221,1.37809,1.79359
51.3468,1.37896,1.81333
51.5895,1.3799,1.83289
51.85,1.3809,1.85226
52.128,1.38195,1.87141
52.4233,1.38306,1.89035
52.7356,1.38422,1.90906
53.0645,1.38543,1.92754
53.4098,1.38669,1.94577
53.7712,1.38798,1.96376
54.1483,1.38932,1.98149
54.5409,1.39069,1.99897
54.9485,1.3921,2.01618
55.371,1.39353,2.03312
55.8079,1.39499,2.0498
56.2589,1.39648,2.0662
56.7237,1.39798,2.08233
57.202,1.39951,2.09818
57.6933,1.40105,2.11376
58.1975,1.4026,2.12907
58.7142,1.40416,2.1441
59.2431,1.40573,2.15886
59.7837,1.40731,2.17335
60.3359,1.40889,2.18756
60.8994,1.41048,2.20151
61.4737,1.41206,2.2152
62.0587,1.41365,2.22862
62.654,1.41523,2.24178
63.2593,1.4168,2.25469
63.8744,1.41837,2.26734
64.499,1.41994,2.27974
65.1328,1.42149,2.2919
65.7755,1.42304,2.30382
66.427,1.42458,2.3155
67.0869,1.4261,2.32695
67.755,1.42762,2.33816
68.4311,1.42912,2.34915
69.1149,1.43061,2.35992
69.8062,1.43208,2.37048
70.5048,1.43354,2.38082
71.2105,1.43499,2.39095
71.9231,1.43642,2.40088
72.6424,1.43783,2.41062
73.3682,1.43923,2.42015
74.1002,1.44061,2.42949
74.8384,1.44198,2.43865
75.5825,1.44333,2.44763
76.3324,1.44467,2.45642
77.0879,1.44598,2.46504
77.8488,1.44728,2.47349
78.615,1.44857,2.48178
79.3864,1.44983,2.4899
80.1627,1.45108,2.49786
80.9439,1.45232,2.50567
81.7298,1.45353,2.51332
82.5202,1.45473,2.52083
83.3152,1.45592,2.52819
84.1144,1.45708,2.53541
84.9178,1.45823,2.54249
85.7254,1.45937,2.54943
86.5369,1.46049,2.55625
87.3522,1.46159,2.56294
88.1713,1.46268,2.5695
88.9941,1.46375,2.57593
89.8204,1.4648,2.58225
90.6502,1.46584,2.58845
91.4834,1.46687,2.59454
92.3198,1.46788,2.60052
93.1594,1.46888,2.60639
94.0022,1.46986,2.61215
94.8479,1.47083,2.6178
95.6966,1.47178,2.62336
96.5482,1.47272,2.62882
97.4025,1.47365,2.63418
98.2596,1.47456,2.63945
99.1193,1.47546,2.64462
99.9816,1.47634,2.64971
100.846,1.47722,2.6547
101.714,1.47808,2.65961
102.583,1.47893,2.66444
103.455,1.47976,2.66918
104.33,1.48059,2.67385
105.206,1.4814,2.67844
106.085,1.4822,2.68294
106.966,1.48299,2.68738
107.848,1.48377,2.69174
108.733,1.48453,2.69603
109.62,1.48529,2.70025
110.509,1.48604,2.7044
111.399,1.48677,2.70849
112.292,1.4875,2.71251
113.186,1.48821,2.71647
114.082,1.48892,2.72036
114.98,1.48961,2.72419
115.879,1.4903,2.72796
116.78,1.49097,2.73168
117.682,1.49164,2.73534
118.586,1.4923,2.73894
119.492,1.49294,2.74248
120.399,1.49358,2.74597
121.307,1.49422,2.74941
122.217,1.49484,2.7528
123.129,1.49545,2.75614
124.041,1.49606,2.75943
124.955,1.49666,2.76267
125.871,1.49725,2.76586
126.787,1.49783,2.769
127.705,1.4984,2.7721
128.624,1.49897,2.77516
129.544,1.49953,2.77817
130.466,1.50008,2.78114
131.388,1.50063,2.78407
132.312,1.50116,2.78696
133.236,1.5017,2.7898
134.162,1.50222,2.79261
135.089,1.50274,2.79538
136.017,1.50325,2.79811
136.946,1.50375,2.8008
137.876,1.50425,2.80346
138.806,1.50474,2.80608
139.738,1.50523,2.80866
140.671,1.50571,2.81121
141.605,1.50619,2.81373
142.539,1.50665,2.81622
143.474,1.50712,2.81867
144.411,1.50757,2.82109
145.348,1.50802,2.82348
146.286,1.50847,2.82583
147.225,1.50891,2.82816
148.164,1.50935,2.83046
149.104,1.50978,2.83273
150.045,1.5102,2.83497
150.987,1.51062,2.83718
151.93,1.51104,2.83937
152.873,1.51145,2.84152
153.817,1.51185,2.84365
154.762,1.51226,2.84576
155.707,1.51265,2.84784
156.653,1.51304,2.84989
157.6,1.51343,2.85192
158.547,1.51381,2.85393
159.495,1.51419,2.85591
160.444,1.51457,2.85787
161.393,1.51494,2.8598
162.343,1.5153,2.86171
163.294,1.51567,2.8636
164.245,1.51602,2.86547
165.196,1.51638,2.86731
166.149,1.51673,2.86914
167.101,1.51707,2.87094
168.055,1.51742,2.87273
169.008,1.51776,2.87449
169.963,1.51809,2.87623
170.918,1.51842,2.87796
171.873,1.51875,2.87966
172.829,1.51908,2.88135
173.785,1.5194,2.88301
174.742,1.51971,2.88466
175.699,1.52003,2.88629
176.657,1.52034,2.88791
177.616,1.52065,2.8895
178.574,1.52095,2.89108
179.533,1.52125,2.89264
180.493,1.52155,2.89419
181.453,1.52185,2.89571
182.414,1.52214,2.89723
183.374,1.52243,2.89872
184.336,1.52272,2.9002
185.297,1.523,2.90167
186.26,1.52328,2.90312
187.222,1.52356,2.90455
188.185,1.52384,2.90597
189.148,1.52411,2.90738
190.112,1.52438,2.90877
191.076,1.52465,2.91015
192.04,1.52491,2.91151
193.005,1.52517,2.91286
193.97,1.52543,2.9142
194.936,1.52569,2.91552
195.902,1.52595,2.91683
196.868,1.5262,2.91813
197.834,1.52645,2.91942
198.801,1.5267,2.92069
199.768,1.52694,2.92195
200.736,1.52718,2.9232
201.703,1.52742,2.92443
202.671,1.52766,2.92565
203.64,1.5279,2.92687
204.609,1.52813,2.92807
205.578,1.52837,2.92926
206.547,1.5286,2.93043
207.516,1.52882,2.9316
208.486,1.52905,2.93276
209.456,1.52927,2.9339
210.427,1.52949,2.93504
211.398,1.52971,2.93616
212.368,1.52993,2.93728
213.34,1.53015,2.93838
214.311,1.53036,2.93948
215.283,1.53057,2.94056
216.255,1.53078,2.94163
217.227,1.53099,2.9427
218.2,1.5312,2.94375
219.173,1.5314,2.9448
220.146,1.53161,2.94584
221.119,1.53181,2.94686
222.092,1.53201,2.94788
223.066,1.5322,2.94889
224.04,1.5324,2.94989
225.014,1.5326,2.95088
225.989,1.53279,2.95187
226.963,1.53298,2.95284
227.938,1.53317,2.95381
228.913,1.53336,2.95477
229.888,1.53354,2.95572
230.864,1.53373,2.95666
231.839,1.53391,2.95759
232.815,1.53409,2.95852
233.791,1.53427,2.95944
234.768,1.53445,2.96035
235.744,1.53463,2.96125
236.721,1.53481,2.96215
237.698,1.53498,2.96304
238.675,1.53515,2.96392
239.652,1.53533,2.96479
240.63,1.5355,2.96566
241.607,1.53567,2.96652
242.585,1.53583,2.96737
243.563,1.536,2.96822
244.541,1.53616,2.96906
245.52,1.53633,2.96989
246.498,1.53649,2.97072
247.477,1.53665,2.97154
248.456,1.53681,2.97235
249.435,1.53697,2.97316
250.414,1.53713,2.97396
251.393,1.53729,2.97475
252.373,1.53744,2.97554
253.352,1.53759,2.97632
254.332,1.53775,2.9771
255.312,1.5379,2.97787
256.292,1.53805,2.97863
257.273,1.5382,2.97939
258.253,1.53835,2.98014
259.234,1.53849,2.98089
260.214,1.53864,2.98163
261.195,1.53879,2.98236
262.176,1.53893,2.98309
263.158,1.53907,2.98382
264.139,1.53921,2.98454
265.12,1.53936,2.98525
266.102,1.5395,2.98596
267.084,1.53963,2.98666
268.065,1.53977,2.98736
269.047,1.53991,2.98805
270.03,1.54004,2.98874
271.012,1.54018,2.98943
271.994,1.54031,2.9901
272.977,1.54045,2.99078
273.959,1.54058,2.99145
274.942,1.54071,2.99211
275.925,1.54084,2.99277
276.908,1.54097,2.99342
277.891,1.5411,2.99407
278.874,1.54122,2.99472
279.858,1.54135,2.99536
280.841,1.54148,2.99599
281.825,1.5416,2.99662
282.809,1.54173,2.99725
283.792,1.54185,2.99787
284.776,1.54197,2.99849
285.76,1.54209,2.99911
286.745,1.54221,2.99972
287.729,1.54233,3.00032
288.713,1.54245,3.00092
289.698,1.54257,3.00152
290.682,1.54269,3.00211
291.667,1.5428,3.0027
292.652,1.54292,3.00329
293.637,1.54303,3.00387
294.622,1.54315,3.00445
295.607,1.54326,3.00502
296.592,1.54338,3.00559
297.577,1.54349,3.00616
298.563,1.5436,3.00672
299.548,1.54371,3.00728
300.534,1.54382,3.00783
301.519,1.54393,3.00839
302.505,1.54404,3.00893
303.491,1.54415,3.00948
304.477,1.54425,3.01002
305.463,1.54436,3.01056
306.449,1.54446,3.01109
307.435,1.54457,3.01162
308.422,1.54467,3.01215
309.408,1.54478,3.01267
310.395,1.54488,3.01319
311.381,1.54498,3.01371
312.368,1.54509,3.01422
313.355,1.54519,3.01473
314.342,1.54529,3.01524
315.328,1.54539,3.01574
316.315,1.54549,3.01625
317.303,1.54558,3.01674
318.29,1.54568,3.01724
319.277,1.54578,3.01773
320.264,1.54588,3.01822
321.252,1.54597,3.0187
322.239,1.54607,3.01919
323.227,1.54616,3.01967
324.214,1.54626,3.02014
325.202,1.54635,3.02062
326.19,1.54645,3.02109
327.178,1.54654,3.02156
328.166,1.54663,3.02202
329.154,1.54672,3.02248
330.142,1.54681,3.02294
331.13,1.54691,3.0234
332.118,1.547,3.02385
333.106,1.54709,3.02431
334.095,1.54717,3.02476
335.083,1.54726,3.0252
336.071,1.54735,3.02565
337.06,1.54744,3.02609
338.049,1.54753,3.02653
339.037,1.54761,3.02696
340.026,1.5477,3.02739
341.015,1.54778,3.02783
342.004,1.54787,3.02825
342.993,1.54795,3.02868
343.982,1.54804,3.0291
344.971,1.54812,3.02952
345.96,1.5482,3.02994
346.949,1.54829,3.03036
347.938,1.54837,3.03077
348.928,1.54845,3.03118
349.917,1.54853,3.03159
350.907,1.54861,3.032
351.896,1.54869,3.0324
352.886,1.54877,3.03281
353.875,1.54885,3.03321
354.865,1.54893,3.03361
355.855,1.54901,3.034
356.845,1.54909,3.03439
357.834,1.54917,3.03479
358.824,1.54924,3.03517
359.814,1.54932,3.03556
360.804,1.5494,3.03595
361.794,1.54947,3.03633
362.784,1.54955,3.03671
363.775,1.54962,3.03709
364.765,1.5497,3.03746
365.755,1.54977,3.03784
366.745,1.54985,3.03821
367.736,1.54992,3.03858
368.726,1.54999,3.03895
369.717,1.55007,3.03932
370.707,1.55014,3.03968
371.698,1.55021,3.04004
372.689,1.55028,3.0404
373.679,1.55035,3.04076
374.67,1.55043,3.04112
375.661,1.5505,3.04148
376.652,1.55057,3.04183
377.643,1.55064,3.04218
378.634,1.55071,3.04253
379.625,1.55078,3.04288
380.616,1.55084,3.04322
381.607,1.55091,3.04357
382.598,1.55098,3.04391
383.589,1.55105,3.04425
384.58,1.55112,3.04459
385.571,1.55118,3.04492
386.563,1.55125,3.04526
387.554,1.55132,3.04559
388.545,1.55138,3.04592
389.537,1.55145,3.04625
390.528,1.55151,3.04658
391.52,1.55158,3.04691
392.511,1.55164,3.04723
393.503,1.55171,3.04756
394.495,1.55177,3.04788
395.486,1.55183,3.0482
396.478,1.5519,3.04852
397.47,1.55196,3.04884
398.462,1.55202,3.04915
399.454,1.55209,3.04946
400.446,1.55215,3.04978
401.437,1.55221,3.05009
402.429,1.55227,3.0504
403.421,1.55233,3.0507
404.414,1.55239,3.05101
405.406,1.55245,3.05132
406.398,1.55251,3.05162
407.39,1.55258,3.05192
408.382,1.55263,3.05222
409.374,1.55269,3.05252
410.367,1.55275,3.05282
411.359,1.55281,3.05311
412.351,1.55287,3.05341
413.344,1.55293,3.0537
414.336,1.55299,3.05399
415.329,1.55305,3.05428
416.321,1.5531,3.05457
417.314,1.55316,3.05486
418.306,1.55322,3.05514
419.299,1.55327,3.05543
420.292,1.55333,3.05571
421.284,1.55339,3.05599
422.277,1.55344,3.05628
423.27,1.5535,3.05656
424.263,1.55355,3.05683
425.255,1.55361,3.05711
426.248,1.55366,3.05739
427.241,1.55372,3.05766
428.234,1.55377,3.05793
429.227,1.55383,3.0582
430.22,1.55388,3.05848
431.213,1.55393,3.05874
432.206,1.55399,3.05901
433.199,1.55404,3.05928
434.192,1.55409,3.05954
435.185,1.55415,3.05981
436.179,1.5542,3.06007
437.172,1.55425,3.06033
438.165,1.5543,3.0606
439.158,1.55435,3.06085
440.152,1.55441,3.06111
441.145,1.55446,3.06137
442.138,1.55451,3.06163
443.132,1.55456,3.06188
444.125,1.55461,3.06214
445.119,1.55466,3.06239
446.112,1.55471,3.06264
447.106,1.55476,3.06289
448.099,1.55481,3.06314
449.093,1.55486,3.06339
450.086,1.55491,3.06363
451.08,1.55496,3.06388
452.073,1.55501,3.06413
453.067,1.55506,3.06437
454.061,1.5551,3.06461
455.055,1.55515,3.06485
456.048,1.5552,3.06509
457.042,1.55525,3.06533
458.036,1.55529,3.06557
459.03,1.55534,3.06581
460.024,1.55539,3.06605
461.018,1.55544,3.06628
462.011,1.55548,3.06652
463.005,1.55553,3.06675
463.999,1.55558,3.06698
464.993,1.55562,3.06721
465.987,1.55567,3.06744
466.981,1.55571,3.06767
467.976,1.55576,3.0679
468.97,1.5558,3.06813
469.964,1.55585,3.06836
470.958,1.5559,3.06858
471.952,1.55594,3.06881
472.946,1.55598,3.06903
473.941,1.55603,3.06925
474.935,1.55607,3.06948
475.929,1.55612,3.0697
476.923,1.55616,3.06992
477.918,1.5562,3.07014
478.912,1.55625,3.07035
479.906,1.55629,3.07057
480.901,1.55633,3.07079
481.895,1.55638,3.071
482.89,1.55642,3.07122
483.884,1.55646,3.07143
484.879,1.55651,3.07164
485.873,1.55655,3.07186
486.868,1.55659,3.07207
487.862,1.55663,3.07228
488.857,1.55667,3.07249
489.851,1.55672,3.0727
490.846,1.55676,3.0729
491.841,1.5568,3.07311
492.835,1.55684,3.07332
493.83,1.55688,3.07352
494.825,1.55692,3.07373
495.819,1.55696,3.07393
496.814,1.557,3.07413
497.809,1.55704,3.07433
498.804,1.55708,3.07454
499.798,1.55712,3.07474
500.793,1.55716,3.07494
501.788,1.5572,3.07513
502.783,1.55724,3.07533
503.778,1.55728,3.07553
504.773,1.55732,3.07573
505.768,1.55736,3.07592
506.763,1.5574,3.07612
507.758,1.55744,3.07631
508.753,1.55748,3.0765
509.748,1.55751,3.0767
510.743,1.55755,3.07689
511.738,1.55759,3.07708
512.733,1.55763,3.07727
513.728,1.55767,3.07746
514.723,1.5577,3.07765
515.718,1.55774,3.07784
516.713,1.55778,3.07802
517.708,1.55782,3.07821
518.704,1.55785,3.0784
519.699,1.55789,3.07858
520.694,1.55793,3.07877
521.689,1.55796,3.07895
522.684,1.558,3.07913
523.68,1.55804,3.07932
524.675,1.55807,3.0795
525.67,1.55811,3.07968
526.666,1.55814,3.07986
527.661,1.55818,3.08004
528.656,1.55822,3.08022
529.652,1.55825,3.0804
530.647,1.55829,3.08057
531.642,1.55832,3.08075
532.638,1.55836,3.08093
533.633,1.55839,3.0811
534.629,1.55843,3.08128
535.624,1.55846,3.08145
536.62,1.5585,3.08163
537.615,1.55853,3.0818
538.611,1.55857,3.08197
539.606,1.5586,3.08214
540.602,1.55863,3.08231
541.598,1.55867,3.08249
542.593,1.5587,3.08266
543.589,1.55874,3.08282
544.584,1.55877,3.08299
545.58,1.5588,3.08316
546.576,1.55884,3.08333
547.571,1.55887,3.0835
548.567,1.5589,3.08366
549.563,1.55894,3.08383
550.558,1.55897,3.08399
551.554,1.559,3.08416
552.55,1.55904,3.08432
553.546,1.55907,3.08448
554.541,1.5591,3.08465
555.537,1.55913,3.08481
556.533,1.55916,3.08497
557.529,1.5592,3.08513
558.525,1.55923,3.08529
559.521,1.55926,3.08545
560.516,1.55929,3.08561
561.512,1.55932,3.08577
562.508,1.55936,3.08593
563.504,1.55939,3.08609
564.5,1.55942,3.08624
565.496,1.55945,3.0864
566.492,1.55948,3.08655
567.488,1.55951,3.08671
568.484,1.55954,3.08687
569.48,1.55957,3.08702
570.476,1.5596,3.08717
571.472,1.55964,3.08733
572.468,1.55967,3.08748
573.464,1.5597,3.08763
574.46,1.55973,3.08778
575.456,1.55976,3.08793
576.452,1.55979,3.08808
577.448,1.55982,3.08823
578.445,1.55985,3.08838
579.441,1.55988,3.08853
580.437,1.55991,3.08868
581.433,1.55994,3.08883
582.429,1.55996,3.08898
583.425,1.55999,3.08912
584.422,1.56002,3.08927
585.418,1.56005,3.08942
586.414,1.56008,3.08956
587.41,1.56011,3.08971
588.407,1.56014,3.08985
589.403,1.56017,3.09
590.399,1.5602,3.09014
591.395,1.56023,3.09028
592.392,1.56025,3.09042
593.388,1.56028,3.09057
594.384,1.56031,3.09071
595.381,1.56034,3.09085
596.377,1.56037,3.09099
597.373,1.56039,3.09113
598.37,1.56042,3.09127
599.366,1.56045,3.09141
600.363,1.56048,3.09155
601.359,1.56051,3.09169
602.355,1.56053,3.09182
603.352,1.56056,3.09196
604.348,1.56059,3.0921
605.345,1.56062,3.09223
606.341,1.56064,3.09237
607.338,1.56067,3.09251
608.334,1.5607,3.09264
609.331,1.56072,3.09278
610.327,1.56075,3.09291
611.324,1.56078,3.09304
612.32,1.5608,3.09318
613.317,1.56083,3.09331
614.313,1.56086,3.09344
615.31,1.56088,3.09358
616.307,1.56091,3.09371
617.303,1.56094,3.09384
618.3,1.56096,3.09397
619.296,1.56099,3.0941
620.293,1.56101,3.09423
621.29,1.56104,3.09436
622.286,1.56107,3.09449
623.283,1.56109,3.09462
624.28,1.56112,3.09475
625.276,1.56114,3.09487
626.273,1.56117,3.095
627.27,1.56119,3.09513
628.266,1.56122,3.09525
629.263,1.56124,3.09538
630.26,1.56127,3.09551
631.257,1.56129,3.09563
632.253,1.56132,3.09576
633.25,1.56134,3.09588
634.247,1.56137,3.09601
635.244,1.56139,3.09613
636.241,1.56142,3.09625
637.237,1.56144,3.09638
638.234,1.56147,3.0965
639.231,1.56149,3.09662
640.228,1.56152,3.09674
641.225,1.56154,3.09687
642.222,1.56156,3.09699
643.218,1.56159,3.09711
644.215,1.56161,3.09723
645.212,1.56164,3.09735
646.209,1.56166,3.09747
647.206,1.56168,3.09759
648.203,1.56171,3.09771
649.2,1.56173,3.09783
650.197,1.56176,3.09794
651.194,1.56178,3.09806
652.191,1.5618,3.09818
653.188,1.56183,3.0983
654.185,1.56185,3.09841
655.182,1.56187,3.09853
656.179,1.5619,3.09865
657.176,1.56192,3.09876
658.173,1.56194,3.09888
659.17,1.56197,3.09899
660.167,1.56199,3.09911
661.164,1.56201,3.09922
662.161,1.56203,3.09934
663.158,1.56206,3.09945
664.155,1.56208,3.09956
665.152,1.5621,3.09968
666.149,1.56212,3.09979
667.146,1.56215,3.0999
668.143,1.56217,3.10001
669.14,1.56219,3.10013
670.137,1.56221,3.10024
671.134,1.56224,3.10035
672.132,1.56226,3.10046
673.129,1.56228,3.10057
674.126,1.5623,3.10068
675.123,1.56232,3.10079
676.12,1.56235,3.1009
677.117,1.56237,3.10101
678.115,1.56239,3.10112
679.112,1.56241,3.10122
680.109,1.56243,3.10133
681.106,1.56245,3.10144
682.103,1.56248,3.10155
683.101,1.5625,3.10165
684.098,1.56252,3.10176
685.095,1.56254,3.10187
686.092,1.56256,3.10197
687.09,1.56258,3.10208
688.087,1.5626,3.10219
689.084,1.56262,3.10229
690.081,1.56265,3.1024
691.079,1.56267,3.1025
692.076,1.56269,3.10261
693.073,1.56271,3.10271
694.071,1.56273,3.10281
695.068,1.56275,3.10292
696.065,1.56277,3.10302
697.062,1.56279,3.10312
698.06,1.56281,3.10323
699.057,1.56283,3.10333
700.055,1.56285,3.10343
701.052,1.56287,3.10353
702.049,1.56289,3.10363
703.047,1.56291,3.10373
704.044,1.56293,3.10384
705.041,1.56295,3.10394
706.039,1.56297,3.10404
707.036,1.56299,3.10414
708.034,1.56301,3.10424
709.031,1.56303,3.10434
710.028,1.56305,3.10443
711.026,1.56307,3.10453
712.023,1.56309,3.10463
713.021,1.56311,3.10473
714.018,1.56313,3.10483
715.016,1.56315,3.10493
716.013,1.56317,3.10502
717.011,1.56319,3.10512
718.008,1.56321,3.10522
719.006,1.56323,3.10532
720.003,1.56325,3.10541
721.001,1.56327,3.10551
721.998,1.56329,3.1056
722.996,1.56331,3.1057
723.993,1.56332,3.10579
724.991,1.56334,3.10589
725.988,1.56336,3.10598
726.986,1.56338,3.10608
727.983,1.5634,3.10617
728.981,1.56342,3.10627
729.979,1.56344,3.10636
730.976,1.56346,3.10646
731.974,1.56348,3.10655
732.971,1.56349,3.10664
733.969,1.56351,3.10673
734.966,1.56353,3.10683
735.964,1.56355,3.10692
736.962,1.56357,3.10701
737.959,1.56359,3.1071
738.957,1.5636,3.10719
739.955,1.56362,3.10729
740.952,1.56364,3.10738
741.95,1.56366,3.10747
742.948,1.56368,3.10756
743.945,1.5637,3.10765
744.943,1.56371,3.10774
745.94,1.56373,3.10783
746.938,1.56375,3.10792
747.936,1.56377,3.10801
748.934,1.56378,3.1081
749.931,1.5638,3.10819
750.929,1.56382,3.10827
751.927,1.56384,3.10836
752.924,1.56386,3.10845
753.922,1.56387,3.10854
754.92,1.56389,3.10863
755.918,1.56391,3.10871
756.915,1.56393,3.1088
757.913,1.56394,3.10889
758.911,1.56396,3.10898
759.909,1.56398,3.10906
760.906,1.56399,3.10915
761.904,1.56401,3.10923
762.902,1.56403,3.10932
763.9,1.56405,3.10941
764.897,1.56406,3.10949
765.895,1.56408,3.10958
766.893,1.5641,3.10966
767.891,1.56411,3.10975
768.889,1.56413,3.10983
769.886,1.56415,3.10992
770.884,1.56416,3.11
771.882,1.56418,3.11008
772.88,1.5642,3.11017
773.878,1.56422,3.11025
774.876,1.56423,3.11033
775.873,1.56425,3.11042
776.871,1.56426,3.1105
777.869,1.56428,3.11058
778.867,1.5643,3.11067
779.865,1.56431,3.11075
780.863,1.56433,3.11083
781.861,1.56435,3.11091
782.858,1.56436,3.11099
783.856,1.56438,3.11107
784.854,1.5644,3.11116
785.852,1.56441,3.11124
786.85,1.56443,3.11132
787.848,1.56444,3.1114
788.846,1.56446,3.11148
789.844,1.56448,3.11156
790.842,1.56449,3.11164
791.84,1.56451,3.11172
792.838,1.56452,3.1118
793.836,1.56454,3.11188
794.833,1.56456,3.11196
795.831,1.56457,3.11204
796.829,1.56459,3.11211
797.827,1.5646,3.11219
798.825,1.56462,3.11227
799.823,1.56463,3.11235
800.821,1.56465,3.11243
801.819,1.56467,3.1125
802.817,1.56468,3.11258
803.815,1.5647,3.11266
804.813,1.56471,3.11274
805.811,1.56473,3.11281
806.809,1.56474,3.11289
807.807,1.56476,3.11297
808.805,1.56477,3.11304
809.803,1.56479,3.11312
810.801,1.5648,3.1132
811.799,1.56482,3.11327
812.797,1.56483,3.11335
813.795,1.56485,3.11342
814.794,1.56486,3.1135
815.792,1.56488,3.11357
816.79,1.56489,3.11365
817.788,1.56491,3.11372
818.786,1.56492,3.1138
819.784,1.56494,3.11387
820.782,1.56495,3.11395
821.78,1.56497,3.11402
822.778,1.56498,3.11409
823.776,1.565,3.11417
824.774,1.56501,3.11424
825.772,1.56503,3.11431
826.77,1.56504,3.11439
827.769,1.56506,3.11446
828.767,1.56507,3.11453
829.765,1.56509,3.11461
830.763,1.5651,3.11468
831.761,1.56511,3.11475
832.759,1.56513,3.11482
833.757,1.56514,3.1149
834.755,1.56516,3.11497
835.754,1.56517,3.11504
836.752,1.56519,3.11511
837.75,1.5652,3.11518
838.748,1.56521,3.11525
839.746,1.56523,3.11532
840.744,1.56524,3.11539
841.743,1.56526,3.11546
842.741,1.56527,3.11553
843.739,1.56529,3.1156
844.737,1.5653,3.11567
845.735,1.56531,3.11574
846.733,1.56533,3.11581
847.732,1.56534,3.11588
848.73,1.56536,3.11595
849.728,1.56537,3.11602
850.726,1.56538,3.11609
851.724,1.5654,3.11616
852.723,1.56541,3.11623
853.721,1.56542,3.1163
854.719,1.56544,3.11637
855.717,1.56545,3.11643
856.716,1.56546,3.1165
857.714,1.56548,3.11657
858.712,1.56549,3.11664
859.71,1.56551,3.11671
860.709,1.56552,3.11677
861.707,1.56553,3.11684
862.705,1.56555,3.11691
863.703,1.56556,3.11698
864.702,1.56557,3.11704
865.7,1.56559,3.11711
866.698,1.5656,3.11718
867.696,1.56561,3.11724
868.695,1.56563,3.11731
869.693,1.56564,3.11737
870.691,1.56565,3.11744
871.69,1.56567,3.11751
872.688,1.56568,3.11757
873.686,1.56569,3.11764
874.685,1.5657,3.1177
875.683,1.56572,3.11777
876.681,1.56573,3.11783
877.679,1.56574,3.1179
878.678,1.56576,3.11796
879.676,1.56577,3.11803
880.674,1.56578,3.11809
881.673,1.5658,3.11816
882.671,1.56581,3.11822
883.669,1.56582,3.11828
884.668,1.56583,3.11835
885.666,1.56585,3.11841
886.664,1.56586,3.11848
887.663,1.56587,3.11854
888.661,1.56588,3.1186
889.66,1.5659,3.11867
890.658,1.56591,3.11873
891.656,1.56592,3.11879
892.655,1.56593,3.11885
893.653,1.56595,3.11892
894.651,1.56596,3.11898
895.65,1.56597,3.11904
896.648,1.56598,3.1191
897.647,1.566,3.11917
898.645,1.56601,3.11923
899.643,1.56602,3.11929
900.642,1.56603,3.11935
901.64,1.56605,3.11941
902.639,1.56606,3.11947
903.637,1.56607,3.11953
904.635,1.56608,3.1196
905.634,1.5661,3.11966
906.632,1.56611,3.11972
907.631,1.56612,3.11978
908.629,1.56613,3.11984
909.628,1.56614,3.1199
910.626,1.56616,3.11996
911.624,1.56617,3.12002
912.623,1.56618,3.12008
913.621,1.56619,3.12014
914.62,1.5662,3.1202
915.618,1.56622,3.12026
916.617,1.56623,3.12032
917.615,1.56624,3.12038
918.614,1.56625,3.12044
919.612,1.56626,3.1205
920.611,1.56628,3.12056
921.609,1.56629,3.12061
922.607,1.5663,3.12067
923.606,1.56631,3.12073
924.604,1.56632,3.12079
925.603,1.56633,3.12085
926.601,1.56635,3.12091
927.6,1.56636,3.12096
928.598,1.56637,3.12102
929.597,1.56638,3.12108
930.595,1.56639,3.12114
931.594,1.5664,3.1212
932.592,1.56641,3.12125
933.591,1.56643,3.12131
934.589,1.56644,3.12137
935.588,1.56645,3.12142
936.587,1.56646,3.12148
937.585,1.56647,3.12154
938.584,1.56648,3.1216
939.582,1.56649,3.12165
940.581,1.56651,3.12171
941.579,1.56652,3.12176
942.578,1.56653,3.12182
943.576,1.56654,3.12188
944.575,1.56655,3.12193
945.573,1.56656,3.12199
946.572,1.56657,3.12205
947.57,1.56658,3.1221
948.569,1.5666,3.12216
949.568,1.56661,3.12221
950.566,1.56662,3.12227
951.565,1.56663,3.12232
952.563,1.56664,3.12238
953.562,1.56665,3.12243
954.56,1.56666,3.12249
955.559,1.56667,3.12254
956.558,1.56668,3.1226
957.556,1.56669,3.12265
958.555,1.56671,3.12271
959.553,1.56672,3.12276
960.552,1.56673,3.12281
961.551,1.56674,3.12287
962.549,1.56675,3.12292
963.548,1.56676,3.12298
964.546,1.56677,3.12303
965.545,1.56678,3.12308
966.544,1.56679,3.12314
967.542,1.5668,3.12319
968.541,1.56681,3.12324
969.539,1.56682,3.1233
970.538,1.56683,3.12335
971.537,1.56684,3.1234
972.535,1.56685,3.12346
973.534,1.56687,3.12351
974.533,1.56688,3.12356
975.531,1.56689,3.12361
976.53,1.5669,3.12367
977.529,1.56691,3.12372
978.527,1.56692,3.12377
979.526,1.56693,3.12382
980.524,1.56694,3.12387
981.523,1.56695,3.12393
982.522,1.56696,3.12398
983.52,1.56697,3.12403
984.519,1.56698,3.12408
985.518,1.56699,3.12413
986.516,1.567,3.12418
987.515,1.56701,3.12424
988.514,1.56702,3.12429
989.512,1.56703,3.12434
990.511,1.56704,3.12439
991.51,1.56705,3.12444
992.509,1.56706,3.12449
993.507,1.56707,3.12454
994.506,1.56708,3.12459
995.505,1.56709,3.12464
996.503,1.5671,3.12469
997.502,1.56711,3.12474
998.501,1.56712,3.12479
999.499,1.56713,3.12484
1000.5,1.56714,3.12489
