1008.96,1.57079,0.00167038
1007.96,1.57078,0.00177016
1006.97,1.57077,0.00187014
1005.97,1.57076,0.00197031
1004.98,1.57075,0.00207068
1003.98,1.57074,0.00217126
1002.99,1.57073,0.00227203
1001.99,1.57072,0.002373
1001,1.57071,0.00247417
1000,1.5707,0.00257554
999.008,1.57069,0.00267712
998.014,1.57068,0.00277889
997.019,1.57067,0.00288087
996.024,1.57066,0.00298305
995.029,1.57064,0.00308544
994.034,1.57063,0.00318803
993.04,1.57062,0.00329083
992.045,1.57061,0.00339383
991.05,1.5706,0.00349704
990.056,1.57059,0.00360046
989.061,1.57058,0.00370408
988.066,1.57057,0.00380792
987.072,1.57056,0.00391196
986.077,1.57055,0.00401621
985.082,1.57054,0.00412067
984.088,1.57053,0.00422534
983.093,1.57052,0.00433023
982.098,1.57051,0.00443532
981.104,1.5705,0.00454063
980.109,1.57049,0.00464616
979.114,1.57048,0.00475189
978.12,1.57047,0.00485785
977.125,1.57046,0.00496401
976.131,1.57045,0.0050704
975.136,1.57044,0.005177
974.142,1.57042,0.00528381
973.147,1.57041,0.00539085
972.153,1.5704,0.0054981
971.158,1.57039,0.00560558
970.164,1.57038,0.00571327
969.169,1.57037,0.00582119
968.175,1.57036,0.00592932
967.18,1.57035,0.00603768
966.186,1.57034,0.00614626
965.191,1.57033,0.00625507
964.197,1.57032,0.0063641
963.203,1.57031,0.00647335
962.208,1.57029,0.00658283
961.214,1.57028,0.00669254
960.219,1.57027,0.00680247
959.225,1.57026,0.00691263
958.231,1.57025,0.00702302
957.236,1.57024,0.00713364
956.242,1.57023,0.00724448
955.248,1.57022,0.00735556
954.253,1.57021,0.00746687
953.259,1.5702,0.00757841
952.265,1.57018,0.00769019
951.271,1.57017,0.00780219
950.276,1.57016,0.00791443
949.282,1.57015,0.00802691
948.288,1.57014,0.00813962
947.294,1.57013,0.00825257
946.299,1.57012,0.00836576
945.305,1.5701,0.00847918
944.311,1.57009,0.00859284
943.317,1.57008,0.00870674
942.323,1.57007,0.00882088
941.329,1.57006,0.00893527
940.334,1.57005,0.00904989
939.34,1.57004,0.00916476
938.346,1.57002,0.00927986
937.352,1.57001,0.00939522
936.358,1.57,0.00951082
935.364,1.56999,0.00962666
934.37,1.56998,0.00974275
933.376,1.56997,0.00985908
932.382,1.56996,0.00997567
931.388,1.56994,0.0100925
930.394,1.56993,0.0102096
929.4,1.56992,0.0103269
928.406,1.56991,0.0104445
927.412,1.5699,0.0105623
926.418,1.56988,0.0106804
925.424,1.56987,0.0107988
924.43,1.56986,0.0109174
923.436,1.56985,0.0110362
922.442,1.56984,0.0111553
921.448,1.56982,0.0112747
920.454,1.56981,0.0113943
919.461,1.5698,0.0115142
918.467,1.56979,0.0116343
917.473,1.56978,0.0117547
916.479,1.56976,0.0118754
915.485,1.56975,0.0119963
914.491,1.56974,0.0121175
913.498,1.56973,0.0122389
912.504,1.56972,0.0123606
911.51,1.5697,0.0124826
910.516,1.56969,0.0126048
909.523,1.56968,0.0127273
908.529,1.56967,0.0128501
907.535,1.56965,0.0129732
906.542,1.56964,0.0130965
905.548,1.56963,0.0132201
904.554,1.56962,0.0133439
903.561,1.56961,0.013468
902.567,1.56959,0.0135924
901.573,1.56958,0.0137171
900.58,1.56957,0.0138421
899.586,1.56955,0.0139673
898.592,1.56954,0.0140928
897.599,1.56953,0.0142186
896.605,1.56952,0.0143446
895.612,1.5695,0.014471
894.618,1.56949,0.0145976
893.625,1.56948,0.0147245
892.631,1.56947,0.0148517
891.638,1.56945,0.0149791
890.644,1.56944,0.0151069
889.651,1.56943,0.0152349
888.658,1.56941,0.0153632
887.664,1.5694,0.0154918
886.671,1.56939,0.0156207
885.677,1.56938,0.0157499
884.684,1.56936,0.0158794
883.691,1.56935,0.0160091
882.697,1.56934,0.0161392
881.704,1.56932,0.0162695
880.711,1.56931,0.0164002
879.717,1.5693,0.0165311
878.724,1.56928,0.0166623
877.731,1.56927,0.0167939
876.737,1.56926,0.0169257
875.744,1.56924,0.0170578
874.751,1.56923,0.0171902
873.758,1.56922,0.017323
872.765,1.5692,0.017456
871.771,1.56919,0.0175893
870.778,1.56918,0.017723
869.785,1.56916,0.0178569
868.792,1.56915,0.0179911
867.799,1.56914,0.0181257
866.806,1.56912,0.0182605
865.813,1.56911,0.0183957
864.82,1.5691,0.0185312
863.827,1.56908,0.018667
862.834,1.56907,0.0188031
861.841,1.56906,0.0189395
860.848,1.56904,0.0190762
859.855,1.56903,0.0192133
858.862,1.56901,0.0193506
857.869,1.569,0.0194883
856.876,1.56899,0.0196263
855.883,1.56897,0.0197646
854.89,1.56896,0.0199032
853.897,1.56895,0.0200422
852.904,1.56893,0.0201815
851.911,1.56892,0.0203211
850.918,1.5689,0.020461
849.926,1.56889,0.0206013
848.933,1.56888,0.0207419
847.94,1.56886,0.0208828
846.947,1.56885,0.021024
845.954,1.56883,0.0211656
844.962,1.56882,0.0213075
843.969,1.5688,0.0214497
842.976,1.56879,0.0215923
841.984,1.56878,0.0217352
840.991,1.56876,0.0218785
839.998,1.56875,0.0220221
839.006,1.56873,0.022166
838.013,1.56872,0.0223103
837.02,1.5687,0.0224549
836.028,1.56869,0.0225998
835.035,1.56867,0.0227451
834.043,1.56866,0.0228908
833.05,1.56864,0.0230367
832.058,1.56863,0.0231831
831.065,1.56861,0.0233298
830.073,1.5686,0.0234768
829.08,1.56859,0.0236242
828.088,1.56857,0.0237719
827.095,1.56856,0.02392
826.103,1.56854,0.0240685
825.111,1.56853,0.0242173
824.118,1.56851,0.0243664
823.126,1.5685,0.024516
822.134,1.56848,0.0246658
821.141,1.56847,0.0248161
820.149,1.56845,0.0249667
819.157,1.56844,0.0251177
818.164,1.56842,0.025269
817.172,1.5684,0.0254207
816.18,1.56839,0.0255728
815.188,1.56837,0.0257252
814.196,1.56836,0.025878
813.203,1.56834,0.0260312
812.211,1.56833,0.0261848
811.219,1.56831,0.0263387
810.227,1.5683,0.026493
809.235,1.56828,0.0266477
808.243,1.56827,0.0268028
807.251,1.56825,0.0269582
806.259,1.56823,0.0271141
805.267,1.56822,0.0272703
804.275,1.5682,0.0274269
803.283,1.56819,0.0275839
802.291,1.56817,0.0277412
801.299,1.56816,0.027899
800.307,1.56814,0.0280572
799.315,1.56812,0.0282157
798.323,1.56811,0.0283746
797.332,1.56809,0.028534
796.34,1.56808,0.0286937
795.348,1.56806,0.0288538
794.356,1.56804,0.0290144
793.364,1.56803,0.0291753
792.373,1.56801,0.0293366
791.381,1.56799,0.0294984
790.389,1.56798,0.0296605
789.397,1.56796,0.029823
788.406,1.56795,0.029986
787.414,1.56793,0.0301494
786.423,1.56791,0.0303131
785.431,1.5679,0.0304773
784.439,1.56788,0.0306419
783.448,1.56786,0.030807
782.456,1.56785,0.0309724
781.465,1.56783,0.0311382
780.473,1.56781,0.0313045
779.482,1.5678,0.0314712
778.49,1.56778,0.0316384
777.499,1.56776,0.0318059
776.508,1.56775,0.0319739
775.516,1.56773,0.0321423
774.525,1.56771,0.0323111
773.533,1.56769,0.0324804
772.542,1.56768,0.0326501
771.551,1.56766,0.0328202
770.56,1.56764,0.0329908
769.568,1.56763,0.0331618
768.577,1.56761,0.0333333
767.586,1.56759,0.0335052
766.595,1.56757,0.0336775
765.604,1.56756,0.0338503
764.612,1.56754,0.0340235
763.621,1.56752,0.0341972
762.63,1.5675,0.0343714
761.639,1.56749,0.0345459
760.648,1.56747,0.034721
759.657,1.56745,0.0348965
758.666,1.56743,0.0350724
757.675,1.56741,0.0352488
756.684,1.5674,0.0354257
755.693,1.56738,0.0356031
754.702,1.56736,0.0357809
753.712,1.56734,0.0359591
752.721,1.56733,0.0361379
751.73,1.56731,0.0363171
750.739,1.56729,0.0364968
749.748,1.56727,0.0366769
748.758,1.56725,0.0368576
747.767,1.56723,0.0370387
746.776,1.56722,0.0372203
745.785,1.5672,0.0374023
744.795,1.56718,0.0375849
743.804,1.56716,0.0377679
742.813,1.56714,0.0379515
741.823,1.56712,0.0381355
740.832,1.56711,0.03832
739.842,1.56709,0.038505
738.851,1.56707,0.0386905
737.861,1.56705,0.0388765
736.87,1.56703,0.039063
735.88,1.56701,0.03925
734.89,1.56699,0.0394375
733.899,1.56697,0.0396255
732.909,1.56695,0.039814
731.919,1.56694,0.040003
730.928,1.56692,0.0401925
729.938,1.5669,0.0403826
728.948,1.56688,0.0405732
727.957,1.56686,0.0407642
726.967,1.56684,0.0409558
725.977,1.56682,0.041148
724.987,1.5668,0.0413406
723.997,1.56678,0.0415338
723.007,1.56676,0.0417275
722.017,1.56674,0.0419217
721.027,1.56672,0.0421165
720.037,1.5667,0.0423118
719.047,1.56668,0.0425076
718.057,1.56666,0.042704
717.067,1.56664,0.0429009
716.077,1.56662,0.0430984
715.087,1.5666,0.0432964
714.097,1.56658,0.0434949
713.107,1.56656,0.043694
712.118,1.56654,0.0438937
711.128,1.56652,0.0440939
710.138,1.5665,0.0442947
709.148,1.56648,0.044496
708.159,1.56646,0.0446979
707.169,1.56644,0.0449003
706.18,1.56642,0.0451034
705.19,1.5664,0.045307
704.2,1.56638,0.0455111
703.211,1.56636,0.0457159
702.221,1.56634,0.0459212
701.232,1.56632,0.0461271
700.243,1.5663,0.0463335
699.253,1.56627,0.0465406
698.264,1.56625,0.0467482
697.274,1.56623,0.0469564
696.285,1.56621,0.0471653
695.296,1.56619,0.0473747
694.307,1.56617,0.0475847
693.317,1.56615,0.0477953
692.328,1.56613,0.0480065
691.339,1.5661,0.0482183
690.35,1.56608,0.0484307
689.361,1.56606,0.0486438
688.372,1.56604,0.0488574
687.383,1.56602,0.0490717
686.394,1.566,0.0492865
685.405,1.56597,0.049502
684.416,1.56595,0.0497181
683.427,1.56593,0.0499349
682.438,1.56591,0.0501522
681.449,1.56589,0.0503702
680.46,1.56586,0.0505888
679.472,1.56584,0.0508081
678.483,1.56582,0.051028
677.494,1.5658,0.0512485
676.506,1.56578,0.0514697
675.517,1.56575,0.0516915
674.528,1.56573,0.051914
673.54,1.56571,0.0521371
672.551,1.56569,0.0523609
671.563,1.56566,0.0525854
670.574,1.56564,0.0528105
669.586,1.56562,0.0530362
668.597,1.56559,0.0532627
667.609,1.56557,0.0534898
666.621,1.56555,0.0537175
665.632,1.56552,0.053946
664.644,1.5655,0.0541751
663.656,1.56548,0.0544049
662.668,1.56545,0.0546354
661.679,1.56543,0.0548666
660.691,1.56541,0.0550985
659.703,1.56538,0.055331
658.715,1.56536,0.0555643
657.727,1.56534,0.0557983
656.739,1.56531,0.0560329
655.751,1.56529,0.0562683
654.763,1.56526,0.0565044
653.775,1.56524,0.0567412
652.788,1.56522,0.0569787
651.8,1.56519,0.0572169
650.812,1.56517,0.0574558
649.824,1.56514,0.0576955
648.837,1.56512,0.0579359
647.849,1.56509,0.058177
646.861,1.56507,0.0584189
645.874,1.56505,0.0586615
644.886,1.56502,0.0589049
643.899,1.565,0.059149
642.911,1.56497,0.0593938
641.924,1.56495,0.0596394
640.936,1.56492,0.0598857
639.949,1.5649,0.0601329
638.962,1.56487,0.0603807
637.975,1.56485,0.0606294
636.987,1.56482,0.0608788
636,1.5648,0.0611289
635.013,1.56477,0.0613799
634.026,1.56474,0.0616316
633.039,1.56472,0.0618842
632.052,1.56469,0.0621375
631.065,1.56467,0.0623916
630.078,1.56464,0.0626465
629.091,1.56461,0.0629022
628.104,1.56459,0.0631586
627.117,1.56456,0.0634159
626.13,1.56454,0.0636741
625.144,1.56451,0.063933
624.157,1.56448,0.0641927
623.17,1.56446,0.0644533
622.184,1.56443,0.0647147
621.197,1.5644,0.0649769
620.211,1.56438,0.0652399
619.224,1.56435,0.0655038
618.238,1.56432,0.0657685
617.251,1.5643,0.0660341
616.265,1.56427,0.0663005
615.279,1.56424,0.0665678
614.292,1.56421,0.0668359
613.306,1.56419,0.0671049
612.32,1.56416,0.0673748
611.334,1.56413,0.0676455
610.348,1.5641,0.0679171
609.362,1.56408,0.0681896
608.376,1.56405,0.0684629
607.39,1.56402,0.0687372
606.404,1.56399,0.0690123
605.418,1.56396,0.0692883
604.432,1.56394,0.0695652
603.446,1.56391,0.0698431
602.461,1.56388,0.0701218
601.475,1.56385,0.0704015
600.489,1.56382,0.070682
599.504,1.56379,0.0709635
598.518,1.56376,0.0712459
597.533,1.56374,0.0715293
596.547,1.56371,0.0718135
595.562,1.56368,0.0720987
594.577,1.56365,0.0723849
593.591,1.56362,0.072672
592.606,1.56359,0.0729601
591.621,1.56356,0.0732491
590.636,1.56353,0.0735391
589.651,1.5635,0.07383
588.666,1.56347,0.0741219
587.681,1.56344,0.0744148
586.696,1.56341,0.0747087
585.711,1.56338,0.0750036
584.726,1.56335,0.0752994
583.741,1.56332,0.0755963
582.756,1.56329,0.0758941
581.772,1.56326,0.076193
580.787,1.56323,0.0764929
579.803,1.5632,0.0767937
578.818,1.56317,0.0770957
577.833,1.56314,0.0773986
576.849,1.56311,0.0777026
575.865,1.56307,0.0780076
574.88,1.56304,0.0783136
573.896,1.56301,0.0786207
572.912,1.56298,0.0789289
571.928,1.56295,0.0792381
570.944,1.56292,0.0795483
569.96,1.56289,0.0798597
568.976,1.56285,0.0801721
567.992,1.56282,0.0804856
567.008,1.56279,0.0808002
566.024,1.56276,0.0811158
565.04,1.56272,0.0814326
564.056,1.56269,0.0817505
563.073,1.56266,0.0820695
562.089,1.56263,0.0823896
561.106,1.56259,0.0827108
560.122,1.56256,0.0830331
559.139,1.56253,0.0833566
558.155,1.56249,0.0836812
557.172,1.56246,0.084007
556.189,1.56243,0.0843339
555.206,1.56239,0.0846619
554.223,1.56236,0.0849912
553.24,1.56233,0.0853216
552.257,1.56229,0.0856531
551.274,1.56226,0.0859859
550.291,1.56222,0.0863198
549.308,1.56219,0.0866549
548.325,1.56215,0.0869912
547.342,1.56212,0.0873288
546.36,1.56208,0.0876675
545.377,1.56205,0.0880075
544.395,1.56202,0.0883487
543.412,1.56198,0.0886911
542.43,1.56194,0.0890347
541.448,1.56191,0.0893796
540.465,1.56187,0.0897258
539.483,1.56184,0.0900732
538.501,1.5618,0.0904218
537.519,1.56177,0.0907718
536.537,1.56173,0.091123
535.555,1.56169,0.0914755
534.573,1.56166,0.0918293
533.591,1.56162,0.0921844
532.61,1.56158,0.0925408
531.628,1.56155,0.0928985
530.646,1.56151,0.0932576
529.665,1.56147,0.0936179
528.683,1.56144,0.0939796
527.702,1.5614,0.0943427
526.721,1.56136,0.0947071
525.739,1.56132,0.0950728
524.758,1.56129,0.09544
523.777,1.56125,0.0958085
522.796,1.56121,0.0961783
521.815,1.56117,0.0965496
520.834,1.56113,0.0969222
519.853,1.5611,0.0972963
518.873,1.56106,0.0976718
517.892,1.56102,0.0980486
516.911,1.56098,0.098427
515.931,1.56094,0.0988067
514.95,1.5609,0.0991879
513.97,1.56086,0.0995706
512.99,1.56082,0.0999547
512.01,1.56078,0.10034
511.029,1.56074,0.100727
510.049,1.5607,0.101116
509.069,1.56066,0.101506
508.089,1.56062,0.101897
507.11,1.56058,0.10229
506.13,1.56054,0.102685
505.15,1.5605,0.103081
504.171,1.56046,0.103479
503.191,1.56042,0.103878
502.212,1.56037,0.104279
501.232,1.56033,0.104681
500.253,1.56029,0.105085
499.274,1.56025,0.10549
498.295,1.56021,0.105897
497.316,1.56017,0.106306
496.337,1.56012,0.106716
495.358,1.56008,0.107128
494.379,1.56004,0.107541
493.4,1.55999,0.107956
492.422,1.55995,0.108373
491.443,1.55991,0.108792
490.465,1.55986,0.109212
489.486,1.55982,0.109633
488.508,1.55978,0.110057
487.53,1.55973,0.110482
486.552,1.55969,0.110909
485.574,1.55964,0.111337
484.596,1.5596,0.111768
483.618,1.55956,0.1122
482.64,1.55951,0.112633
481.663,1.55947,0.113069
480.685,1.55942,0.113506
479.708,1.55937,0.113945
478.73,1.55933,0.114386
477.753,1.55928,0.114829
476.776,1.55924,0.115273
475.799,1.55919,0.11572
474.822,1.55914,0.116168
473.845,1.5591,0.116618
472.868,1.55905,0.117069
471.891,1.559,0.117523
470.915,1.55896,0.117979
469.938,1.55891,0.118436
468.962,1.55886,0.118896
467.985,1.55881,0.119357
467.009,1.55876,0.11982
466.033,1.55872,0.120285
465.057,1.55867,0.120752
464.081,1.55862,0.121221
463.105,1.55857,0.121692
462.13,1.55852,0.122165
461.154,1.55847,0.12264
460.179,1.55842,0.123117
459.203,1.55837,0.123596
458.228,1.55832,0.124077
457.253,1.55827,0.12456
456.278,1.55822,0.125046
455.303,1.55817,0.125533
454.328,1.55812,0.126022
453.353,1.55807,0.126514
452.378,1.55802,0.127007
451.404,1.55796,0.127503
450.429,1.55791,0.128
449.455,1.55786,0.1285
448.481,1.55781,0.129003
447.507,1.55775,0.129507
446.533,1.5577,0.130013
445.559,1.55765,0.130522
444.585,1.55759,0.131033
443.612,1.55754,0.131546
442.638,1.55749,0.132062
441.665,1.55743,0.132579
440.691,1.55738,0.133099
439.718,1.55732,0.133621
438.745,1.55727,0.134146
437.772,1.55721,0.134673
436.799,1.55716,0.135202
435.827,1.5571,0.135734
434.854,1.55705,0.136268
433.882,1.55699,0.136804
432.909,1.55693,0.137343
431.937,1.55688,0.137884
430.965,1.55682,0.138428
429.993,1.55676,0.138974
429.022,1.55671,0.139522
428.05,1.55665,0.140073
427.078,1.55659,0.140627
426.107,1.55653,0.141183
425.136,1.55647,0.141741
424.164,1.55641,0.142302
423.193,1.55635,0.142866
422.223,1.55629,0.143432
421.252,1.55623,0.144001
420.281,1.55617,0.144573
419.311,1.55611,0.145147
418.34,1.55605,0.145724
417.37,1.55599,0.146303
416.4,1.55593,0.146885
415.43,1.55587,0.14747
414.461,1.55581,0.148058
413.491,1.55575,0.148648
412.521,1.55568,0.149241
411.552,1.55562,0.149837
410.583,1.55556,0.150436
409.614,1.55549,0.151037
408.645,1.55543,0.151642
407.676,1.55537,0.152249
406.708,1.5553,0.152859
405.739,1.55524,0.153472
404.771,1.55517,0.154088
403.803,1.55511,0.154707
402.835,1.55504,0.155329
401.867,1.55497,0.155954
400.899,1.55491,0.156581
399.932,1.55484,0.157212
398.964,1.55477,0.157846
397.997,1.55471,0.158483
397.03,1.55464,0.159123
396.063,1.55457,0.159767
395.096,1.5545,0.160413
394.13,1.55443,0.161062
393.164,1.55436,0.161715
392.197,1.55429,0.162371
391.231,1.55422,0.16303
390.265,1.55415,0.163693
389.3,1.55408,0.164358
388.334,1.55401,0.165027
387.369,1.55394,0.1657
386.404,1.55387,0.166375
385.439,1.5538,0.167054
384.474,1.55372,0.167737
383.509,1.55365,0.168423
382.545,1.55358,0.169112
381.58,1.5535,0.169805
380.616,1.55343,0.170501
379.652,1.55335,0.171201
378.689,1.55328,0.171904
377.725,1.5532,0.172611
376.762,1.55313,0.173321
375.798,1.55305,0.174036
374.835,1.55297,0.174753
373.873,1.5529,0.175475
372.91,1.55282,0.1762
371.948,1.55274,0.176929
370.985,1.55266,0.177662
370.023,1.55258,0.178398
369.062,1.5525,0.179139
368.1,1.55242,0.179883
367.139,1.55234,0.180631
366.177,1.55226,0.181383
365.216,1.55218,0.182139
364.256,1.5521,0.182899
363.295,1.55202,0.183663
362.335,1.55194,0.184431
361.375,1.55185,0.185203
360.415,1.55177,0.185979
359.455,1.55169,0.186759
358.495,1.5516,0.187544
357.536,1.55152,0.188332
356.577,1.55143,0.189125
355.618,1.55134,0.189922
354.66,1.55126,0.190724
353.701,1.55117,0.19153
352.743,1.55108,0.19234
351.785,1.551,0.193154
350.827,1.55091,0.193973
349.87,1.55082,0.194797
348.913,1.55073,0.195624
347.956,1.55064,0.196457
346.999,1.55055,0.197294
346.043,1.55046,0.198136
345.086,1.55036,0.198982
344.13,1.55027,0.199833
343.174,1.55018,0.200689
342.219,1.55009,0.201549
341.264,1.54999,0.202414
340.309,1.5499,0.203284
339.354,1.5498,0.204159
338.399,1.54971,0.205039
337.445,1.54961,0.205924
336.491,1.54951,0.206814
335.538,1.54942,0.207709
334.584,1.54932,0.208609
333.631,1.54922,0.209514
332.678,1.54912,0.210424
331.725,1.54902,0.21134
330.773,1.54892,0.212261
329.821,1.54882,0.213187
328.869,1.54872,0.214118
327.918,1.54861,0.215055
326.967,1.54851,0.215997
326.016,1.54841,0.216945
325.065,1.5483,0.217898
324.115,1.5482,0.218857
323.165,1.54809,0.219821
322.215,1.54798,0.220791
321.265,1.54788,0.221767
320.316,1.54777,0.222748
319.367,1.54766,0.223736
318.419,1.54755,0.224729
317.471,1.54744,0.225728
316.523,1.54733,0.226733
315.575,1.54722,0.227744
314.628,1.5471,0.228761
313.681,1.54699,0.229785
312.735,1.54688,0.230814
311.788,1.54676,0.23185
310.842,1.54665,0.232892
309.897,1.54653,0.23394
308.951,1.54641,0.234995
308.007,1.5463,0.236056
307.062,1.54618,0.237123
306.118,1.54606,0.238198
305.174,1.54594,0.239278
304.23,1.54582,0.240366
303.287,1.54569,0.24146
302.344,1.54557,0.242561
301.402,1.54545,0.243669
300.46,1.54532,0.244784
299.518,1.5452,0.245905
298.577,1.54507,0.247034
297.636,1.54494,0.24817
296.695,1.54482,0.249313
295.755,1.54469,0.250464
294.815,1.54456,0.251621
293.876,1.54443,0.252786
292.937,1.54429,0.253959
291.998,1.54416,0.255139
291.06,1.54403,0.256326
290.122,1.54389,0.257521
289.185,1.54376,0.258724
288.248,1.54362,0.259935
287.312,1.54348,0.261153
286.375,1.54334,0.26238
285.44,1.5432,0.263614
284.505,1.54306,0.264857
283.57,1.54292,0.266108
282.635,1.54278,0.267367
281.701,1.54263,0.268634
280.768,1.54249,0.26991
279.835,1.54234,0.271194
278.902,1.54219,0.272486
277.97,1.54205,0.273788
277.039,1.5419,0.275098
276.107,1.54174,0.276416
275.177,1.54159,0.277744
274.247,1.54144,0.279081
273.317,1.54129,0.280426
272.388,1.54113,0.281781
271.459,1.54097,0.283145
270.531,1.54081,0.284519
269.603,1.54066,0.285901
268.676,1.54049,0.287294
267.749,1.54033,0.288696
266.823,1.54017,0.290107
265.897,1.54,0.291529
264.972,1.53984,0.29296
264.048,1.53967,0.294401
263.124,1.5395,0.295852
262.2,1.53933,0.297314
261.277,1.53916,0.298785
260.355,1.53899,0.300267
259.433,1.53881,0.30176
258.512,1.53864,0.303263
257.591,1.53846,0.304777
256.671,1.53828,0.306302
255.752,1.5381,0.307837
254.833,1.53792,0.309384
253.915,1.53774,0.310941
252.997,1.53755,0.31251
252.08,1.53737,0.314091
251.164,1.53718,0.315682
250.248,1.53699,0.317286
249.333,1.5368,0.318901
248.418,1.5366,0.320528
247.504,1.53641,0.322166
246.591,1.53621,0.323817
245.679,1.53601,0.32548
244.767,1.53581,0.327156
243.856,1.53561,0.328844
242.945,1.53541,0.330544
242.036,1.5352,0.332257
241.127,1.535,0.333983
240.218,1.53479,0.335722
239.311,1.53458,0.337474
238.404,1.53436,0.33924
237.498,1.53415,0.341018
236.592,1.53393,0.342811
235.688,1.53371,0.344617
234.784,1.53349,0.346436
233.881,1.53327,0.34827
232.978,1.53304,0.350118
232.077,1.53282,0.35198
231.176,1.53259,0.353857
230.276,1.53235,0.355748
229.377,1.53212,0.357654
228.479,1.53188,0.359574
227.581,1.53165,0.36151
226.685,1.53141,0.363461
225.789,1.53116,0.365428
224.894,1.53092,0.36741
224,1.53067,0.369407
223.107,1.53042,0.371421
222.215,1.53016,0.37345
221.323,1.52991,0.375496
220.433,1.52965,0.377559
219.544,1.52939,0.379637
218.655,1.52913,0.381733
217.767,1.52886,0.383846
216.881,1.52859,0.385975
215.995,1.52832,0.388123
215.111,1.52805,0.390287
214.227,1.52777,0.39247
213.344,1.52749,0.39467
212.463,1.5272,0.396888
211.582,1.52692,0.399125
210.703,1.52663,0.40138
209.824,1.52634,0.403654
208.947,1.52604,0.405947
208.071,1.52574,0.40826
207.195,1.52544,0.410591
206.321,1.52513,0.412942
205.448,1.52482,0.415313
204.577,1.52451,0.417704
203.706,1.5242,0.420116
202.837,1.52388,0.422547
201.968,1.52355,0.425
201.101,1.52323,0.427474
200.235,1.5229,0.429968
199.371,1.52256,0.432485
198.508,1.52223,0.435022
197.645,1.52188,0.437582
196.785,1.52154,0.440164
195.925,1.52119,0.442769
195.067,1.52083,0.445396
194.21,1.52047,0.448047
193.355,1.52011,0.45072
192.501,1.51974,0.453417
191.648,1.51937,0.456138
190.797,1.519,0.458883
189.947,1.51862,0.461652
189.098,1.51823,0.464446
188.251,1.51784,0.467264
187.406,1.51745,0.470108
186.562,1.51705,0.472978
185.719,1.51664,0.475873
184.879,1.51623,0.478794
184.039,1.51582,0.481742
183.201,1.51539,0.484716
182.365,1.51497,0.487718
181.531,1.51454,0.490746
180.698,1.5141,0.493803
179.867,1.51366,0.496887
179.037,1.51321,0.499999
178.21,1.51275,0.503141
177.384,1.51229,0.506311
176.559,1.51182,0.50951
175.737,1.51135,0.512739
174.916,1.51087,0.515998
174.098,1.51038,0.519287
173.281,1.50989,0.522607
172.466,1.50939,0.525958
171.653,1.50888,0.52934
170.841,1.50836,0.532755
170.032,1.50784,0.536201
169.225,1.50731,0.539679
168.42,1.50677,0.543191
167.617,1.50623,0.546736
166.816,1.50567,0.550314
166.017,1.50511,0.553927
165.221,1.50454,0.557573
164.426,1.50396,0.561255
163.634,1.50338,0.564972
162.844,1.50278,0.568724
162.056,1.50217,0.572512
161.271,1.50156,0.576337
160.488,1.50093,0.580199
159.707,1.5003,0.584098
158.929,1.49965,0.588034
158.153,1.499,0.592009
157.38,1.49833,0.596022
156.609,1.49766,0.600074
155.841,1.49697,0.604165
155.076,1.49627,0.608296
154.313,1.49556,0.612467
153.553,1.49484,0.616679
152.795,1.4941,0.620932
152.04,1.49335,0.625227
151.288,1.49259,0.629564
150.539,1.49182,0.633943
149.793,1.49103,0.638365
149.05,1.49023,0.642831
148.31,1.48942,0.64734
147.573,1.48859,0.651894
146.838,1.48775,0.656492
146.107,1.48689,0.661135
145.38,1.48601,0.665825
144.655,1.48512,0.67056
143.934,1.48421,0.675342
143.216,1.48329,0.680171
142.501,1.48234,0.685048
141.79,1.48138,0.689972
141.082,1.4804,0.694946
140.378,1.4794,0.699968
139.677,1.47839,0.705039
138.98,1.47735,0.71016
138.287,1.47629,0.715332
137.598,1.47521,0.720554
136.912,1.47411,0.725828
136.23,1.47298,0.731153
135.552,1.47183,0.736531
134.878,1.47066,0.741961
134.209,1.46946,0.747444
133.543,1.46824,0.752981
132.882,1.46699,0.758571
132.225,1.46571,0.764216
131.572,1.46441,0.769916
130.924,1.46308,0.77567
130.28,1.46171,0.781481
129.64,1.46032,0.787347
129.006,1.45889,0.79327
128.376,1.45744,0.79925
127.751,1.45595,0.805287
127.131,1.45442,0.811381
126.515,1.45286,0.817533
125.905,1.45126,0.823744
125.3,1.44962,0.830013
124.701,1.44795,0.836341
124.106,1.44623,0.842728
123.517,1.44447,0.849175
122.934,1.44267,0.855682
122.356,1.44082,0.862249
121.784,1.43893,0.868876
121.218,1.43699,0.875564
120.658,1.435,0.882312
120.103,1.43296,0.889122
119.555,1.43087,0.895993
119.014,1.42872,0.902926
118.479,1.42652,0.90992
117.95,1.42426,0.916976
117.428,1.42195,0.924094
116.913,1.41957,0.931274
116.405,1.41714,0.938517
115.904,1.41464,0.945821
115.41,1.41207,0.953188
114.924,1.40944,0.960617
114.446,1.40675,0.968109
113.975,1.40398,0.975664
113.512,1.40115,0.983281
113.057,1.39824,0.99096
112.611,1.39527,0.998702
112.173,1.39223,1.00651
111.744,1.38911,1.01437
111.324,1.38593,1.0223
110.912,1.38267,1.0303
110.511,1.37935,1.03835
110.118,1.37596,1.04647
109.736,1.37251,1.05465
109.363,1.369,1.06289
109,1.36543,1.07119
108.648,1.3618,1.07956
108.306,1.35814,1.08799
107.975,1.35443,1.09648
107.654,1.35069,1.10503
107.345,1.34692,1.11364
107.046,1.34314,1.12232
106.759,1.33936,1.13105
106.483,1.33558,1.13985
106.217,1.33182,1.14871
105.964,1.32809,1.15763
105.721,1.32441,1.16661
105.489,1.32079,1.17564
105.269,1.31724,1.18473
105.059,1.31378,1.19389
104.861,1.31042,1.20309
104.672,1.30719,1.21235
104.495,1.30409,1.22166
104.327,1.30114,1.23103
104.169,1.29836,1.24044
104.021,1.29575,1.2499
103.882,1.29334,1.25941
103.753,1.29114,1.26895
103.632,1.28916,1.27854
103.52,1.28741,1.28816
103.416,1.2859,1.29782
103.321,1.28465,1.3075
103.233,1.28366,1.31722
103.153,1.28296,1.32695
103.081,1.28253,1.33671
103.015,1.2824,1.34648
102.957,1.28257,1.35626
102.907,1.28306,1.36606
102.863,1.28386,1.37585
102.826,1.28498,1.38565
102.796,1.28644,1.39544
102.774,1.28823,1.40522
102.758,1.29037,1.41499
102.75,1.29285,1.42475
102.749,1.29568,1.43448
102.757,1.29887,1.44418
102.772,1.30242,1.45385
102.796,1.30632,1.46349
102.829,1.31058,1.47308
102.871,1.31519,1.48264
102.924,1.32015,1.49214
102.987,1.32545,1.50159
103.061,1.33108,1.51099
103.148,1.33702,1.52032
103.248,1.34326,1.52959
103.361,1.34977,1.5388
103.49,1.35651,1.54794
103.633,1.36347,1.55701
103.792,1.3706,1.56601
103.968,1.37786,1.57494
104.161,1.3852,1.5838
104.371,1.39259,1.59258
104.599,1.39998,1.6013
104.844,1.40733,1.60995
105.107,1.4146,1.61854
105.386,1.42175,1.62706
105.681,1.42876,1.63552
105.992,1.4356,1.64392
106.319,1.44225,1.65227
106.66,1.44871,1.66055
107.014,1.45495,1.66878
107.382,1.46097,1.67695
107.762,1.46678,1.68507
108.154,1.47237,1.69314
108.557,1.47774,1.70115
108.971,1.48291,1.70911
109.394,1.48788,1.71701
109.828,1.49265,1.72486
110.27,1.49723,1.73266
110.722,1.50163,1.7404
111.182,1.50586,1.74808
111.65,1.50993,1.75571
112.126,1.51384,1.76329
112.609,1.5176,1.77081
113.1,1.52122,1.77828
113.598,1.52471,1.78569
114.103,1.52807,1.79304
114.615,1.5313,1.80034
115.133,1.53443,1.80758
115.658,1.53744,1.81476
116.189,1.54035,1.82188
116.726,1.54316,1.82895
117.269,1.54587,1.83596
117.818,1.5485,1.84292
118.373,1.55104,1.84981
118.934,1.5535,1.85665
119.499,1.55589,1.86343
120.071,1.5582,1.87016
120.648,1.56043,1.87682
121.23,1.56261,1.88343
121.817,1.56471,1.88998
122.409,1.56676,1.89648
123.006,1.56875,1.90291
123.609,1.57068,1.90929
124.216,1.57255,1.91562
124.827,1.57438,1.92188
125.444,1.57615,1.92809
126.065,1.57788,1.93425
126.691,1.57956,1.94035
127.321,1.5812,1.94639
127.956,1.5828,1.95238
128.595,1.58436,1.95831
129.238,1.58587,1.96419
129.886,1.58735,1.97001
130.537,1.5888,1.97578
131.193,1.5902,1.9815
131.853,1.59158,1.98716
132.517,1.59292,1.99278
133.185,1.59423,1.99833
133.857,1.59552,2.00384
134.532,1.59677,2.00929
135.212,1.59799,2.0147
135.895,1.59919,2.02005
136.582,1.60036,2.02535
137.272,1.60151,2.0306
137.966,1.60263,2.0358
138.663,1.60372,2.04095
139.364,1.6048,2.04605
140.069,1.60585,2.05111
140.776,1.60688,2.05611
141.487,1.60789,2.06107
142.202,1.60888,2.06598
142.919,1.60985,2.07084
143.64,1.6108,2.07566
144.364,1.61173,2.08043
145.091,1.61264,2.08516
145.821,1.61354,2.08984
146.554,1.61442,2.09448
147.29,1.61528,2.09907
148.029,1.61613,2.10362
148.771,1.61696,2.10812
149.516,1.61778,2.11258
150.263,1.61858,2.117
151.014,1.61937,2.12138
151.767,1.62014,2.12571
152.522,1.6209,2.13001
153.281,1.62164,2.13426
154.042,1.62238,2.13847
154.805,1.6231,2.14265
155.571,1.62381,2.14678
156.34,1.6245,2.15087
157.111,1.62519,2.15493
157.884,1.62586,2.15895
158.66,1.62652,2.16293
159.439,1.62718,2.16687
160.219,1.62782,2.17077
161.002,1.62845,2.17464
161.788,1.62907,2.17847
162.575,1.62968,2.18227
163.365,1.63028,2.18603
164.157,1.63087,2.18975
164.951,1.63146,2.19344
165.747,1.63203,2.1971
166.545,1.6326,2.20072
167.346,1.63315,2.20431
168.148,1.6337,2.20787
168.953,1.63424,2.21139
169.759,1.63478,2.21488
170.567,1.6353,2.21834
171.378,1.63582,2.22176
172.19,1.63633,2.22516
173.004,1.63683,2.22852
173.82,1.63733,2.23185
174.638,1.63781,2.23515
175.458,1.6383,2.23843
176.279,1.63877,2.24167
177.102,1.63924,2.24488
177.927,1.6397,2.24807
178.754,1.64016,2.25122
179.582,1.64061,2.25435
180.412,1.64105,2.25745
181.244,1.64149,2.26052
182.077,1.64192,2.26357
182.912,1.64234,2.26658
183.748,1.64276,2.26957
184.586,1.64318,2.27254
185.426,1.64359,2.27547
186.267,1.64399,2.27838
187.109,1.64439,2.28127
187.954,1.64479,2.28413
188.799,1.64518,2.28697
189.646,1.64556,2.28978
190.494,1.64594,2.29256
191.344,1.64631,2.29532
192.196,1.64668,2.29806
193.048,1.64705,2.30078
193.902,1.64741,2.30347
194.757,1.64777,2.30614
195.614,1.64812,2.30878
196.472,1.64847,2.3114
197.331,1.64881,2.314
198.192,1.64915,2.31658
199.053,1.64949,2.31914
199.916,1.64982,2.32167
200.781,1.65015,2.32418
201.646,1.65048,2.32668
202.513,1.6508,2.32915
203.381,1.65111,2.3316
204.25,1.65143,2.33403
205.12,1.65174,2.33644
205.991,1.65205,2.33882
206.864,1.65235,2.34119
207.737,1.65265,2.34354
208.612,1.65295,2.34587
209.487,1.65324,2.34819
210.364,1.65353,2.35048
211.242,1.65382,2.35275
212.121,1.6541,2.35501
213.001,1.65438,2.35725
213.882,1.65466,2.35946
214.764,1.65493,2.36167
215.647,1.65521,2.36385
216.531,1.65548,2.36601
217.416,1.65574,2.36816
218.302,1.65601,2.37029
219.188,1.65627,2.37241
220.076,1.65653,2.37451
220.965,1.65678,2.37659
221.854,1.65703,2.37865
222.745,1.65728,2.3807
223.636,1.65753,2.38273
224.529,1.65778,2.38475
225.422,1.65802,2.38675
226.316,1.65826,2.38873
227.211,1.6585,2.3907
228.107,1.65874,2.39266
229.003,1.65897,2.3946
229.901,1.6592,2.39652
230.799,1.65943,2.39843
231.698,1.65966,2.40033
232.598,1.65988,2.40221
233.499,1.6601,2.40407
234.4,1.66032,2.40592
235.302,1.66054,2.40776
236.205,1.66076,2.40959
237.109,1.66097,2.4114
238.014,1.66119,2.41319
238.919,1.6614,2.41498
239.825,1.6616,2.41675
240.732,1.66181,2.4185
241.639,1.66202,2.42025
242.547,1.66222,2.42198
243.456,1.66242,2.4237
244.365,1.66262,2.4254
245.276,1.66282,2.4271
246.187,1.66301,2.42878
247.098,1.6632,2.43045
248.01,1.6634,2.4321
248.923,1.66359,2.43375
249.837,1.66378,2.43538
250.751,1.66396,2.437
251.666,1.66415,2.43861
252.581,1.66433,2.44021
253.497,1.66451,2.44179
254.414,1.66469,2.44337
255.331,1.66487,2.44493
256.249,1.66505,2.44649
257.167,1.66523,2.44803
258.087,1.6654,2.44956
259.006,1.66558,2.45108
259.926,1.66575,2.45259
260.847,1.66592,2.45409
261.769,1.66609,2.45558
262.691,1.66625,2.45705
263.613,1.66642,2.45852
264.536,1.66658,2.45998
265.46,1.66675,2.46143
266.384,1.66691,2.46287
267.309,1.66707,2.46429
268.234,1.66723,2.46571
269.159,1.66739,2.46712
270.086,1.66754,2.46852
271.012,1.6677,2.46991
271.94,1.66785,2.47129
272.867,1.66801,2.47266
273.796,1.66816,2.47402
274.724,1.66831,2.47538
275.654,1.66846,2.47672
276.583,1.66861,2.47806
277.514,1.66875,2.47938
278.444,1.6689,2.4807
279.375,1.66904,2.48201
280.307,1.66919,2.48331
281.239,1.66933,2.4846
282.171,1.66947,2.48588
283.104,1.66961,2.48716
284.038,1.66975,2.48842
284.972,1.66989,2.48968
285.906,1.67003,2.49093
286.841,1.67017,2.49217
287.776,1.6703,2.49341
288.711,1.67043,2.49463
289.647,1.67057,2.49585
290.584,1.6707,2.49706
291.521,1.67083,2.49826
292.458,1.67096,2.49946
293.396,1.67109,2.50065
294.334,1.67122,2.50183
295.272,1.67135,2.503
296.211,1.67147,2.50416
297.15,1.6716,2.50532
298.09,1.67172,2.50647
299.03,1.67185,2.50762
299.97,1.67197,2.50875
300.911,1.67209,2.50988
301.852,1.67222,2.511
302.793,1.67234,2.51212
303.735,1.67246,2.51323
304.678,1.67257,2.51433
305.62,1.67269,2.51542
306.563,1.67281,2.51651
307.506,1.67293,2.51759
308.45,1.67304,2.51867
309.394,1.67316,2.51974
310.338,1.67327,2.5208
311.283,1.67338,2.52186
312.228,1.6735,2.52291
313.173,1.67361,2.52395
314.119,1.67372,2.52499
315.065,1.67383,2.52602
316.011,1.67394,2.52704
316.958,1.67405,2.52806
317.905,1.67415,2.52907
318.852,1.67426,2.53008
319.8,1.67437,2.53108
320.748,1.67447,2.53208
321.696,1.67458,2.53306
322.645,1.67468,2.53405
323.594,1.67479,2.53503
324.543,1.67489,2.536
325.492,1.67499,2.53696
326.442,1.67509,2.53792
327.392,1.67519,2.53888
328.342,1.6753,2.53983
329.293,1.67539,2.54077
330.244,1.67549,2.54171
331.195,1.67559,2.54265
332.146,1.67569,2.54357
333.098,1.67579,2.5445
334.05,1.67588,2.54541
335.002,1.67598,2.54633
335.955,1.67608,2.54723
336.908,1.67617,2.54814
337.861,1.67626,2.54903
338.814,1.67636,2.54993
339.768,1.67645,2.55081
340.722,1.67654,2.5517
341.676,1.67664,2.55257
342.63,1.67673,2.55345
343.585,1.67682,2.55431
344.54,1.67691,2.55518
345.495,1.677,2.55604
346.451,1.67709,2.55689
347.406,1.67718,2.55774
348.362,1.67726,2.55858
349.318,1.67735,2.55942
350.275,1.67744,2.56026
351.231,1.67753,2.56109
352.188,1.67761,2.56191
353.145,1.6777,2.56274
354.103,1.67778,2.56355
355.06,1.67787,2.56437
356.018,1.67795,2.56518
356.976,1.67803,2.56598
357.934,1.67812,2.56678
358.893,1.6782,2.56758
359.852,1.67828,2.56837
360.81,1.67836,2.56915
361.77,1.67844,2.56994
362.729,1.67852,2.57072
363.689,1.6786,2.57149
364.648,1.67868,2.57226
365.608,1.67876,2.57303
366.568,1.67884,2.57379
367.529,1.67892,2.57455
368.49,1.679,2.57531
369.45,1.67908,2.57606
370.411,1.67915,2.57681
371.373,1.67923,2.57755
372.334,1.67931,2.57829
373.296,1.67938,2.57902
374.258,1.67946,2.57976
375.22,1.67953,2.58049
376.182,1.67961,2.58121
377.144,1.67968,2.58193
378.107,1.67975,2.58265
379.07,1.67983,2.58336
380.033,1.6799,2.58407
380.996,1.67997,2.58478
381.959,1.68004,2.58548
382.923,1.68012,2.58618
383.886,1.68019,2.58688
384.85,1.68026,2.58757
385.814,1.68033,2.58826
386.779,1.6804,2.58895
387.743,1.68047,2.58963
388.708,1.68054,2.59031
389.673,1.68061,2.59098
390.638,1.68067,2.59165
391.603,1.68074,2.59232
392.568,1.68081,2.59299
393.533,1.68088,2.59365
394.499,1.68095,2.59431
395.465,1.68101,2.59497
396.431,1.68108,2.59562
397.397,1.68115,2.59627
398.363,1.68121,2.59692
399.33,1.68128,2.59756
400.297,1.68134,2.5982
401.263,1.68141,2.59884
402.23,1.68147,2.59947
403.198,1.68153,2.6001
404.165,1.6816,2.60073
405.132,1.68166,2.60136
406.1,1.68172,2.60198
407.068,1.68179,2.6026
408.036,1.68185,2.60322
409.004,1.68191,2.60383
409.972,1.68197,2.60444
410.94,1.68204,2.60505
411.909,1.6821,2.60565
412.877,1.68216,2.60626
413.846,1.68222,2.60685
414.815,1.68228,2.60745
415.784,1.68234,2.60805
416.753,1.6824,2.60864
417.723,1.68246,2.60922
418.692,1.68252,2.60981
419.662,1.68258,2.61039
420.632,1.68263,2.61097
421.602,1.68269,2.61155
422.572,1.68275,2.61213
423.542,1.68281,2.6127
424.512,1.68287,2.61327
425.483,1.68292,2.61384
426.454,1.68298,2.6144
427.424,1.68304,2.61496
428.395,1.68309,2.61552
429.366,1.68315,2.61608
430.337,1.6832,2.61663
431.309,1.68326,2.61719
432.28,1.68331,2.61774
433.252,1.68337,2.61828
434.223,1.68342,2.61883
435.195,1.68348,2.61937
436.167,1.68353,2.61991
437.139,1.68359,2.62045
438.111,1.68364,2.62098
439.084,1.68369,2.62151
440.056,1.68375,2.62205
441.028,1.6838,2.62257
442.001,1.68385,2.6231
442.974,1.68391,2.62362
443.947,1.68396,2.62414
444.92,1.68401,2.62466
445.893,1.68406,2.62518
446.866,1.68411,2.62569
447.84,1.68416,2.62621
448.813,1.68421,2.62672
449.787,1.68427,2.62722
450.76,1.68432,2.62773
451.734,1.68437,2.62823
452.708,1.68442,2.62873
453.682,1.68447,2.62923
454.656,1.68452,2.62973
455.631,1.68456,2.63023
456.605,1.68461,2.63072
457.58,1.68466,2.63121
458.554,1.68471,2.6317
459.529,1.68476,2.63218
460.504,1.68481,2.63267
461.479,1.68486,2.63315
462.454,1.6849,2.63363
463.429,1.68495,2.63411
464.404,1.685,2.63459
465.379,1.68505,2.63506
466.355,1.68509,2.63553
467.33,1.68514,2.636
468.306,1.68519,2.63647
469.282,1.68523,2.63694
470.258,1.68528,2.6374
471.234,1.68533,2.63787
472.21,1.68537,2.63833
473.186,1.68542,2.63879
474.162,1.68546,2.63924
475.138,1.68551,2.6397
476.115,1.68555,2.64015
477.091,1.6856,2.64061
478.068,1.68564,2.64105
479.045,1.68569,2.6415
480.021,1.68573,2.64195
480.998,1.68577,2.64239
481.975,1.68582,2.64284
482.952,1.68586,2.64328
483.93,1.68591,2.64372
484.907,1.68595,2.64415
485.884,1.68599,2.64459
486.862,1.68603,2.64502
487.839,1.68608,2.64545
488.817,1.68612,2.64588
489.795,1.68616,2.64631
490.773,1.6862,2.64674
491.751,1.68625,2.64716
492.729,1.68629,2.64759
493.707,1.68633,2.64801
494.685,1.68637,2.64843
495.663,1.68641,2.64885
496.641,1.68645,2.64927
497.62,1.6865,2.64968
498.598,1.68654,2.65009
499.577,1.68658,2.65051
500.556,1.68662,2.65092
501.534,1.68666,2.65133
502.513,1.6867,2.65173
503.492,1.68674,2.65214
504.471,1.68678,2.65254
505.45,1.68682,2.65295
506.429,1.68686,2.65335
507.409,1.6869,2.65375
508.388,1.68694,2.65414
509.367,1.68697,2.65454
510.347,1.68701,2.65493
511.327,1.68705,2.65533
512.306,1.68709,2.65572
513.286,1.68713,2.65611
514.266,1.68717,2.6565
515.246,1.68721,2.65689
516.226,1.68724,2.65727
517.206,1.68728,2.65766
518.186,1.68732,2.65804
519.166,1.68736,2.65842
520.146,1.68739,2.6588
521.126,1.68743,2.65918
522.107,1.68747,2.65956
523.087,1.6875,2.65993
524.068,1.68754,2.66031
525.049,1.68758,2.66068
526.029,1.68761,2.66105
527.01,1.68765,2.66142
527.991,1.68769,2.66179
528.972,1.68772,2.66216
529.953,1.68776,2.66253
530.934,1.68779,2.66289
531.915,1.68783,2.66326
532.896,1.68787,2.66362
533.877,1.6879,2.66398
534.859,1.68794,2.66434
535.84,1.68797,2.6647
536.822,1.68801,2.66505
537.803,1.68804,2.66541
538.785,1.68808,2.66576
539.766,1.68811,2.66612
540.748,1.68815,2.66647
541.73,1.68818,2.66682
542.712,1.68821,2.66717
543.694,1.68825,2.66752
544.676,1.68828,2.66786
545.658,1.68832,2.66821
546.64,1.68835,2.66855
547.622,1.68838,2.6689
548.604,1.68842,2.66924
549.587,1.68845,2.66958
550.569,1.68848,2.66992
551.551,1.68852,2.67026
552.534,1.68855,2.67059
553.517,1.68858,2.67093
554.499,1.68861,2.67126
555.482,1.68865,2.6716
556.465,1.68868,2.67193
557.447,1.68871,2.67226
558.43,1.68874,2.67259
559.413,1.68878,2.67292
560.396,1.68881,2.67325
561.379,1.68884,2.67357
562.362,1.68887,2.6739
563.346,1.6889,2.67422
564.329,1.68893,2.67455
565.312,1.68897,2.67487
566.295,1.689,2.67519
567.279,1.68903,2.67551
568.262,1.68906,2.67583
569.246,1.68909,2.67615
570.229,1.68912,2.67646
571.213,1.68915,2.67678
572.197,1.68918,2.67709
573.18,1.68921,2.67741
574.164,1.68924,2.67772
575.148,1.68927,2.67803
576.132,1.6893,2.67834
577.116,1.68933,2.67865
578.1,1.68936,2.67896
579.084,1.68939,2.67926
580.068,1.68942,2.67957
581.052,1.68945,2.67987
582.037,1.68948,2.68018
583.021,1.68951,2.68048
584.005,1.68954,2.68078
584.99,1.68957,2.68108
585.974,1.6896,2.68138
586.959,1.68963,2.68168
587.943,1.68966,2.68198
588.928,1.68969,2.68228
589.912,1.68972,2.68257
590.897,1.68974,2.68287
591.882,1.68977,2.68316
592.867,1.6898,2.68345
593.851,1.68983,2.68375
594.836,1.68986,2.68404
595.821,1.68989,2.68433
596.806,1.68991,2.68462
597.791,1.68994,2.6849
598.776,1.68997,2.68519
599.762,1.69,2.68548
600.747,1.69003,2.68576
601.732,1.69005,2.68605
602.717,1.69008,2.68633
603.703,1.69011,2.68661
604.688,1.69014,2.68689
605.673,1.69016,2.68718
606.659,1.69019,2.68745
607.644,1.69022,2.68773
608.63,1.69024,2.68801
609.616,1.69027,2.68829
610.601,1.6903,2.68856
611.587,1.69032,2.68884
612.573,1.69035,2.68911
613.559,1.69038,2.68939
614.544,1.6904,2.68966
615.53,1.69043,2.68993
616.516,1.69046,2.6902
617.502,1.69048,2.69047
618.488,1.69051,2.69074
619.474,1.69053,2.69101
620.461,1.69056,2.69128
621.447,1.69059,2.69155
622.433,1.69061,2.69181
623.419,1.69064,2.69208
624.405,1.69066,2.69234
625.392,1.69069,2.6926
626.378,1.69071,2.69287
627.365,1.69074,2.69313
628.351,1.69076,2.69339
629.338,1.69079,2.69365
630.324,1.69081,2.69391
631.311,1.69084,2.69417
632.297,1.69086,2.69442
633.284,1.69089,2.69468
634.271,1.69091,2.69494
635.257,1.69094,2.69519
636.244,1.69096,2.69545
637.231,1.69099,2.6957
638.218,1.69101,2.69595
639.205,1.69104,2.6962
640.192,1.69106,2.69646
641.179,1.69108,2.69671
642.166,1.69111,2.69696
643.153,1.69113,2.69721
644.14,1.69116,2.69745
645.127,1.69118,2.6977
646.114,1.6912,2.69795
647.102,1.69123,2.69819
648.089,1.69125,2.69844
649.076,1.69128,2.69868
650.064,1.6913,2.69893
651.051,1.69132,2.69917
652.039,1.69135,2.69941
653.026,1.69137,2.69965
654.013,1.69139,2.69989
655.001,1.69142,2.70013
655.989,1.69144,2.70037
656.976,1.69146,2.70061
657.964,1.69148,2.70085
658.952,1.69151,2.70109
659.939,1.69153,2.70132
660.927,1.69155,2.70156
661.915,1.69158,2.7018
662.903,1.6916,2.70203
663.891,1.69162,2.70226
664.878,1.69164,2.7025
665.866,1.69167,2.70273
666.854,1.69169,2.70296
667.842,1.69171,2.70319
668.83,1.69173,2.70342
669.819,1.69175,2.70365
670.807,1.69178,2.70388
671.795,1.6918,2.70411
672.783,1.69182,2.70434
673.771,1.69184,2.70456
674.76,1.69186,2.70479
675.748,1.69189,2.70502
676.736,1.69191,2.70524
677.725,1.69193,2.70546
678.713,1.69195,2.70569
679.701,1.69197,2.70591
680.69,1.69199,2.70613
681.678,1.69201,2.70636
682.667,1.69204,2.70658
683.655,1.69206,2.7068
684.644,1.69208,2.70702
685.633,1.6921,2.70724
686.621,1.69212,2.70745
687.61,1.69214,2.70767
688.599,1.69216,2.70789
689.587,1.69218,2.70811
690.576,1.6922,2.70832
691.565,1.69222,2.70854
692.554,1.69224,2.70875
693.543,1.69227,2.70897
694.532,1.69229,2.70918
695.521,1.69231,2.70939
696.51,1.69233,2.70961
697.499,1.69235,2.70982
698.488,1.69237,2.71003
699.477,1.69239,2.71024
700.466,1.69241,2.71045
701.455,1.69243,2.71066
702.444,1.69245,2.71087
703.433,1.69247,2.71108
704.423,1.69249,2.71128
705.412,1.69251,2.71149
706.401,1.69253,2.7117
707.39,1.69255,2.7119
708.38,1.69257,2.71211
709.369,1.69259,2.71231
710.359,1.69261,2.71252
711.348,1.69263,2.71272
712.337,1.69265,2.71292
713.327,1.69266,2.71313
714.317,1.69268,2.71333
715.306,1.6927,2.71353
716.296,1.69272,2.71373
717.285,1.69274,2.71393
718.275,1.69276,2.71413
719.265,1.69278,2.71433
720.254,1.6928,2.71453
721.244,1.69282,2.71473
722.234,1.69284,2.71492
723.223,1.69286,2.71512
724.213,1.69287,2.71532
725.203,1.69289,2.71551
726.193,1.69291,2.71571
727.183,1.69293,2.7159
728.173,1.69295,2.7161
729.163,1.69297,2.71629
730.153,1.69299,2.71649
731.143,1.693,2.71668
732.133,1.69302,2.71687
733.123,1.69304,2.71706
734.113,1.69306,2.71725
735.103,1.69308,2.71745
736.093,1.6931,2.71764
737.083,1.69311,2.71783
738.073,1.69313,2.71801
739.064,1.69315,2.7182
740.054,1.69317,2.71839
741.044,1.69319,2.71858
742.034,1.6932,2.71877
743.025,1.69322,2.71895
744.015,1.69324,2.71914
745.005,1.69326,2.71932
745.996,1.69328,2.71951
746.986,1.69329,2.71969
747.977,1.69331,2.71988
748.967,1.69333,2.72006
749.958,1.69335,2.72025
750.948,1.69336,2.72043
751.939,1.69338,2.72061
752.929,1.6934,2.72079
753.92,1.69342,2.72097
754.91,1.69343,2.72116
755.901,1.69345,2.72134
756.892,1.69347,2.72152
757.882,1.69348,2.72169
758.873,1.6935,2.72187
759.864,1.69352,2.72205
760.855,1.69354,2.72223
761.845,1.69355,2.72241
762.836,1.69357,2.72259
763.827,1.69359,2.72276
764.818,1.6936,2.72294
765.809,1.69362,2.72311
766.8,1.69364,2.72329
767.791,1.69365,2.72346
768.782,1.69367,2.72364
769.773,1.69369,2.72381
770.764,1.6937,2.72399
771.755,1.69372,2.72416
772.746,1.69374,2.72433
773.737,1.69375,2.7245
774.728,1.69377,2.72468
775.719,1.69379,2.72485
776.71,1.6938,2.72502
777.701,1.69382,2.72519
778.692,1.69383,2.72536
779.684,1.69385,2.72553
780.675,1.69387,2.7257
781.666,1.69388,2.72587
782.657,1.6939,2.72603
783.649,1.69392,2.7262
784.64,1.69393,2.72637
785.631,1.69395,2.72654
786.623,1.69396,2.7267
787.614,1.69398,2.72687
788.605,1.69399,2.72704
789.597,1.69401,2.7272
790.588,1.69403,2.72737
791.58,1.69404,2.72753
792.571,1.69406,2.72769
793.563,1.69407,2.72786
794.554,1.69409,2.72802
795.546,1.6941,2.72818
796.537,1.69412,2.72835
797.529,1.69414,2.72851
798.521,1.69415,2.72867
799.512,1.69417,2.72883
800.504,1.69418,2.72899
801.496,1.6942,2.72915
802.487,1.69421,2.72931
803.479,1.69423,2.72947
804.471,1.69424,2.72963
805.462,1.69426,2.72979
806.454,1.69427,2.72995
807.446,1.69429,2.73011
808.438,1.6943,2.73027
809.43,1.69432,2.73042
810.421,1.69433,2.73058
811.413,1.69435,2.73074
812.405,1.69436,2.73089
813.397,1.69438,2.73105
814.389,1.69439,2.7312
815.381,1.69441,2.73136
816.373,1.69442,2.73151
817.365,1.69444,2.73167
818.357,1.69445,2.73182
819.349,1.69447,2.73198
820.341,1.69448,2.73213
821.333,1.69449,2.73228
822.325,1.69451,2.73244
823.317,1.69452,2.73259
824.31,1.69454,2.73274
825.302,1.69455,2.73289
826.294,1.69457,2.73304
827.286,1.69458,2.73319
828.278,1.6946,2.73334
829.27,1.69461,2.73349
830.263,1.69462,2.73364
831.255,1.69464,2.73379
832.247,1.69465,2.73394
833.239,1.69467,2.73409
834.232,1.69468,2.73424
835.224,1.69469,2.73438
836.216,1.69471,2.73453
837.209,1.69472,2.73468
838.201,1.69474,2.73483
839.194,1.69475,2.73497
840.186,1.69476,2.73512
841.178,1.69478,2.73526
842.171,1.69479,2.73541
843.163,1.69481,2.73555
844.156,1.69482,2.7357
845.148,1.69483,2.73584
846.141,1.69485,2.73599
847.133,1.69486,2.73613
848.126,1.69487,2.73628
849.119,1.69489,2.73642
850.111,1.6949,2.73656
851.104,1.69492,2.7367
852.096,1.69493,2.73685
853.089,1.69494,2.73699
854.082,1.69496,2.73713
855.074,1.69497,2.73727
856.067,1.69498,2.73741
857.06,1.695,2.73755
858.053,1.69501,2.73769
859.045,1.69502,2.73783
860.038,1.69504,2.73797
861.031,1.69505,2.73811
862.024,1.69506,2.73825
863.016,1.69508,2.73839
864.009,1.69509,2.73852
865.002,1.6951,2.73866
865.995,1.69511,2.7388
866.988,1.69513,2.73894
867.981,1.69514,2.73907
868.974,1.69515,2.73921
869.967,1.69517,2.73935
870.96,1.69518,2.73948
871.953,1.69519,2.73962
872.946,1.69521,2.73975
873.939,1.69522,2.73989
874.932,1.69523,2.74002
875.925,1.69524,2.74016
876.918,1.69526,2.74029
877.911,1.69527,2.74043
878.904,1.69528,2.74056
879.897,1.69529,2.74069
880.89,1.69531,2.74083
881.883,1.69532,2.74096
882.876,1.69533,2.74109
883.869,1.69534,2.74122
884.862,1.69536,2.74135
885.856,1.69537,2.74149
886.849,1.69538,2.74162
887.842,1.69539,2.74175
888.835,1.69541,2.74188
889.829,1.69542,2.74201
890.822,1.69543,2.74214
891.815,1.69544,2.74227
892.808,1.69546,2.7424
893.802,1.69547,2.74253
894.795,1.69548,2.74266
895.788,1.69549,2.74278
896.782,1.69551,2.74291
897.775,1.69552,2.74304
898.768,1.69553,2.74317
899.762,1.69554,2.7433
900.755,1.69555,2.74342
901.749,1.69557,2.74355
902.742,1.69558,2.74368
903.735,1.69559,2.7438
904.729,1.6956,2.74393
905.722,1.69561,2.74405
906.716,1.69563,2.74418
907.709,1.69564,2.74431
908.703,1.69565,2.74443
909.696,1.69566,2.74456
910.69,1.69567,2.74468
911.684,1.69568,2.7448
912.677,1.6957,2.74493
913.671,1.69571,2.74505
914.664,1.69572,2.74517
915.658,1.69573,2.7453
916.652,1.69574,2.74542
917.645,1.69575,2.74554
918.639,1.69577,2.74567
919.632,1.69578,2.74579
920.626,1.69579,2.74591
921.62,1.6958,2.74603
922.614,1.69581,2.74615
923.607,1.69582,2.74627
924.601,1.69583,2.74639
925.595,1.69585,2.74651
926.589,1.69586,2.74663
927.582,1.69587,2.74675
928.576,1.69588,2.74687
929.57,1.69589,2.74699
930.564,1.6959,2.74711
931.558,1.69591,2.74723
932.551,1.69593,2.74735
933.545,1.69594,2.74747
934.539,1.69595,2.74759
935.533,1.69596,2.7477
936.527,1.69597,2.74782
937.521,1.69598,2.74794
938.515,1.69599,2.74806
939.509,1.696,2.74817
940.503,1.69601,2.74829
941.497,1.69603,2.74841
942.491,1.69604,2.74852
943.485,1.69605,2.74864
944.479,1.69606,2.74875
945.473,1.69607,2.74887
946.467,1.69608,2.74898
947.461,1.69609,2.7491
948.455,1.6961,2.74921
949.449,1.69611,2.74933
950.443,1.69612,2.74944
951.437,1.69613,2.74956
952.431,1.69615,2.74967
953.425,1.69616,2.74978
954.419,1.69617,2.7499
955.413,1.69618,2.75001
956.407,1.69619,2.75012
957.402,1.6962,2.75024
958.396,1.69621,2.75035
959.39,1.69622,2.75046
960.384,1.69623,2.75057
961.378,1.69624,2.75068
962.373,1.69625,2.75079
963.367,1.69626,2.75091
964.361,1.69627,2.75102
965.355,1.69628,2.75113
966.35,1.69629,2.75124
967.344,1.6963,2.75135
968.338,1.69631,2.75146
969.332,1.69632,2.75157
970.327,1.69634,2.75168
971.321,1.69635,2.75179
972.315,1.69636,2.7519
973.31,1.69637,2.75201
974.304,1.69638,2.75211
975.299,1.69639,2.75222
976.293,1.6964,2.75233
977.287,1.69641,2.75244
978.282,1.69642,2.75255
979.276,1.69643,2.75265
980.271,1.69644,2.75276
981.265,1.69645,2.75287
982.259,1.69646,2.75298
983.254,1.69647,2.75308
984.248,1.69648,2.75319
985.243,1.69649,2.7533
986.237,1.6965,2.7534
987.232,1.69651,2.75351
988.226,1.69652,2.75361
989.221,1.69653,2.75372
990.215,1.69654,2.75382
991.21,1.69655,2.75393
992.205,1.69656,2.75403
993.199,1.69657,2.75414
994.194,1.69658,2.75424
995.188,1.69659,2.75435
996.183,1.6966,2.75445
997.177,1.69661,2.75455
998.172,1.69662,2.75466
999.167,1.69663,2.75476
1000.16,1.69664,2.75486
1001.16,1.69665,2.75497
1002.15,1.69666,2.75507
1003.15,1.69667,2.75517
1004.14,1.69668,2.75528
1005.13,1.69668,2.75538
1006.13,1.69669,2.75548
1007.12,1.6967,2.75558
1008.12,1.69671,2.75568
1009.11,1.69672,2.75578
1010.11,1.69673,2.75589
1011.1,1.69674,2.75599
1012.1,1.69675,2.75609
1013.09,1.69676,2.75619
1014.09,1.69677,2.75629
1015.08,1.69678,2.75639
1016.08,1.69679,2.75649
