999.006,1.57079,0.00167039
998.011,1.57078,0.00177019
997.016,1.57077,0.00187019
996.021,1.57076,0.00197038
995.026,1.57075,0.00207078
994.031,1.57074,0.00217138
993.036,1.57073,0.00227218
992.042,1.57072,0.00237318
991.047,1.57071,0.00247438
990.052,1.5707,0.00257579
989.057,1.57069,0.0026774
988.062,1.57068,0.00277922
987.067,1.57067,0.00288124
986.072,1.57066,0.00298347
985.077,1.57064,0.0030859
984.083,1.57063,0.00318854
983.088,1.57062,0.00329139
982.093,1.57061,0.00339445
981.098,1.5706,0.00349771
980.103,1.57059,0.00360119
979.109,1.57058,0.00370488
978.114,1.57057,0.00380877
977.119,1.57056,0.00391288
976.124,1.57055,0.0040172
975.129,1.57054,0.00412174
974.135,1.57053,0.00422648
973.14,1.57052,0.00433144
972.145,1.57051,0.00443662
971.151,1.5705,0.00454201
970.156,1.57049,0.00464762
969.161,1.57048,0.00475344
968.167,1.57047,0.00485948
967.172,1.57046,0.00496574
966.177,1.57045,0.00507222
965.183,1.57044,0.00517892
964.188,1.57042,0.00528584
963.193,1.57041,0.00539298
962.199,1.5704,0.00550034
961.204,1.57039,0.00560792
960.21,1.57038,0.00571573
959.215,1.57037,0.00582376
958.22,1.57036,0.00593201
957.226,1.57035,0.00604049
956.231,1.57034,0.00614919
955.237,1.57033,0.00625812
954.242,1.57032,0.00636728
953.248,1.57031,0.00647666
952.253,1.57029,0.00658628
951.259,1.57028,0.00669612
950.264,1.57027,0.00680619
949.27,1.57026,0.0069165
948.276,1.57025,0.00702703
947.281,1.57024,0.0071378
946.287,1.57023,0.0072488
945.292,1.57022,0.00736003
944.298,1.57021,0.0074715
943.304,1.5702,0.0075832
942.309,1.57018,0.00769514
941.315,1.57017,0.00780731
940.32,1.57016,0.00791972
939.326,1.57015,0.00803237
938.332,1.57014,0.00814526
937.337,1.57013,0.00825839
936.343,1.57012,0.00837176
935.349,1.5701,0.00848537
934.355,1.57009,0.00859922
933.36,1.57008,0.00871331
932.366,1.57007,0.00882765
931.372,1.57006,0.00894223
930.378,1.57005,0.00905706
929.383,1.57004,0.00917213
928.389,1.57002,0.00928745
927.395,1.57001,0.00940301
926.401,1.57,0.00951883
925.407,1.56999,0.00963489
924.413,1.56998,0.0097512
923.418,1.56997,0.00986776
922.424,1.56995,0.00998458
921.43,1.56994,0.0101016
920.436,1.56993,0.010219
919.442,1.56992,0.0103365
918.448,1.56991,0.0104544
917.454,1.5699,0.0105724
916.46,1.56988,0.0106908
915.466,1.56987,0.0108094
914.472,1.56986,0.0109282
913.478,1.56985,0.0110473
912.484,1.56984,0.0111667
911.49,1.56982,0.0112863
910.496,1.56981,0.0114062
909.502,1.5698,0.0115264
908.508,1.56979,0.0116468
907.514,1.56978,0.0117675
906.52,1.56976,0.0118884
905.526,1.56975,0.0120097
904.532,1.56974,0.0121311
903.538,1.56973,0.0122529
902.544,1.56972,0.0123749
901.551,1.5697,0.0124972
900.557,1.56969,0.0126197
899.563,1.56968,0.0127425
898.569,1.56967,0.0128656
897.575,1.56965,0.012989
896.582,1.56964,0.0131126
895.588,1.56963,0.0132366
894.594,1.56962,0.0133608
893.6,1.5696,0.0134852
892.607,1.56959,0.01361
891.613,1.56958,0.013735
890.619,1.56957,0.0138603
889.625,1.56955,0.0139859
888.632,1.56954,0.0141117
887.638,1.56953,0.0142379
886.645,1.56952,0.0143643
885.651,1.5695,0.014491
884.657,1.56949,0.014618
883.664,1.56948,0.0147453
882.67,1.56947,0.0148729
881.677,1.56945,0.0150007
880.683,1.56944,0.0151289
879.689,1.56943,0.0152573
878.696,1.56941,0.015386
877.702,1.5694,0.015515
876.709,1.56939,0.0156443
875.715,1.56938,0.0157739
874.722,1.56936,0.0159038
873.729,1.56935,0.016034
872.735,1.56934,0.0161645
871.742,1.56932,0.0162953
870.748,1.56931,0.0164264
869.755,1.5693,0.0165577
868.761,1.56928,0.0166894
867.768,1.56927,0.0168214
866.775,1.56926,0.0169537
865.781,1.56924,0.0170863
864.788,1.56923,0.0172192
863.795,1.56922,0.0173524
862.802,1.5692,0.0174859
861.808,1.56919,0.0176197
860.815,1.56918,0.0177538
859.822,1.56916,0.0178883
858.829,1.56915,0.018023
857.835,1.56914,0.0181581
856.842,1.56912,0.0182934
855.849,1.56911,0.0184291
854.856,1.5691,0.0185651
853.863,1.56908,0.0187014
852.87,1.56907,0.0188381
851.876,1.56906,0.018975
850.883,1.56904,0.0191123
849.89,1.56903,0.0192499
848.897,1.56901,0.0193878
847.904,1.569,0.019526
846.911,1.56899,0.0196646
845.918,1.56897,0.0198035
844.925,1.56896,0.0199427
843.932,1.56895,0.0200822
842.939,1.56893,0.0202221
841.946,1.56892,0.0203623
840.953,1.5689,0.0205028
839.96,1.56889,0.0206437
838.967,1.56888,0.0207849
837.975,1.56886,0.0209264
836.982,1.56885,0.0210683
835.989,1.56883,0.0212105
834.996,1.56882,0.021353
834.003,1.5688,0.0214959
833.01,1.56879,0.0216391
832.018,1.56878,0.0217827
831.025,1.56876,0.0219266
830.032,1.56875,0.0220708
829.039,1.56873,0.0222154
828.047,1.56872,0.0223604
827.054,1.5687,0.0225057
826.061,1.56869,0.0226513
825.069,1.56867,0.0227973
824.076,1.56866,0.0229436
823.083,1.56864,0.0230903
822.091,1.56863,0.0232374
821.098,1.56862,0.0233848
820.106,1.5686,0.0235325
819.113,1.56859,0.0236807
818.121,1.56857,0.0238291
817.128,1.56856,0.023978
816.136,1.56854,0.0241272
815.143,1.56853,0.0242767
814.151,1.56851,0.0244267
813.158,1.5685,0.024577
812.166,1.56848,0.0247276
811.173,1.56847,0.0248787
810.181,1.56845,0.0250301
809.189,1.56844,0.0251818
808.196,1.56842,0.025334
807.204,1.5684,0.0254865
806.212,1.56839,0.0256394
805.219,1.56837,0.0257927
804.227,1.56836,0.0259463
803.235,1.56834,0.0261003
802.243,1.56833,0.0262547
801.25,1.56831,0.0264095
800.258,1.5683,0.0265647
799.266,1.56828,0.0267203
798.274,1.56827,0.0268762
797.282,1.56825,0.0270326
796.29,1.56823,0.0271893
795.298,1.56822,0.0273464
794.306,1.5682,0.0275039
793.313,1.56819,0.0276618
792.321,1.56817,0.0278201
791.329,1.56816,0.0279788
790.337,1.56814,0.0281379
789.345,1.56812,0.0282974
788.354,1.56811,0.0284573
787.362,1.56809,0.0286176
786.37,1.56808,0.0287783
785.378,1.56806,0.0289394
784.386,1.56804,0.0291009
783.394,1.56803,0.0292629
782.402,1.56801,0.0294252
781.41,1.56799,0.0295879
780.419,1.56798,0.0297511
779.427,1.56796,0.0299147
778.435,1.56795,0.0300787
777.443,1.56793,0.0302431
776.452,1.56791,0.0304079
775.46,1.5679,0.0305732
774.468,1.56788,0.0307389
773.477,1.56786,0.030905
772.485,1.56785,0.0310715
771.493,1.56783,0.0312384
770.502,1.56781,0.0314058
769.51,1.5678,0.0315736
768.519,1.56778,0.0317419
767.527,1.56776,0.0319106
766.536,1.56775,0.0320797
765.544,1.56773,0.0322493
764.553,1.56771,0.0324193
763.561,1.56769,0.0325897
762.57,1.56768,0.0327606
761.579,1.56766,0.0329319
760.587,1.56764,0.0331037
759.596,1.56763,0.0332759
758.605,1.56761,0.0334486
757.613,1.56759,0.0336217
756.622,1.56757,0.0337953
755.631,1.56756,0.0339693
754.64,1.56754,0.0341438
753.649,1.56752,0.0343188
752.657,1.5675,0.0344942
751.666,1.56749,0.0346701
750.675,1.56747,0.0348464
749.684,1.56745,0.0350232
748.693,1.56743,0.0352005
747.702,1.56742,0.0353782
746.711,1.5674,0.0355565
745.72,1.56738,0.0357351
744.729,1.56736,0.0359143
743.738,1.56734,0.036094
742.747,1.56733,0.0362741
741.756,1.56731,0.0364547
740.765,1.56729,0.0366358
739.774,1.56727,0.0368173
738.783,1.56725,0.0369994
737.793,1.56724,0.0371819
736.802,1.56722,0.037365
735.811,1.5672,0.0375485
734.82,1.56718,0.0377325
733.83,1.56716,0.0379171
732.839,1.56714,0.0381021
731.848,1.56713,0.0382876
730.858,1.56711,0.0384736
729.867,1.56709,0.0386602
728.876,1.56707,0.0388472
727.886,1.56705,0.0390348
726.895,1.56703,0.0392228
725.905,1.56701,0.0394114
724.914,1.56699,0.0396005
723.924,1.56698,0.0397901
722.934,1.56696,0.0399802
721.943,1.56694,0.0401708
720.953,1.56692,0.040362
719.962,1.5669,0.0405537
718.972,1.56688,0.0407459
717.982,1.56686,0.0409387
716.992,1.56684,0.041132
716.001,1.56682,0.0413258
715.011,1.5668,0.0415202
714.021,1.56678,0.0417151
713.031,1.56676,0.0419105
712.041,1.56674,0.0421065
711.05,1.56672,0.042303
710.06,1.5667,0.0425001
709.07,1.56668,0.0426977
708.08,1.56667,0.0428959
707.09,1.56665,0.0430946
706.1,1.56663,0.0432939
705.11,1.56661,0.0434938
704.121,1.56659,0.0436942
703.131,1.56657,0.0438952
702.141,1.56655,0.0440967
701.151,1.56652,0.0442988
700.161,1.5665,0.0445015
699.171,1.56648,0.0447048
698.182,1.56646,0.0449086
697.192,1.56644,0.045113
696.202,1.56642,0.045318
695.213,1.5664,0.0455236
694.223,1.56638,0.0457297
693.233,1.56636,0.0459365
692.244,1.56634,0.0461438
691.254,1.56632,0.0463518
690.265,1.5663,0.0465603
689.275,1.56628,0.0467694
688.286,1.56626,0.0469792
687.297,1.56624,0.0471895
686.307,1.56621,0.0474005
685.318,1.56619,0.047612
684.329,1.56617,0.0478242
683.339,1.56615,0.048037
682.35,1.56613,0.0482504
681.361,1.56611,0.0484644
680.372,1.56609,0.048679
679.382,1.56607,0.0488943
678.393,1.56604,0.0491102
677.404,1.56602,0.0493267
676.415,1.566,0.0495439
675.426,1.56598,0.0497616
674.437,1.56596,0.0499801
673.448,1.56594,0.0501991
672.459,1.56591,0.0504189
671.47,1.56589,0.0506392
670.481,1.56587,0.0508602
669.493,1.56585,0.0510819
668.504,1.56583,0.0513042
667.515,1.5658,0.0515272
666.526,1.56578,0.0517509
665.538,1.56576,0.0519752
664.549,1.56574,0.0522001
663.56,1.56571,0.0524258
662.572,1.56569,0.0526521
661.583,1.56567,0.0528791
660.595,1.56565,0.0531068
659.606,1.56562,0.0533351
658.618,1.5656,0.0535642
657.629,1.56558,0.0537939
656.641,1.56555,0.0540243
655.653,1.56553,0.0542554
654.664,1.56551,0.0544873
653.676,1.56548,0.0547198
652.688,1.56546,0.054953
651.699,1.56544,0.0551869
650.711,1.56541,0.0554216
649.723,1.56539,0.0556569
648.735,1.56537,0.055893
647.747,1.56534,0.0561298
646.759,1.56532,0.0563673
645.771,1.5653,0.0566055
644.783,1.56527,0.0568445
643.795,1.56525,0.0570842
642.807,1.56522,0.0573246
641.819,1.5652,0.0575658
640.832,1.56518,0.0578077
639.844,1.56515,0.0580504
638.856,1.56513,0.0582938
637.868,1.5651,0.058538
636.881,1.56508,0.0587829
635.893,1.56505,0.0590286
634.905,1.56503,0.0592751
633.918,1.565,0.0595223
632.93,1.56498,0.0597703
631.943,1.56495,0.0600191
630.956,1.56493,0.0602686
629.968,1.5649,0.060519
628.981,1.56488,0.0607701
627.994,1.56485,0.061022
627.006,1.56483,0.0612747
626.019,1.5648,0.0615282
625.032,1.56478,0.0617825
624.045,1.56475,0.0620376
623.058,1.56473,0.0622935
622.071,1.5647,0.0625503
621.084,1.56468,0.0628078
620.097,1.56465,0.0630662
619.11,1.56462,0.0633254
618.123,1.5646,0.0635854
617.136,1.56457,0.0638462
616.149,1.56455,0.0641079
615.162,1.56452,0.0643704
614.176,1.56449,0.0646338
613.189,1.56447,0.064898
612.202,1.56444,0.0651631
611.216,1.56441,0.065429
610.229,1.56439,0.0656958
609.243,1.56436,0.0659634
608.256,1.56433,0.0662319
607.27,1.56431,0.0665013
606.283,1.56428,0.0667716
605.297,1.56425,0.0670427
604.311,1.56423,0.0673147
603.325,1.5642,0.0675876
602.338,1.56417,0.0678615
601.352,1.56414,0.0681362
600.366,1.56412,0.0684118
599.38,1.56409,0.0686883
598.394,1.56406,0.0689657
597.408,1.56403,0.0692441
596.422,1.56401,0.0695233
595.436,1.56398,0.0698035
594.45,1.56395,0.0700846
593.465,1.56392,0.0703667
592.479,1.56389,0.0706497
591.493,1.56387,0.0709336
590.508,1.56384,0.0712185
589.522,1.56381,0.0715044
588.537,1.56378,0.0717911
587.551,1.56375,0.0720789
586.566,1.56372,0.0723676
585.58,1.56369,0.0726573
584.595,1.56366,0.072948
583.61,1.56364,0.0732396
582.624,1.56361,0.0735323
581.639,1.56358,0.0738259
580.654,1.56355,0.0741205
579.669,1.56352,0.0744162
578.684,1.56349,0.0747128
577.699,1.56346,0.0750105
576.714,1.56343,0.0753091
575.729,1.5634,0.0756088
574.744,1.56337,0.0759095
573.76,1.56334,0.0762113
572.775,1.56331,0.0765141
571.79,1.56328,0.0768179
570.806,1.56325,0.0771228
569.821,1.56322,0.0774287
568.836,1.56319,0.0777357
567.852,1.56316,0.0780437
566.868,1.56313,0.0783529
565.883,1.56309,0.0786631
564.899,1.56306,0.0789743
563.915,1.56303,0.0792867
562.931,1.563,0.0796002
561.946,1.56297,0.0799147
560.962,1.56294,0.0802304
559.978,1.56291,0.0805471
558.994,1.56288,0.080865
558.01,1.56284,0.081184
557.027,1.56281,0.0815042
556.043,1.56278,0.0818254
555.059,1.56275,0.0821478
554.075,1.56272,0.0824714
553.092,1.56268,0.0827961
552.108,1.56265,0.083122
551.125,1.56262,0.083449
550.141,1.56259,0.0837772
549.158,1.56255,0.0841065
548.175,1.56252,0.0844371
547.191,1.56249,0.0847688
546.208,1.56245,0.0851018
545.225,1.56242,0.0854359
544.242,1.56239,0.0857712
543.259,1.56235,0.0861078
542.276,1.56232,0.0864456
541.293,1.56229,0.0867846
540.31,1.56225,0.0871248
539.328,1.56222,0.0874663
538.345,1.56218,0.087809
537.362,1.56215,0.088153
536.38,1.56211,0.0884982
535.397,1.56208,0.0888447
534.415,1.56205,0.0891925
533.432,1.56201,0.0895415
532.45,1.56198,0.0898919
531.468,1.56194,0.0902435
530.486,1.56191,0.0905965
529.504,1.56187,0.0909507
528.522,1.56184,0.0913063
527.54,1.5618,0.0916632
526.558,1.56176,0.0920214
525.576,1.56173,0.092381
524.594,1.56169,0.0927419
523.612,1.56166,0.0931042
522.631,1.56162,0.0934678
521.649,1.56158,0.0938328
520.668,1.56155,0.0941992
519.686,1.56151,0.0945669
518.705,1.56147,0.0949361
517.724,1.56144,0.0953066
516.742,1.5614,0.0956786
515.761,1.56136,0.0960519
514.78,1.56133,0.0964267
513.799,1.56129,0.0968029
512.818,1.56125,0.0971806
511.837,1.56121,0.0975597
510.857,1.56117,0.0979403
509.876,1.56114,0.0983223
508.895,1.5611,0.0987058
507.915,1.56106,0.0990908
506.934,1.56102,0.0994773
505.954,1.56098,0.0998652
504.974,1.56094,0.100255
503.993,1.56091,0.100646
503.013,1.56087,0.101038
502.033,1.56083,0.101432
501.053,1.56079,0.101828
500.073,1.56075,0.102225
499.093,1.56071,0.102624
498.114,1.56067,0.103024
497.134,1.56063,0.103426
496.154,1.56059,0.103829
495.175,1.56055,0.104234
494.195,1.56051,0.104641
493.216,1.56047,0.105049
492.237,1.56043,0.105459
491.258,1.56039,0.105871
490.278,1.56034,0.106284
489.299,1.5603,0.106699
488.32,1.56026,0.107115
487.342,1.56022,0.107533
486.363,1.56018,0.107953
485.384,1.56014,0.108375
484.406,1.56009,0.108798
483.427,1.56005,0.109223
482.449,1.56001,0.109649
481.47,1.55997,0.110078
480.492,1.55992,0.110508
479.514,1.55988,0.11094
478.536,1.55984,0.111374
477.558,1.5598,0.111809
476.58,1.55975,0.112246
475.602,1.55971,0.112685
474.625,1.55966,0.113126
473.647,1.55962,0.113569
472.669,1.55958,0.114013
471.692,1.55953,0.11446
470.715,1.55949,0.114908
469.737,1.55944,0.115358
468.76,1.5594,0.11581
467.783,1.55935,0.116264
466.806,1.55931,0.116719
465.83,1.55926,0.117177
464.853,1.55922,0.117637
463.876,1.55917,0.118098
462.9,1.55912,0.118561
461.923,1.55908,0.119027
460.947,1.55903,0.119494
459.971,1.55899,0.119964
458.994,1.55894,0.120435
458.018,1.55889,0.120908
457.042,1.55884,0.121384
456.067,1.5588,0.121861
455.091,1.55875,0.122341
454.115,1.5587,0.122822
453.14,1.55865,0.123306
452.164,1.55861,0.123791
451.189,1.55856,0.124279
450.214,1.55851,0.124769
449.239,1.55846,0.125261
448.264,1.55841,0.125755
447.289,1.55836,0.126252
446.314,1.55831,0.12675
445.34,1.55826,0.127251
444.365,1.55821,0.127754
443.391,1.55816,0.128259
442.416,1.55811,0.128766
441.442,1.55806,0.129276
440.468,1.55801,0.129787
439.494,1.55796,0.130301
438.52,1.55791,0.130818
437.547,1.55786,0.131336
436.573,1.55781,0.131857
435.6,1.55775,0.132381
434.626,1.5577,0.132906
433.653,1.55765,0.133434
432.68,1.5576,0.133965
431.707,1.55754,0.134498
430.734,1.55749,0.135033
429.761,1.55744,0.13557
428.789,1.55738,0.13611
427.816,1.55733,0.136653
426.844,1.55728,0.137198
425.872,1.55722,0.137745
424.899,1.55717,0.138295
423.927,1.55711,0.138848
422.956,1.55706,0.139403
421.984,1.557,0.13996
421.012,1.55695,0.140521
420.041,1.55689,0.141083
419.069,1.55684,0.141649
418.098,1.55678,0.142217
417.127,1.55672,0.142787
416.156,1.55667,0.143361
415.186,1.55661,0.143937
414.215,1.55655,0.144515
413.244,1.55649,0.145097
412.274,1.55644,0.145681
411.304,1.55638,0.146268
410.334,1.55632,0.146857
409.364,1.55626,0.14745
408.394,1.5562,0.148045
407.424,1.55614,0.148643
406.455,1.55608,0.149244
405.486,1.55602,0.149848
404.516,1.55596,0.150455
403.547,1.5559,0.151065
402.578,1.55584,0.151677
401.61,1.55578,0.152293
400.641,1.55572,0.152911
399.673,1.55566,0.153533
398.704,1.5556,0.154157
397.736,1.55554,0.154785
396.768,1.55547,0.155416
395.801,1.55541,0.156049
394.833,1.55535,0.156686
393.865,1.55528,0.157326
392.898,1.55522,0.157969
391.931,1.55516,0.158616
390.964,1.55509,0.159265
389.997,1.55503,0.159918
389.03,1.55496,0.160574
388.064,1.5549,0.161233
387.098,1.55483,0.161896
386.131,1.55477,0.162561
385.165,1.5547,0.163231
384.2,1.55464,0.163903
383.234,1.55457,0.164579
382.269,1.5545,0.165258
381.303,1.55443,0.165941
380.338,1.55437,0.166628
379.373,1.5543,0.167317
378.409,1.55423,0.168011
377.444,1.55416,0.168707
376.48,1.55409,0.169408
375.515,1.55402,0.170112
374.551,1.55395,0.170819
373.588,1.55388,0.171531
372.624,1.55381,0.172246
371.661,1.55374,0.172964
370.697,1.55367,0.173687
369.734,1.5536,0.174413
368.771,1.55353,0.175143
367.809,1.55346,0.175877
366.846,1.55338,0.176614
365.884,1.55331,0.177356
364.922,1.55324,0.178101
363.96,1.55316,0.178851
362.999,1.55309,0.179604
362.037,1.55301,0.180361
361.076,1.55294,0.181123
360.115,1.55286,0.181888
359.154,1.55279,0.182658
358.194,1.55271,0.183432
357.233,1.55264,0.184209
356.273,1.55256,0.184991
355.313,1.55248,0.185778
354.354,1.5524,0.186568
353.394,1.55233,0.187363
352.435,1.55225,0.188162
351.476,1.55217,0.188966
350.517,1.55209,0.189774
349.558,1.55201,0.190586
348.6,1.55193,0.191403
347.642,1.55185,0.192224
346.684,1.55177,0.19305
345.726,1.55169,0.193881
344.769,1.5516,0.194716
343.812,1.55152,0.195555
342.855,1.55144,0.1964
341.898,1.55136,0.197249
340.942,1.55127,0.198103
339.986,1.55119,0.198961
339.03,1.5511,0.199825
338.074,1.55102,0.200693
337.119,1.55093,0.201567
336.164,1.55085,0.202445
335.209,1.55076,0.203329
334.254,1.55067,0.204217
333.3,1.55059,0.20511
332.346,1.5505,0.206009
331.392,1.55041,0.206913
330.438,1.55032,0.207822
329.485,1.55023,0.208736
328.532,1.55014,0.209656
327.579,1.55005,0.210581
326.627,1.54996,0.211511
325.675,1.54987,0.212447
324.723,1.54978,0.213388
323.771,1.54968,0.214335
322.82,1.54959,0.215287
321.869,1.5495,0.216245
320.919,1.5494,0.217209
319.968,1.54931,0.218178
319.018,1.54921,0.219154
318.068,1.54912,0.220135
317.119,1.54902,0.221122
316.17,1.54892,0.222115
315.221,1.54883,0.223113
314.272,1.54873,0.224118
313.324,1.54863,0.225129
312.376,1.54853,0.226146
311.429,1.54843,0.22717
310.481,1.54833,0.228199
309.534,1.54823,0.229235
308.588,1.54813,0.230277
307.642,1.54803,0.231326
306.696,1.54792,0.232381
305.75,1.54782,0.233443
304.805,1.54772,0.234511
303.86,1.54761,0.235586
302.916,1.54751,0.236667
301.972,1.5474,0.237756
301.028,1.54729,0.238851
300.084,1.54719,0.239953
299.141,1.54708,0.241062
298.199,1.54697,0.242178
297.256,1.54686,0.243301
296.314,1.54675,0.244431
295.373,1.54664,0.245569
294.432,1.54653,0.246714
293.491,1.54642,0.247866
292.55,1.54631,0.249025
291.61,1.54619,0.250192
290.671,1.54608,0.251367
289.732,1.54597,0.252549
288.793,1.54585,0.253739
287.854,1.54574,0.254937
286.917,1.54562,0.256142
285.979,1.5455,0.257356
285.042,1.54538,0.258577
284.105,1.54526,0.259807
283.169,1.54514,0.261044
282.233,1.54502,0.26229
281.298,1.5449,0.263544
280.363,1.54478,0.264807
279.428,1.54466,0.266078
278.494,1.54454,0.267357
277.561,1.54441,0.268645
276.628,1.54429,0.269942
275.695,1.54416,0.271247
274.763,1.54403,0.272562
273.831,1.54391,0.273885
272.9,1.54378,0.275218
271.969,1.54365,0.276559
271.039,1.54352,0.27791
270.109,1.54339,0.27927
269.18,1.54326,0.28064
268.251,1.54312,0.282019
267.323,1.54299,0.283407
266.395,1.54286,0.284806
265.468,1.54272,0.286214
264.541,1.54259,0.287632
263.615,1.54245,0.28906
262.69,1.54231,0.290498
261.765,1.54217,0.291946
260.84,1.54203,0.293404
259.916,1.54189,0.294873
258.993,1.54175,0.296353
258.07,1.54161,0.297842
257.148,1.54147,0.299343
256.226,1.54132,0.300855
255.305,1.54118,0.302377
254.385,1.54103,0.30391
253.465,1.54088,0.305455
252.546,1.54073,0.307011
251.627,1.54058,0.308578
250.709,1.54043,0.310157
249.791,1.54028,0.311747
248.875,1.54013,0.313349
247.959,1.53998,0.314963
247.043,1.53982,0.316589
246.128,1.53967,0.318227
245.214,1.53951,0.319877
244.301,1.53935,0.321539
243.388,1.53919,0.323214
242.476,1.53903,0.324902
241.564,1.53887,0.326603
240.654,1.53871,0.328316
239.744,1.53855,0.330042
238.834,1.53838,0.331782
237.926,1.53822,0.333535
237.018,1.53805,0.335301
236.111,1.53788,0.337081
235.204,1.53771,0.338874
234.299,1.53754,0.340682
233.394,1.53737,0.342504
232.49,1.5372,0.344339
231.587,1.53703,0.346189
230.684,1.53685,0.348054
229.783,1.53667,0.349933
228.882,1.5365,0.351827
227.982,1.53632,0.353737
227.082,1.53614,0.355661
226.184,1.53595,0.3576
225.287,1.53577,0.359555
224.39,1.53559,0.361526
223.494,1.5354,0.363513
222.599,1.53522,0.365515
221.705,1.53503,0.367534
220.812,1.53484,0.369569
219.92,1.53465,0.371621
219.029,1.53445,0.373689
218.139,1.53426,0.375774
217.249,1.53406,0.377877
216.361,1.53387,0.379996
215.473,1.53367,0.382134
214.587,1.53347,0.384288
213.702,1.53327,0.386461
212.817,1.53307,0.388652
211.934,1.53286,0.390861
211.051,1.53266,0.393089
210.17,1.53245,0.395336
209.29,1.53224,0.397601
208.411,1.53203,0.399886
207.533,1.53182,0.402189
206.656,1.5316,0.404513
205.78,1.53139,0.406856
204.905,1.53117,0.40922
204.031,1.53095,0.411604
203.159,1.53073,0.414008
202.288,1.53051,0.416433
201.418,1.53029,0.418879
200.549,1.53006,0.421346
199.681,1.52984,0.423835
198.815,1.52961,0.426346
197.95,1.52938,0.428878
197.086,1.52915,0.431433
196.223,1.52891,0.43401
195.362,1.52868,0.436611
194.502,1.52844,0.439234
193.643,1.5282,0.44188
192.786,1.52796,0.444551
191.93,1.52772,0.447245
191.076,1.52747,0.449963
190.222,1.52723,0.452705
189.371,1.52698,0.455473
188.521,1.52673,0.458265
187.672,1.52647,0.461083
186.825,1.52622,0.463927
185.979,1.52596,0.466796
185.135,1.52571,0.469692
184.292,1.52545,0.472614
183.451,1.52518,0.475563
182.611,1.52492,0.47854
181.773,1.52465,0.481543
180.937,1.52439,0.484575
180.103,1.52412,0.487635
179.27,1.52384,0.490724
178.438,1.52357,0.493841
177.609,1.52329,0.496988
176.781,1.52301,0.500164
175.955,1.52273,0.50337
175.131,1.52245,0.506607
174.309,1.52217,0.509874
173.488,1.52188,0.513172
172.67,1.52159,0.516501
171.853,1.5213,0.519863
171.038,1.521,0.523256
170.226,1.52071,0.526682
169.415,1.52041,0.530141
168.606,1.52011,0.533633
167.799,1.51981,0.537159
166.995,1.5195,0.540719
166.192,1.51919,0.544314
165.392,1.51888,0.547944
164.594,1.51857,0.551609
163.798,1.51826,0.55531
163.004,1.51794,0.559047
162.212,1.51762,0.56282
161.423,1.5173,0.566631
160.636,1.51698,0.570479
159.852,1.51665,0.574365
159.07,1.51632,0.57829
158.29,1.51599,0.582254
157.513,1.51566,0.586256
156.738,1.51532,0.590299
155.966,1.51498,0.594382
155.196,1.51464,0.598505
154.43,1.5143,0.60267
153.665,1.51396,0.606877
152.904,1.51361,0.611125
152.145,1.51326,0.615416
151.389,1.51291,0.619751
150.636,1.51255,0.624129
149.885,1.51219,0.628551
149.138,1.51183,0.633017
148.393,1.51147,0.637529
147.652,1.51111,0.642086
146.914,1.51074,0.64669
146.178,1.51037,0.65134
145.446,1.51,0.656037
144.717,1.50962,0.660782
143.991,1.50925,0.665575
143.269,1.50887,0.670416
142.549,1.50849,0.675307
141.834,1.5081,0.680248
141.121,1.50772,0.685239
140.412,1.50733,0.69028
139.707,1.50694,0.695373
139.005,1.50654,0.700518
138.307,1.50615,0.705715
137.613,1.50575,0.710965
136.922,1.50535,0.716268
136.235,1.50495,0.721625
135.552,1.50455,0.727037
134.873,1.50414,0.732503
134.198,1.50373,0.738025
133.527,1.50332,0.743603
132.86,1.50291,0.749238
132.197,1.50249,0.754929
131.539,1.50208,0.760678
130.884,1.50166,0.766485
130.234,1.50124,0.772351
129.589,1.50082,0.778275
128.948,1.50039,0.784259
128.312,1.49997,0.790303
127.68,1.49954,0.796407
127.053,1.49911,0.802572
126.43,1.49868,0.808799
125.813,1.49825,0.815087
125.2,1.49782,0.821437
124.593,1.49739,0.82785
123.99,1.49695,0.834326
123.392,1.49652,0.840865
122.8,1.49608,0.847468
122.213,1.49564,0.854136
121.631,1.4952,0.860868
121.055,1.49476,0.867664
120.484,1.49432,0.874526
119.919,1.49388,0.881453
119.36,1.49344,0.888446
118.806,1.493,0.895505
118.258,1.49256,0.902631
117.716,1.49212,0.909823
117.18,1.49167,0.917081
116.65,1.49123,0.924406
116.126,1.49079,0.931799
115.608,1.49035,0.939258
115.097,1.48991,0.946785
114.592,1.48947,0.954379
114.093,1.48903,0.96204
113.601,1.4886,0.969769
113.116,1.48816,0.977565
112.637,1.48772,0.985428
112.165,1.48729,0.993359
111.7,1.48686,1.00136
111.242,1.48643,1.00942
110.792,1.486,1.01755
110.348,1.48557,1.02575
109.911,1.48515,1.03401
109.482,1.48473,1.04234
109.061,1.48431,1.05074
108.646,1.4839,1.0592
108.24,1.48348,1.06773
107.841,1.48308,1.07632
107.449,1.48267,1.08497
107.066,1.48227,1.09369
106.691,1.48187,1.10247
106.323,1.48148,1.11131
105.964,1.48109,1.12021
105.612,1.4807,1.12917
105.27,1.48032,1.1382
104.935,1.47995,1.14728
104.609,1.47958,1.15642
104.291,1.47921,1.16562
103.982,1.47885,1.17487
103.681,1.4785,1.18418
103.389,1.47815,1.19354
103.106,1.47781,1.20295
102.832,1.47748,1.21242
102.567,1.47715,1.22194
102.31,1.47683,1.2315
102.063,1.47651,1.24112
101.825,1.47621,1.25078
101.596,1.47591,1.26048
101.377,1.47561,1.27023
101.166,1.47533,1.28002
100.965,1.47505,1.28985
100.774,1.47479,1.29972
100.592,1.47453,1.30963
100.419,1.47428,1.31957
100.256,1.47403,1.32955
100.103,1.4738,1.33956
99.9593,1.47357,1.3496
99.8253,1.47336,1.35966
99.7011,1.47315,1.36976
99.5867,1.47296,1.37987
99.4822,1.47277,1.39001
99.3874,1.47259,1.40017
99.3026,1.47242,1.41035
99.2276,1.47227,1.42055
99.1626,1.47212,1.43076
99.1075,1.47198,1.44099
99.0624,1.47185,1.45122
99.0273,1.47174,1.46146
99.0021,1.47163,1.47171
98.9869,1.47153,1.48197
98.9818,1.47145,1.49222
98.9866,1.47137,1.50248
99.0014,1.4713,1.51273
99.0263,1.47125,1.52298
99.0611,1.4712,1.53323
99.1058,1.47117,1.54347
99.1606,1.47114,1.55369
99.2253,1.47113,1.56391
99.2999,1.47113,1.5741
99.3844,1.47113,1.58429
99.4788,1.47115,1.59445
99.5831,1.47118,1.6046
99.6971,1.47122,1.61472
99.821,1.47126,1.62482
99.9546,1.47132,1.63489
100.098,1.47139,1.64493
100.251,1.47147,1.65495
100.414,1.47155,1.66493
100.586,1.47165,1.67488
100.767,1.47175,1.68479
100.959,1.47187,1.69467
101.159,1.47199,1.70451
101.369,1.47212,1.71431
101.589,1.47226,1.72406
101.817,1.47241,1.73378
102.055,1.47257,1.74345
102.302,1.47274,1.75307
102.558,1.47291,1.76264
102.823,1.4731,1.77217
103.097,1.47329,1.78165
103.38,1.47349,1.79107
103.671,1.47369,1.80044
103.971,1.47391,1.80976
104.28,1.47413,1.81903
104.598,1.47435,1.82823
104.924,1.47459,1.83739
105.258,1.47483,1.84648
105.601,1.47507,1.85551
105.952,1.47532,1.86449
106.311,1.47558,1.8734
106.678,1.47585,1.88226
107.053,1.47612,1.89105
107.436,1.47639,1.89978
107.827,1.47667,1.90844
108.226,1.47695,1.91704
108.632,1.47724,1.92558
109.046,1.47754,1.93406
109.468,1.47784,1.94246
109.897,1.47814,1.95081
110.333,1.47844,1.95908
110.777,1.47875,1.96729
111.227,1.47907,1.97544
111.685,1.47939,1.98352
112.15,1.47971,1.99153
112.621,1.48003,1.99947
113.1,1.48036,2.00735
113.585,1.48068,2.01515
114.076,1.48102,2.0229
114.575,1.48135,2.03057
115.08,1.48169,2.03818
115.591,1.48203,2.04572
116.108,1.48237,2.05319
116.632,1.48271,2.06059
117.162,1.48305,2.06793
117.698,1.4834,2.0752
118.24,1.48374,2.08241
118.787,1.48409,2.08955
119.341,1.48444,2.09662
119.9,1.48479,2.10362
120.465,1.48514,2.11056
121.036,1.48549,2.11744
121.612,1.48585,2.12425
122.193,1.4862,2.13099
122.78,1.48655,2.13767
123.372,1.48691,2.14429
123.97,1.48726,2.15084
124.572,1.48762,2.15732
125.18,1.48797,2.16375
125.792,1.48832,2.17011
126.409,1.48868,2.17641
127.032,1.48903,2.18265
127.659,1.48938,2.18883
128.29,1.48974,2.19494
128.926,1.49009,2.201
129.567,1.49044,2.20699
130.213,1.49079,2.21293
130.862,1.49114,2.21881
131.516,1.49149,2.22462
132.175,1.49184,2.23038
132.837,1.49219,2.23609
133.504,1.49253,2.24173
134.175,1.49288,2.24732
134.85,1.49323,2.25285
135.529,1.49357,2.25833
136.212,1.49391,2.26375
136.899,1.49425,2.26912
137.589,1.49459,2.27443
138.284,1.49493,2.27969
138.982,1.49527,2.2849
139.683,1.49561,2.29005
140.388,1.49594,2.29516
141.097,1.49627,2.30021
141.81,1.49661,2.30521
142.525,1.49694,2.31016
143.244,1.49726,2.31506
143.967,1.49759,2.31991
144.692,1.49792,2.32471
145.421,1.49824,2.32946
146.153,1.49856,2.33417
146.889,1.49888,2.33883
147.627,1.4992,2.34344
148.368,1.49952,2.34801
149.113,1.49984,2.35253
149.86,1.50015,2.357
150.61,1.50046,2.36143
151.363,1.50077,2.36582
152.119,1.50108,2.37016
152.878,1.50139,2.37446
153.64,1.50169,2.37872
154.404,1.502,2.38293
155.171,1.5023,2.38711
155.94,1.5026,2.39124
156.712,1.5029,2.39533
157.487,1.50319,2.39938
158.264,1.50349,2.40339
159.043,1.50378,2.40736
159.825,1.50407,2.41129
160.61,1.50436,2.41518
161.397,1.50465,2.41904
162.186,1.50493,2.42286
162.977,1.50521,2.42664
163.771,1.5055,2.43038
164.567,1.50577,2.43409
165.365,1.50605,2.43776
166.165,1.50633,2.4414
166.968,1.5066,2.445
167.772,1.50688,2.44857
168.579,1.50715,2.4521
169.388,1.50742,2.4556
170.198,1.50768,2.45906
171.011,1.50795,2.46249
171.826,1.50821,2.46589
172.642,1.50847,2.46926
173.461,1.50873,2.4726
174.281,1.50899,2.4759
175.103,1.50925,2.47917
175.927,1.5095,2.48241
176.753,1.50976,2.48563
177.581,1.51001,2.48881
178.41,1.51026,2.49196
179.242,1.5105,2.49508
180.074,1.51075,2.49818
180.909,1.51099,2.50124
181.745,1.51124,2.50428
182.583,1.51148,2.50729
183.422,1.51172,2.51027
184.263,1.51195,2.51322
185.106,1.51219,2.51615
185.95,1.51243,2.51905
186.796,1.51266,2.52193
187.643,1.51289,2.52477
188.492,1.51312,2.5276
189.342,1.51335,2.53039
190.194,1.51357,2.53317
191.047,1.5138,2.53591
191.901,1.51402,2.53864
192.757,1.51424,2.54134
193.614,1.51446,2.54401
194.473,1.51468,2.54666
195.333,1.5149,2.54929
196.194,1.51511,2.55189
197.057,1.51533,2.55447
197.92,1.51554,2.55703
198.786,1.51575,2.55957
199.652,1.51596,2.56208
200.519,1.51617,2.56458
201.388,1.51637,2.56705
202.258,1.51658,2.5695
203.13,1.51678,2.57193
204.002,1.51698,2.57434
204.876,1.51718,2.57672
205.75,1.51738,2.57909
206.626,1.51758,2.58144
207.503,1.51778,2.58377
208.381,1.51797,2.58607
209.26,1.51817,2.58836
210.14,1.51836,2.59063
211.022,1.51855,2.59288
211.904,1.51874,2.59511
212.787,1.51893,2.59732
213.672,1.51912,2.59952
214.557,1.5193,2.60169
215.444,1.51949,2.60385
216.331,1.51967,2.60599
217.219,1.51985,2.60812
218.109,1.52003,2.61022
218.999,1.52021,2.61231
219.89,1.52039,2.61438
220.782,1.52057,2.61644
221.675,1.52074,2.61847
222.569,1.52092,2.6205
223.464,1.52109,2.6225
224.36,1.52126,2.62449
225.256,1.52144,2.62646
226.154,1.52161,2.62842
227.052,1.52177,2.63036
227.951,1.52194,2.63229
228.851,1.52211,2.6342
229.752,1.52227,2.6361
230.654,1.52244,2.63798
231.556,1.5226,2.63985
232.459,1.52276,2.6417
233.363,1.52292,2.64354
234.268,1.52308,2.64537
235.174,1.52324,2.64718
236.08,1.5234,2.64897
236.987,1.52356,2.65075
237.895,1.52371,2.65252
238.804,1.52387,2.65428
239.713,1.52402,2.65602
240.623,1.52417,2.65775
241.534,1.52432,2.65946
242.445,1.52447,2.66117
243.357,1.52462,2.66286
244.27,1.52477,2.66453
245.183,1.52492,2.6662
246.097,1.52507,2.66785
247.012,1.52521,2.66949
247.928,1.52536,2.67112
248.844,1.5255,2.67274
249.761,1.52564,2.67434
250.678,1.52579,2.67593
251.596,1.52593,2.67751
252.515,1.52607,2.67908
253.434,1.52621,2.68064
254.354,1.52634,2.68219
255.274,1.52648,2.68372
256.195,1.52662,2.68525
257.117,1.52675,2.68676
258.039,1.52689,2.68826
258.962,1.52702,2.68976
259.885,1.52715,2.69124
260.809,1.52729,2.69271
261.733,1.52742,2.69417
262.658,1.52755,2.69562
263.584,1.52768,2.69706
264.51,1.52781,2.69849
265.437,1.52793,2.69991
266.364,1.52806,2.70132
267.292,1.52819,2.70272
268.22,1.52831,2.70411
269.148,1.52844,2.70549
270.078,1.52856,2.70686
271.007,1.52869,2.70822
271.938,1.52881,2.70957
272.868,1.52893,2.71092
273.8,1.52905,2.71225
274.731,1.52917,2.71358
275.663,1.52929,2.71489
276.596,1.52941,2.7162
277.529,1.52953,2.7175
278.463,1.52964,2.71879
279.397,1.52976,2.72007
280.331,1.52988,2.72134
281.266,1.52999,2.72261
282.202,1.53011,2.72386
283.137,1.53022,2.72511
284.074,1.53033,2.72635
285.01,1.53045,2.72758
285.947,1.53056,2.7288
286.885,1.53067,2.73002
287.823,1.53078,2.73122
288.761,1.53089,2.73242
289.7,1.531,2.73361
290.639,1.53111,2.7348
291.579,1.53121,2.73597
292.519,1.53132,2.73714
293.459,1.53143,2.7383
294.4,1.53153,2.73946
295.341,1.53164,2.7406
296.283,1.53174,2.74174
297.225,1.53185,2.74287
298.167,1.53195,2.744
299.109,1.53205,2.74511
300.053,1.53216,2.74622
300.996,1.53226,2.74733
301.94,1.53236,2.74842
302.884,1.53246,2.74951
303.828,1.53256,2.7506
304.773,1.53266,2.75167
305.718,1.53276,2.75274
306.664,1.53286,2.75381
307.61,1.53295,2.75486
308.556,1.53305,2.75591
309.503,1.53315,2.75695
310.449,1.53324,2.75799
311.397,1.53334,2.75902
312.344,1.53343,2.76005
313.292,1.53353,2.76107
314.24,1.53362,2.76208
315.189,1.53371,2.76308
316.138,1.53381,2.76408
317.087,1.5339,2.76508
318.036,1.53399,2.76607
318.986,1.53408,2.76705
319.936,1.53417,2.76802
320.886,1.53426,2.76899
321.837,1.53435,2.76996
322.788,1.53444,2.77092
323.739,1.53453,2.77187
324.691,1.53462,2.77282
325.643,1.53471,2.77376
326.595,1.53479,2.7747
327.547,1.53488,2.77563
328.5,1.53497,2.77656
329.453,1.53505,2.77748
330.406,1.53514,2.77839
331.36,1.53522,2.7793
332.314,1.53531,2.78021
333.268,1.53539,2.78111
334.222,1.53547,2.782
335.177,1.53556,2.78289
336.131,1.53564,2.78377
337.087,1.53572,2.78465
338.042,1.5358,2.78553
338.998,1.53589,2.7864
339.954,1.53597,2.78726
340.91,1.53605,2.78812
341.866,1.53613,2.78898
342.823,1.53621,2.78983
343.78,1.53629,2.79067
344.737,1.53636,2.79151
345.694,1.53644,2.79235
346.652,1.53652,2.79318
347.61,1.5366,2.794
348.568,1.53668,2.79483
349.526,1.53675,2.79564
350.485,1.53683,2.79646
351.443,1.53691,2.79727
352.402,1.53698,2.79807
353.362,1.53706,2.79887
354.321,1.53713,2.79967
355.281,1.53721,2.80046
356.241,1.53728,2.80124
357.201,1.53735,2.80203
358.161,1.53743,2.80281
359.122,1.5375,2.80358
360.083,1.53757,2.80435
361.044,1.53764,2.80512
362.005,1.53772,2.80588
362.966,1.53779,2.80664
363.928,1.53786,2.80739
364.89,1.53793,2.80814
365.852,1.538,2.80889
366.814,1.53807,2.80963
367.776,1.53814,2.81037
368.739,1.53821,2.8111
369.702,1.53828,2.81183
370.665,1.53835,2.81256
371.628,1.53841,2.81328
372.592,1.53848,2.814
373.555,1.53855,2.81472
374.519,1.53862,2.81543
375.483,1.53868,2.81614
376.447,1.53875,2.81684
377.411,1.53882,2.81754
378.376,1.53888,2.81824
379.341,1.53895,2.81894
380.306,1.53901,2.81963
381.271,1.53908,2.82031
382.236,1.53914,2.821
383.201,1.53921,2.82168
384.167,1.53927,2.82235
385.133,1.53934,2.82303
386.099,1.5394,2.8237
387.065,1.53946,2.82436
388.031,1.53953,2.82503
388.998,1.53959,2.82569
389.964,1.53965,2.82634
390.931,1.53971,2.827
391.898,1.53978,2.82765
392.865,1.53984,2.82829
393.833,1.5399,2.82894
394.8,1.53996,2.82958
395.768,1.54002,2.83021
396.736,1.54008,2.83085
397.704,1.54014,2.83148
398.672,1.5402,2.83211
399.64,1.54026,2.83273
400.608,1.54032,2.83335
401.577,1.54038,2.83397
402.546,1.54044,2.83459
403.515,1.54049,2.8352
404.484,1.54055,2.83581
405.453,1.54061,2.83642
406.422,1.54067,2.83702
407.392,1.54072,2.83763
408.361,1.54078,2.83822
409.331,1.54084,2.83882
410.301,1.5409,2.83941
411.271,1.54095,2.84
412.241,1.54101,2.84059
413.212,1.54106,2.84118
414.182,1.54112,2.84176
415.153,1.54117,2.84234
416.124,1.54123,2.84291
417.094,1.54128,2.84349
418.066,1.54134,2.84406
419.037,1.54139,2.84463
420.008,1.54145,2.84519
420.979,1.5415,2.84576
421.951,1.54155,2.84632
422.923,1.54161,2.84687
423.895,1.54166,2.84743
424.867,1.54171,2.84798
425.839,1.54177,2.84853
426.811,1.54182,2.84908
427.783,1.54187,2.84963
428.756,1.54192,2.85017
429.728,1.54197,2.85071
430.701,1.54203,2.85125
431.674,1.54208,2.85178
432.647,1.54213,2.85232
433.62,1.54218,2.85285
434.593,1.54223,2.85338
435.567,1.54228,2.8539
436.54,1.54233,2.85443
437.514,1.54238,2.85495
438.488,1.54243,2.85547
439.461,1.54248,2.85598
440.435,1.54253,2.8565
441.409,1.54258,2.85701
442.384,1.54263,2.85752
443.358,1.54267,2.85803
444.332,1.54272,2.85853
445.307,1.54277,2.85904
446.281,1.54282,2.85954
447.256,1.54287,2.86004
448.231,1.54292,2.86053
449.206,1.54296,2.86103
450.181,1.54301,2.86152
451.156,1.54306,2.86201
452.132,1.5431,2.8625
453.107,1.54315,2.86298
454.082,1.5432,2.86347
455.058,1.54324,2.86395
456.034,1.54329,2.86443
457.01,1.54334,2.86491
457.985,1.54338,2.86538
458.962,1.54343,2.86586
459.938,1.54347,2.86633
460.914,1.54352,2.8668
461.89,1.54356,2.86727
462.867,1.54361,2.86773
463.843,1.54365,2.8682
464.82,1.5437,2.86866
465.797,1.54374,2.86912
466.773,1.54378,2.86958
467.75,1.54383,2.87003
468.727,1.54387,2.87049
469.705,1.54392,2.87094
470.682,1.54396,2.87139
471.659,1.544,2.87184
472.636,1.54404,2.87228
473.614,1.54409,2.87273
474.592,1.54413,2.87317
475.569,1.54417,2.87361
476.547,1.54422,2.87405
477.525,1.54426,2.87449
478.503,1.5443,2.87493
479.481,1.54434,2.87536
480.459,1.54438,2.87579
481.437,1.54442,2.87622
482.416,1.54447,2.87665
483.394,1.54451,2.87708
484.373,1.54455,2.8775
485.351,1.54459,2.87793
486.33,1.54463,2.87835
487.309,1.54467,2.87877
488.287,1.54471,2.87919
489.266,1.54475,2.8796
490.245,1.54479,2.88002
491.225,1.54483,2.88043
492.204,1.54487,2.88084
493.183,1.54491,2.88125
494.162,1.54495,2.88166
495.142,1.54499,2.88207
496.121,1.54503,2.88247
497.101,1.54507,2.88288
498.081,1.54511,2.88328
499.06,1.54514,2.88368
500.04,1.54518,2.88408
501.02,1.54522,2.88448
502,1.54526,2.88487
502.98,1.5453,2.88527
503.96,1.54534,2.88566
504.941,1.54537,2.88605
505.921,1.54541,2.88644
506.901,1.54545,2.88683
507.882,1.54549,2.88722
508.862,1.54552,2.8876
509.843,1.54556,2.88799
510.824,1.5456,2.88837
511.804,1.54563,2.88875
512.785,1.54567,2.88913
513.766,1.54571,2.88951
514.747,1.54574,2.88988
515.728,1.54578,2.89026
516.709,1.54582,2.89063
517.691,1.54585,2.891
518.672,1.54589,2.89137
519.653,1.54592,2.89174
520.635,1.54596,2.89211
521.616,1.54599,2.89248
522.598,1.54603,2.89284
523.579,1.54607,2.89321
524.561,1.5461,2.89357
525.543,1.54614,2.89393
526.525,1.54617,2.89429
527.506,1.5462,2.89465
528.488,1.54624,2.89501
529.47,1.54627,2.89536
530.453,1.54631,2.89572
531.435,1.54634,2.89607
532.417,1.54638,2.89642
533.399,1.54641,2.89677
534.382,1.54644,2.89712
535.364,1.54648,2.89747
536.347,1.54651,2.89782
537.329,1.54655,2.89816
538.312,1.54658,2.89851
539.294,1.54661,2.89885
540.277,1.54665,2.89919
541.26,1.54668,2.89953
542.243,1.54671,2.89987
543.226,1.54674,2.90021
544.209,1.54678,2.90054
545.192,1.54681,2.90088
546.175,1.54684,2.90121
547.158,1.54687,2.90155
548.142,1.54691,2.90188
549.125,1.54694,2.90221
550.108,1.54697,2.90254
551.092,1.547,2.90287
552.075,1.54703,2.9032
553.059,1.54707,2.90352
554.042,1.5471,2.90385
555.026,1.54713,2.90417
556.01,1.54716,2.90449
556.993,1.54719,2.90481
557.977,1.54722,2.90513
558.961,1.54725,2.90545
559.945,1.54728,2.90577
560.929,1.54731,2.90609
561.913,1.54735,2.9064
562.897,1.54738,2.90672
563.882,1.54741,2.90703
564.866,1.54744,2.90735
565.85,1.54747,2.90766
566.834,1.5475,2.90797
567.819,1.54753,2.90828
568.803,1.54756,2.90859
569.788,1.54759,2.90889
570.772,1.54762,2.9092
571.757,1.54765,2.9095
572.742,1.54768,2.90981
573.726,1.54771,2.91011
574.711,1.54773,2.91041
575.696,1.54776,2.91071
576.681,1.54779,2.91101
577.666,1.54782,2.91131
578.651,1.54785,2.91161
579.636,1.54788,2.91191
580.621,1.54791,2.9122
581.606,1.54794,2.9125
582.591,1.54797,2.91279
583.576,1.54799,2.91308
584.562,1.54802,2.91338
585.547,1.54805,2.91367
586.532,1.54808,2.91396
587.518,1.54811,2.91425
588.503,1.54814,2.91453
589.489,1.54816,2.91482
590.474,1.54819,2.91511
591.46,1.54822,2.91539
592.446,1.54825,2.91568
593.431,1.54827,2.91596
594.417,1.5483,2.91624
595.403,1.54833,2.91652
596.389,1.54836,2.9168
597.375,1.54838,2.91708
598.361,1.54841,2.91736
599.347,1.54844,2.91764
600.333,1.54847,2.91791
601.319,1.54849,2.91819
602.305,1.54852,2.91847
603.291,1.54855,2.91874
604.278,1.54857,2.91901
605.264,1.5486,2.91928
606.25,1.54863,2.91956
607.237,1.54865,2.91983
608.223,1.54868,2.9201
609.209,1.5487,2.92036
610.196,1.54873,2.92063
611.182,1.54876,2.9209
612.169,1.54878,2.92117
613.156,1.54881,2.92143
614.142,1.54883,2.92169
615.129,1.54886,2.92196
616.116,1.54888,2.92222
617.103,1.54891,2.92248
618.089,1.54894,2.92274
619.076,1.54896,2.923
620.063,1.54899,2.92326
621.05,1.54901,2.92352
622.037,1.54904,2.92378
623.024,1.54906,2.92404
624.011,1.54909,2.92429
624.999,1.54911,2.92455
625.986,1.54914,2.9248
626.973,1.54916,2.92506
627.96,1.54919,2.92531
628.948,1.54921,2.92556
629.935,1.54924,2.92581
630.922,1.54926,2.92606
631.91,1.54928,2.92631
632.897,1.54931,2.92656
633.885,1.54933,2.92681
634.872,1.54936,2.92706
635.86,1.54938,2.9273
636.847,1.5494,2.92755
637.835,1.54943,2.92779
638.823,1.54945,2.92804
639.81,1.54948,2.92828
640.798,1.5495,2.92852
641.786,1.54952,2.92877
642.774,1.54955,2.92901
643.762,1.54957,2.92925
644.75,1.54959,2.92949
645.738,1.54962,2.92973
646.726,1.54964,2.92997
647.714,1.54966,2.9302
648.702,1.54969,2.93044
649.69,1.54971,2.93068
650.678,1.54973,2.93091
651.666,1.54976,2.93115
652.654,1.54978,2.93138
653.643,1.5498,2.93161
654.631,1.54982,2.93185
655.619,1.54985,2.93208
656.608,1.54987,2.93231
657.596,1.54989,2.93254
658.584,1.54991,2.93277
659.573,1.54994,2.933
660.561,1.54996,2.93323
661.55,1.54998,2.93346
662.538,1.55,2.93368
663.527,1.55003,2.93391
664.516,1.55005,2.93413
665.504,1.55007,2.93436
666.493,1.55009,2.93458
667.482,1.55011,2.93481
668.471,1.55014,2.93503
669.459,1.55016,2.93525
670.448,1.55018,2.93548
671.437,1.5502,2.9357
672.426,1.55022,2.93592
673.415,1.55024,2.93614
674.404,1.55027,2.93636
675.393,1.55029,2.93657
676.382,1.55031,2.93679
677.371,1.55033,2.93701
678.36,1.55035,2.93723
679.349,1.55037,2.93744
680.338,1.55039,2.93766
681.327,1.55041,2.93787
682.317,1.55043,2.93809
683.306,1.55046,2.9383
684.295,1.55048,2.93851
685.284,1.5505,2.93873
686.274,1.55052,2.93894
687.263,1.55054,2.93915
688.253,1.55056,2.93936
689.242,1.55058,2.93957
690.232,1.5506,2.93978
691.221,1.55062,2.93999
692.211,1.55064,2.94019
693.2,1.55066,2.9404
694.19,1.55068,2.94061
695.179,1.5507,2.94081
696.169,1.55072,2.94102
697.159,1.55074,2.94123
698.148,1.55076,2.94143
699.138,1.55078,2.94163
700.128,1.5508,2.94184
701.118,1.55082,2.94204
702.107,1.55084,2.94224
703.097,1.55086,2.94244
704.087,1.55088,2.94264
705.077,1.5509,2.94285
706.067,1.55092,2.94305
707.057,1.55094,2.94324
708.047,1.55096,2.94344
709.037,1.55098,2.94364
710.027,1.551,2.94384
711.017,1.55102,2.94404
712.007,1.55104,2.94423
712.997,1.55106,2.94443
713.987,1.55108,2.94462
714.978,1.55109,2.94482
715.968,1.55111,2.94501
716.958,1.55113,2.94521
717.948,1.55115,2.9454
718.939,1.55117,2.94559
719.929,1.55119,2.94579
720.919,1.55121,2.94598
721.91,1.55123,2.94617
722.9,1.55125,2.94636
723.891,1.55126,2.94655
724.881,1.55128,2.94674
725.871,1.5513,2.94693
726.862,1.55132,2.94712
727.853,1.55134,2.94731
728.843,1.55136,2.94749
729.834,1.55137,2.94768
730.824,1.55139,2.94787
731.815,1.55141,2.94805
732.806,1.55143,2.94824
733.796,1.55145,2.94842
734.787,1.55147,2.94861
735.778,1.55148,2.94879
736.768,1.5515,2.94898
737.759,1.55152,2.94916
738.75,1.55154,2.94934
739.741,1.55156,2.94952
740.732,1.55157,2.94971
741.723,1.55159,2.94989
742.714,1.55161,2.95007
743.704,1.55163,2.95025
744.695,1.55164,2.95043
745.686,1.55166,2.95061
746.677,1.55168,2.95079
747.668,1.5517,2.95096
748.659,1.55171,2.95114
749.651,1.55173,2.95132
750.642,1.55175,2.9515
751.633,1.55177,2.95167
752.624,1.55178,2.95185
753.615,1.5518,2.95202
754.606,1.55182,2.9522
755.598,1.55184,2.95237
756.589,1.55185,2.95255
757.58,1.55187,2.95272
758.571,1.55189,2.9529
759.563,1.5519,2.95307
760.554,1.55192,2.95324
761.545,1.55194,2.95341
762.537,1.55195,2.95358
763.528,1.55197,2.95375
764.519,1.55199,2.95392
765.511,1.552,2.9541
766.502,1.55202,2.95426
767.494,1.55204,2.95443
768.485,1.55205,2.9546
769.477,1.55207,2.95477
770.468,1.55209,2.95494
771.46,1.5521,2.95511
772.452,1.55212,2.95527
773.443,1.55214,2.95544
774.435,1.55215,2.95561
775.427,1.55217,2.95577
776.418,1.55219,2.95594
777.41,1.5522,2.9561
778.402,1.55222,2.95627
779.393,1.55223,2.95643
780.385,1.55225,2.95659
781.377,1.55227,2.95676
782.369,1.55228,2.95692
783.361,1.5523,2.95708
784.352,1.55231,2.95724
785.344,1.55233,2.95741
786.336,1.55235,2.95757
787.328,1.55236,2.95773
788.32,1.55238,2.95789
789.312,1.55239,2.95805
790.304,1.55241,2.95821
791.296,1.55242,2.95837
792.288,1.55244,2.95853
793.28,1.55245,2.95868
794.272,1.55247,2.95884
795.264,1.55249,2.959
796.256,1.5525,2.95916
797.248,1.55252,2.95931
798.241,1.55253,2.95947
799.233,1.55255,2.95963
800.225,1.55256,2.95978
801.217,1.55258,2.95994
802.209,1.55259,2.96009
803.201,1.55261,2.96025
804.194,1.55262,2.9604
805.186,1.55264,2.96055
806.178,1.55265,2.96071
807.171,1.55267,2.96086
808.163,1.55268,2.96101
809.155,1.5527,2.96117
810.148,1.55271,2.96132
811.14,1.55273,2.96147
812.132,1.55274,2.96162
813.125,1.55276,2.96177
814.117,1.55277,2.96192
815.11,1.55279,2.96207
816.102,1.5528,2.96222
817.095,1.55282,2.96237
818.087,1.55283,2.96252
819.08,1.55285,2.96267
820.072,1.55286,2.96282
821.065,1.55288,2.96296
822.057,1.55289,2.96311
823.05,1.5529,2.96326
824.043,1.55292,2.9634
825.035,1.55293,2.96355
826.028,1.55295,2.9637
827.021,1.55296,2.96384
828.013,1.55298,2.96399
829.006,1.55299,2.96413
829.999,1.553,2.96428
830.991,1.55302,2.96442
831.984,1.55303,2.96457
832.977,1.55305,2.96471
833.97,1.55306,2.96485
834.963,1.55308,2.965
835.955,1.55309,2.96514
836.948,1.5531,2.96528
837.941,1.55312,2.96542
838.934,1.55313,2.96556
839.927,1.55315,2.96571
840.92,1.55316,2.96585
841.913,1.55317,2.96599
842.906,1.55319,2.96613
843.899,1.5532,2.96627
844.892,1.55321,2.96641
845.885,1.55323,2.96655
846.878,1.55324,2.96668
847.871,1.55326,2.96682
848.864,1.55327,2.96696
849.857,1.55328,2.9671
850.85,1.5533,2.96724
851.843,1.55331,2.96737
852.836,1.55332,2.96751
853.829,1.55334,2.96765
854.822,1.55335,2.96778
855.815,1.55336,2.96792
856.809,1.55338,2.96806
857.802,1.55339,2.96819
858.795,1.5534,2.96833
859.788,1.55342,2.96846
860.782,1.55343,2.9686
861.775,1.55344,2.96873
862.768,1.55346,2.96886
863.761,1.55347,2.969
864.755,1.55348,2.96913
865.748,1.5535,2.96926
866.741,1.55351,2.9694
867.735,1.55352,2.96953
868.728,1.55353,2.96966
869.721,1.55355,2.96979
870.715,1.55356,2.96992
871.708,1.55357,2.97006
872.702,1.55359,2.97019
873.695,1.5536,2.97032
874.688,1.55361,2.97045
875.682,1.55362,2.97058
876.675,1.55364,2.97071
877.669,1.55365,2.97084
878.662,1.55366,2.97097
879.656,1.55368,2.97109
880.649,1.55369,2.97122
881.643,1.5537,2.97135
882.637,1.55371,2.97148
883.63,1.55373,2.97161
884.624,1.55374,2.97173
885.617,1.55375,2.97186
886.611,1.55376,2.97199
887.605,1.55378,2.97211
888.598,1.55379,2.97224
889.592,1.5538,2.97237
890.586,1.55381,2.97249
891.579,1.55383,2.97262
892.573,1.55384,2.97274
893.567,1.55385,2.97287
894.561,1.55386,2.97299
895.554,1.55387,2.97312
896.548,1.55389,2.97324
897.542,1.5539,2.97336
898.536,1.55391,2.97349
899.529,1.55392,2.97361
900.523,1.55394,2.97373
901.517,1.55395,2.97385
902.511,1.55396,2.97398
903.505,1.55397,2.9741
904.499,1.55398,2.97422
905.493,1.554,2.97434
906.486,1.55401,2.97446
907.48,1.55402,2.97458
908.474,1.55403,2.97471
909.468,1.55404,2.97483
910.462,1.55406,2.97495
911.456,1.55407,2.97507
912.45,1.55408,2.97519
913.444,1.55409,2.97531
914.438,1.5541,2.97542
915.432,1.55411,2.97554
916.426,1.55413,2.97566
917.42,1.55414,2.97578
918.414,1.55415,2.9759
919.408,1.55416,2.97602
920.403,1.55417,2.97613
921.397,1.55418,2.97625
922.391,1.5542,2.97637
923.385,1.55421,2.97649
924.379,1.55422,2.9766
925.373,1.55423,2.97672
926.367,1.55424,2.97683
927.362,1.55425,2.97695
928.356,1.55426,2.97707
929.35,1.55428,2.97718
930.344,1.55429,2.9773
931.338,1.5543,2.97741
932.333,1.55431,2.97753
933.327,1.55432,2.97764
934.321,1.55433,2.97775
935.315,1.55434,2.97787
936.31,1.55435,2.97798
937.304,1.55437,2.9781
938.298,1.55438,2.97821
939.293,1.55439,2.97832
940.287,1.5544,2.97843
941.281,1.55441,2.97855
942.276,1.55442,2.97866
943.27,1.55443,2.97877
944.264,1.55444,2.97888
945.259,1.55445,2.97899
946.253,1.55447,2.97911
947.248,1.55448,2.97922
948.242,1.55449,2.97933
949.236,1.5545,2.97944
950.231,1.55451,2.97955
951.225,1.55452,2.97966
952.22,1.55453,2.97977
953.214,1.55454,2.97988
954.209,1.55455,2.97999
955.203,1.55456,2.9801
956.198,1.55457,2.98021
957.192,1.55458,2.98031
958.187,1.5546,2.98042
959.182,1.55461,2.98053
960.176,1.55462,2.98064
961.171,1.55463,2.98075
962.165,1.55464,2.98085
963.16,1.55465,2.98096
964.154,1.55466,2.98107
965.149,1.55467,2.98118
966.144,1.55468,2.98128
967.138,1.55469,2.98139
968.133,1.5547,2.9815
969.128,1.55471,2.9816
970.122,1.55472,2.98171
971.117,1.55473,2.98181
972.112,1.55474,2.98192
973.106,1.55475,2.98202
974.101,1.55476,2.98213
975.096,1.55477,2.98223
976.091,1.55478,2.98234
977.085,1.55479,2.98244
978.08,1.5548,2.98255
979.075,1.55482,2.98265
980.07,1.55483,2.98275
981.065,1.55484,2.98286
982.059,1.55485,2.98296
983.054,1.55486,2.98306
984.049,1.55487,2.98317
985.044,1.55488,2.98327
986.039,1.55489,2.98337
987.034,1.5549,2.98347
988.028,1.55491,2.98358
989.023,1.55492,2.98368
990.018,1.55493,2.98378
991.013,1.55494,2.98388
992.008,1.55495,2.98398
993.003,1.55496,2.98408
993.998,1.55497,2.98418
994.993,1.55498,2.98428
995.988,1.55499,2.98439
996.983,1.555,2.98449
997.978,1.55501,2.98459
998.973,1.55502,2.98469
999.968,1.55503,2.98478
1000.96,1.55504,2.98488
1001.96,1.55505,2.98498
1002.95,1.55506,2.98508
1003.95,1.55507,2.98518
1004.94,1.55507,2.98528
1005.94,1.55508,2.98538
1006.93,1.55509,2.98548
1007.93,1.5551,2.98557
