999.01,1.57079,0.00167039
998.015,1.57078,0.00177019
997.02,1.57077,0.00187019
996.025,1.57076,0.00197038
995.03,1.57075,0.00207078
994.035,1.57074,0.00217138
993.04,1.57073,0.00227218
992.046,1.57072,0.00237318
991.051,1.57071,0.00247438
990.056,1.5707,0.00257579
989.061,1.57069,0.0026774
988.066,1.57068,0.00277922
987.071,1.57067,0.00288124
986.076,1.57066,0.00298347
985.081,1.57064,0.0030859
984.087,1.57063,0.00318854
983.092,1.57062,0.00329139
982.097,1.57061,0.00339445
981.102,1.5706,0.00349771
980.107,1.57059,0.00360119
979.113,1.57058,0.00370488
978.118,1.57057,0.00380877
977.123,1.57056,0.00391288
976.128,1.57055,0.0040172
975.133,1.57054,0.00412173
974.139,1.57053,0.00422648
973.144,1.57052,0.00433144
972.149,1.57051,0.00443662
971.155,1.5705,0.00454201
970.16,1.57049,0.00464762
969.165,1.57048,0.00475344
968.171,1.57047,0.00485948
967.176,1.57046,0.00496574
966.181,1.57045,0.00507222
965.187,1.57044,0.00517892
964.192,1.57042,0.00528584
963.197,1.57041,0.00539297
962.203,1.5704,0.00550033
961.208,1.57039,0.00560792
960.214,1.57038,0.00571572
959.219,1.57037,0.00582375
958.224,1.57036,0.005932
957.23,1.57035,0.00604048
956.235,1.57034,0.00614919
955.241,1.57033,0.00625812
954.246,1.57032,0.00636727
953.252,1.57031,0.00647666
952.257,1.57029,0.00658627
951.263,1.57028,0.00669611
950.268,1.57027,0.00680619
949.274,1.57026,0.00691649
948.28,1.57025,0.00702702
947.285,1.57024,0.00713779
946.291,1.57023,0.00724879
945.296,1.57022,0.00736002
944.302,1.57021,0.00747149
943.308,1.5702,0.00758319
942.313,1.57018,0.00769513
941.319,1.57017,0.0078073
940.324,1.57016,0.00791971
939.33,1.57015,0.00803236
938.336,1.57014,0.00814525
937.341,1.57013,0.00825838
936.347,1.57012,0.00837175
935.353,1.5701,0.00848536
934.359,1.57009,0.00859921
933.364,1.57008,0.0087133
932.37,1.57007,0.00882764
931.376,1.57006,0.00894222
930.382,1.57005,0.00905704
929.387,1.57004,0.00917212
928.393,1.57002,0.00928743
927.399,1.57001,0.009403
926.405,1.57,0.00951881
925.411,1.56999,0.00963487
924.417,1.56998,0.00975119
923.422,1.56997,0.00986775
922.428,1.56995,0.00998456
921.434,1.56994,0.0101016
920.44,1.56993,0.0102189
919.446,1.56992,0.0103365
918.452,1.56991,0.0104543
917.458,1.5699,0.0105724
916.464,1.56988,0.0106908
915.47,1.56987,0.0108094
914.476,1.56986,0.0109282
913.482,1.56985,0.0110473
912.488,1.56984,0.0111667
911.494,1.56982,0.0112863
910.5,1.56981,0.0114062
909.506,1.5698,0.0115264
908.512,1.56979,0.0116468
907.518,1.56978,0.0117675
906.524,1.56976,0.0118884
905.53,1.56975,0.0120096
904.536,1.56974,0.0121311
903.542,1.56973,0.0122528
902.548,1.56972,0.0123749
901.555,1.5697,0.0124971
900.561,1.56969,0.0126197
899.567,1.56968,0.0127425
898.573,1.56967,0.0128656
897.579,1.56965,0.012989
896.586,1.56964,0.0131126
895.592,1.56963,0.0132365
894.598,1.56962,0.0133607
893.604,1.5696,0.0134852
892.611,1.56959,0.0136099
891.617,1.56958,0.013735
890.623,1.56957,0.0138603
889.629,1.56955,0.0139858
888.636,1.56954,0.0141117
887.642,1.56953,0.0142378
886.649,1.56952,0.0143643
885.655,1.5695,0.014491
884.661,1.56949,0.014618
883.668,1.56948,0.0147452
882.674,1.56947,0.0148728
881.681,1.56945,0.0150007
880.687,1.56944,0.0151288
879.693,1.56943,0.0152572
878.7,1.56941,0.015386
877.706,1.5694,0.015515
876.713,1.56939,0.0156443
875.719,1.56938,0.0157739
874.726,1.56936,0.0159038
873.733,1.56935,0.016034
872.739,1.56934,0.0161644
871.746,1.56932,0.0162952
870.752,1.56931,0.0164263
869.759,1.5693,0.0165577
868.765,1.56928,0.0166894
867.772,1.56927,0.0168214
866.779,1.56926,0.0169536
865.785,1.56924,0.0170862
864.792,1.56923,0.0172191
863.799,1.56922,0.0173523
862.806,1.5692,0.0174858
861.812,1.56919,0.0176196
860.819,1.56918,0.0177538
859.826,1.56916,0.0178882
858.833,1.56915,0.0180229
857.839,1.56914,0.018158
856.846,1.56912,0.0182934
855.853,1.56911,0.018429
854.86,1.5691,0.018565
853.867,1.56908,0.0187014
852.874,1.56907,0.018838
851.88,1.56906,0.0189749
850.887,1.56904,0.0191122
849.894,1.56903,0.0192498
848.901,1.56901,0.0193877
847.908,1.569,0.0195259
846.915,1.56899,0.0196645
845.922,1.56897,0.0198034
844.929,1.56896,0.0199426
843.936,1.56895,0.0200821
842.943,1.56893,0.020222
841.95,1.56892,0.0203622
840.957,1.5689,0.0205027
839.964,1.56889,0.0206436
838.971,1.56888,0.0207848
837.979,1.56886,0.0209263
836.986,1.56885,0.0210682
835.993,1.56883,0.0212104
835,1.56882,0.0213529
834.007,1.5688,0.0214958
833.014,1.56879,0.021639
832.022,1.56878,0.0217826
831.029,1.56876,0.0219265
830.036,1.56875,0.0220707
829.043,1.56873,0.0222153
828.051,1.56872,0.0223603
827.058,1.5687,0.0225055
826.065,1.56869,0.0226512
825.073,1.56867,0.0227972
824.08,1.56866,0.0229435
823.087,1.56864,0.0230902
822.095,1.56863,0.0232373
821.102,1.56862,0.0233847
820.11,1.5686,0.0235324
819.117,1.56859,0.0236805
818.125,1.56857,0.023829
817.132,1.56856,0.0239778
816.14,1.56854,0.024127
815.147,1.56853,0.0242766
814.155,1.56851,0.0244265
813.162,1.5685,0.0245768
812.17,1.56848,0.0247275
811.177,1.56847,0.0248785
810.185,1.56845,0.0250299
809.193,1.56844,0.0251817
808.2,1.56842,0.0253338
807.208,1.5684,0.0254864
806.216,1.56839,0.0256392
805.223,1.56837,0.0257925
804.231,1.56836,0.0259462
803.239,1.56834,0.0261002
802.247,1.56833,0.0262546
801.254,1.56831,0.0264094
800.262,1.5683,0.0265646
799.27,1.56828,0.0267201
798.278,1.56827,0.0268761
797.286,1.56825,0.0270324
796.294,1.56823,0.0271891
795.302,1.56822,0.0273463
794.31,1.5682,0.0275038
793.317,1.56819,0.0276617
792.325,1.56817,0.02782
791.333,1.56816,0.0279787
790.341,1.56814,0.0281377
789.349,1.56812,0.0282972
788.358,1.56811,0.0284571
787.366,1.56809,0.0286174
786.374,1.56808,0.0287781
785.382,1.56806,0.0289392
784.39,1.56804,0.0291008
783.398,1.56803,0.0292627
782.406,1.56801,0.029425
781.414,1.56799,0.0295878
780.423,1.56798,0.0297509
779.431,1.56796,0.0299145
778.439,1.56795,0.0300785
777.447,1.56793,0.0302429
776.456,1.56791,0.0304077
775.464,1.5679,0.030573
774.472,1.56788,0.0307386
773.481,1.56786,0.0309047
772.489,1.56785,0.0310713
771.497,1.56783,0.0312382
770.506,1.56781,0.0314056
769.514,1.5678,0.0315734
768.523,1.56778,0.0317417
767.531,1.56776,0.0319104
766.54,1.56775,0.0320795
765.548,1.56773,0.032249
764.557,1.56771,0.032419
763.565,1.56769,0.0325895
762.574,1.56768,0.0327604
761.583,1.56766,0.0329317
760.591,1.56764,0.0331035
759.6,1.56763,0.0332757
758.609,1.56761,0.0334484
757.617,1.56759,0.0336215
756.626,1.56757,0.0337951
755.635,1.56756,0.0339691
754.644,1.56754,0.0341436
753.653,1.56752,0.0343185
752.661,1.5675,0.0344939
751.67,1.56749,0.0346698
750.679,1.56747,0.0348461
749.688,1.56745,0.0350229
748.697,1.56743,0.0352002
747.706,1.56742,0.035378
746.715,1.5674,0.0355562
745.724,1.56738,0.0357349
744.733,1.56736,0.035914
743.742,1.56734,0.0360937
742.751,1.56733,0.0362738
741.76,1.56731,0.0364544
740.769,1.56729,0.0366355
739.778,1.56727,0.036817
738.787,1.56725,0.0369991
737.797,1.56724,0.0371816
736.806,1.56722,0.0373647
735.815,1.5672,0.0375482
734.824,1.56718,0.0377322
733.834,1.56716,0.0379167
732.843,1.56714,0.0381018
731.852,1.56713,0.0382873
730.862,1.56711,0.0384733
729.871,1.56709,0.0386598
728.88,1.56707,0.0388469
727.89,1.56705,0.0390344
726.899,1.56703,0.0392225
725.909,1.56701,0.039411
724.918,1.56699,0.0396001
723.928,1.56698,0.0397897
722.938,1.56696,0.0399798
721.947,1.56694,0.0401705
720.957,1.56692,0.0403617
719.966,1.5669,0.0405533
718.976,1.56688,0.0407456
717.986,1.56686,0.0409383
716.996,1.56684,0.0411316
716.005,1.56682,0.0413254
715.015,1.5668,0.0415198
714.025,1.56678,0.0417147
713.035,1.56676,0.0419101
712.045,1.56674,0.0421061
711.054,1.56672,0.0423026
710.064,1.5667,0.0424997
709.074,1.56668,0.0426973
708.084,1.56667,0.0428955
707.094,1.56665,0.0430942
706.104,1.56663,0.0432935
705.114,1.56661,0.0434933
704.125,1.56659,0.0436937
703.135,1.56657,0.0438947
702.145,1.56655,0.0440963
701.155,1.56652,0.0442984
700.165,1.5665,0.0445011
699.175,1.56648,0.0447043
698.186,1.56646,0.0449081
697.196,1.56644,0.0451125
696.206,1.56642,0.0453175
695.217,1.5664,0.0455231
694.227,1.56638,0.0457293
693.237,1.56636,0.045936
692.248,1.56634,0.0461434
691.258,1.56632,0.0463513
690.269,1.5663,0.0465598
689.279,1.56628,0.046769
688.29,1.56626,0.0469787
687.301,1.56624,0.047189
686.311,1.56621,0.0474
685.322,1.56619,0.0476115
684.333,1.56617,0.0478237
683.343,1.56615,0.0480364
682.354,1.56613,0.0482498
681.365,1.56611,0.0484638
680.376,1.56609,0.0486785
679.386,1.56607,0.0488937
678.397,1.56604,0.0491096
677.408,1.56602,0.0493261
676.419,1.566,0.0495433
675.43,1.56598,0.0497611
674.441,1.56596,0.0499795
673.452,1.56594,0.0501986
672.463,1.56591,0.0504183
671.474,1.56589,0.0506386
670.485,1.56587,0.0508597
669.497,1.56585,0.0510813
668.508,1.56583,0.0513036
667.519,1.5658,0.0515266
666.53,1.56578,0.0517502
665.542,1.56576,0.0519745
664.553,1.56574,0.0521995
663.564,1.56571,0.0524252
662.576,1.56569,0.0526515
661.587,1.56567,0.0528785
660.599,1.56565,0.0531061
659.61,1.56562,0.0533345
658.622,1.5656,0.0535635
657.633,1.56558,0.0537932
656.645,1.56555,0.0540237
655.656,1.56553,0.0542548
654.668,1.56551,0.0544866
653.68,1.56548,0.0547191
652.692,1.56546,0.0549523
651.703,1.56544,0.0551862
650.715,1.56541,0.0554209
649.727,1.56539,0.0556562
648.739,1.56537,0.0558923
647.751,1.56534,0.0561291
646.763,1.56532,0.0563666
645.775,1.5653,0.0566048
644.787,1.56527,0.0568438
643.799,1.56525,0.0570835
642.811,1.56522,0.0573239
641.823,1.5652,0.0575651
640.835,1.56518,0.057807
639.848,1.56515,0.0580496
638.86,1.56513,0.0582931
637.872,1.5651,0.0585372
636.885,1.56508,0.0587822
635.897,1.56505,0.0590278
634.909,1.56503,0.0592743
633.922,1.565,0.0595215
632.934,1.56498,0.0597695
631.947,1.56495,0.0600183
630.96,1.56493,0.0602678
629.972,1.5649,0.0605181
628.985,1.56488,0.0607693
627.997,1.56485,0.0610212
627.01,1.56483,0.0612739
626.023,1.5648,0.0615274
625.036,1.56478,0.0617816
624.049,1.56475,0.0620367
623.062,1.56473,0.0622927
622.075,1.5647,0.0625494
621.088,1.56468,0.0628069
620.101,1.56465,0.0630653
619.114,1.56462,0.0633244
618.127,1.5646,0.0635844
617.14,1.56457,0.0638453
616.153,1.56455,0.064107
615.166,1.56452,0.0643695
614.18,1.56449,0.0646328
613.193,1.56447,0.064897
612.206,1.56444,0.0651621
611.22,1.56441,0.065428
610.233,1.56439,0.0656948
609.247,1.56436,0.0659624
608.26,1.56433,0.0662309
607.274,1.56431,0.0665003
606.287,1.56428,0.0667705
605.301,1.56425,0.0670417
604.315,1.56423,0.0673137
603.328,1.5642,0.0675866
602.342,1.56417,0.0678604
601.356,1.56414,0.0681351
600.37,1.56412,0.0684107
599.384,1.56409,0.0686872
598.398,1.56406,0.0689646
597.412,1.56403,0.069243
596.426,1.56401,0.0695222
595.44,1.56398,0.0698024
594.454,1.56395,0.0700835
593.469,1.56392,0.0703656
592.483,1.56389,0.0706485
591.497,1.56387,0.0709325
590.512,1.56384,0.0712173
589.526,1.56381,0.0715032
588.54,1.56378,0.07179
587.555,1.56375,0.0720777
586.57,1.56372,0.0723664
585.584,1.56369,0.0726561
584.599,1.56366,0.0729468
583.614,1.56364,0.0732384
582.628,1.56361,0.073531
581.643,1.56358,0.0738247
580.658,1.56355,0.0741193
579.673,1.56352,0.0744149
578.688,1.56349,0.0747115
577.703,1.56346,0.0750092
576.718,1.56343,0.0753078
575.733,1.5634,0.0756075
574.748,1.56337,0.0759082
573.763,1.56334,0.0762099
572.779,1.56331,0.0765127
571.794,1.56328,0.0768165
570.809,1.56325,0.0771214
569.825,1.56322,0.0774273
568.84,1.56319,0.0777343
567.856,1.56316,0.0780423
566.871,1.56313,0.0783514
565.887,1.56309,0.0786616
564.903,1.56306,0.0789729
563.919,1.56303,0.0792852
562.934,1.563,0.0795987
561.95,1.56297,0.0799132
560.966,1.56294,0.0802289
559.982,1.56291,0.0805456
558.998,1.56288,0.0808635
558.014,1.56284,0.0811825
557.031,1.56281,0.0815026
556.047,1.56278,0.0818239
555.063,1.56275,0.0821463
554.079,1.56272,0.0824698
553.096,1.56268,0.0827945
552.112,1.56265,0.0831204
551.129,1.56262,0.0834474
550.145,1.56259,0.0837755
549.162,1.56255,0.0841049
548.179,1.56252,0.0844354
547.195,1.56249,0.0847672
546.212,1.56245,0.0851001
545.229,1.56242,0.0854342
544.246,1.56239,0.0857695
543.263,1.56235,0.0861061
542.28,1.56232,0.0864438
541.297,1.56229,0.0867828
540.314,1.56225,0.087123
539.331,1.56222,0.0874645
538.349,1.56218,0.0878072
537.366,1.56215,0.0881512
536.384,1.56211,0.0884964
535.401,1.56208,0.0888429
534.419,1.56205,0.0891906
533.436,1.56201,0.0895397
532.454,1.56198,0.08989
531.472,1.56194,0.0902416
530.49,1.56191,0.0905946
529.507,1.56187,0.0909488
528.525,1.56184,0.0913044
527.543,1.5618,0.0916612
526.562,1.56176,0.0920195
525.58,1.56173,0.092379
524.598,1.56169,0.0927399
523.616,1.56166,0.0931021
522.635,1.56162,0.0934658
521.653,1.56158,0.0938307
520.672,1.56155,0.0941971
519.69,1.56151,0.0945648
518.709,1.56147,0.094934
517.727,1.56144,0.0953045
516.746,1.5614,0.0956764
515.765,1.56136,0.0960498
514.784,1.56133,0.0964246
513.803,1.56129,0.0968008
512.822,1.56125,0.0971784
511.841,1.56121,0.0975575
510.861,1.56117,0.0979381
509.88,1.56114,0.0983201
508.899,1.5611,0.0987036
507.919,1.56106,0.0990885
506.938,1.56102,0.099475
505.958,1.56098,0.0998629
504.977,1.56094,0.100252
503.997,1.56091,0.100643
503.017,1.56087,0.101036
502.037,1.56083,0.10143
501.057,1.56079,0.101825
500.077,1.56075,0.102223
499.097,1.56071,0.102621
498.117,1.56067,0.103022
497.138,1.56063,0.103423
496.158,1.56059,0.103827
495.179,1.56055,0.104232
494.199,1.56051,0.104638
493.22,1.56047,0.105047
492.241,1.56043,0.105457
491.261,1.56039,0.105868
490.282,1.56034,0.106281
489.303,1.5603,0.106696
488.324,1.56026,0.107112
487.345,1.56022,0.107531
486.367,1.56018,0.10795
485.388,1.56014,0.108372
484.409,1.56009,0.108795
483.431,1.56005,0.10922
482.452,1.56001,0.109647
481.474,1.55997,0.110075
480.496,1.55992,0.110505
479.518,1.55988,0.110937
478.54,1.55984,0.111371
477.562,1.5598,0.111806
476.584,1.55975,0.112243
475.606,1.55971,0.112682
474.628,1.55966,0.113123
473.651,1.55962,0.113566
472.673,1.55958,0.11401
471.696,1.55953,0.114457
470.718,1.55949,0.114905
469.741,1.55944,0.115355
468.764,1.5594,0.115807
467.787,1.55935,0.11626
466.81,1.55931,0.116716
465.833,1.55926,0.117174
464.857,1.55922,0.117633
463.88,1.55917,0.118095
462.903,1.55912,0.118558
461.927,1.55908,0.119024
460.951,1.55903,0.119491
459.974,1.55899,0.11996
458.998,1.55894,0.120432
458.022,1.55889,0.120905
457.046,1.55884,0.12138
456.07,1.5588,0.121858
455.095,1.55875,0.122337
454.119,1.5587,0.122819
453.144,1.55865,0.123302
452.168,1.55861,0.123788
451.193,1.55856,0.124276
450.218,1.55851,0.124765
449.243,1.55846,0.125257
448.268,1.55841,0.125752
447.293,1.55836,0.126248
446.318,1.55831,0.126746
445.343,1.55826,0.127247
444.369,1.55821,0.12775
443.394,1.55816,0.128255
442.42,1.55811,0.128762
441.446,1.55806,0.129272
440.472,1.55801,0.129783
439.498,1.55796,0.130298
438.524,1.55791,0.130814
437.55,1.55786,0.131332
436.577,1.55781,0.131853
435.603,1.55775,0.132377
434.63,1.5577,0.132902
433.657,1.55765,0.13343
432.683,1.5576,0.133961
431.71,1.55754,0.134493
430.738,1.55749,0.135029
429.765,1.55744,0.135566
428.792,1.55738,0.136106
427.82,1.55733,0.136649
426.847,1.55728,0.137194
425.875,1.55722,0.137741
424.903,1.55717,0.138291
423.931,1.55711,0.138843
422.959,1.55706,0.139398
421.987,1.557,0.139956
421.016,1.55695,0.140516
420.044,1.55689,0.141079
419.073,1.55684,0.141644
418.102,1.55678,0.142212
417.131,1.55672,0.142783
416.16,1.55667,0.143356
415.189,1.55661,0.143932
414.219,1.55655,0.14451
413.248,1.55649,0.145092
412.278,1.55644,0.145676
411.307,1.55638,0.146263
410.337,1.55632,0.146852
409.367,1.55626,0.147445
408.398,1.5562,0.14804
407.428,1.55614,0.148638
406.458,1.55608,0.149239
405.489,1.55602,0.149843
404.52,1.55596,0.15045
403.551,1.5559,0.151059
402.582,1.55584,0.151672
401.613,1.55578,0.152287
400.645,1.55572,0.152906
399.676,1.55566,0.153527
398.708,1.5556,0.154152
397.74,1.55554,0.154779
396.772,1.55547,0.15541
395.804,1.55541,0.156044
394.836,1.55535,0.15668
393.869,1.55528,0.15732
392.902,1.55522,0.157963
391.934,1.55516,0.15861
390.967,1.55509,0.159259
390.001,1.55503,0.159912
389.034,1.55496,0.160568
388.067,1.5549,0.161227
387.101,1.55483,0.161889
386.135,1.55477,0.162555
385.169,1.5547,0.163224
384.203,1.55464,0.163897
383.237,1.55457,0.164573
382.272,1.5545,0.165252
381.307,1.55443,0.165935
380.342,1.55437,0.166621
379.377,1.5543,0.167311
378.412,1.55423,0.168004
377.447,1.55416,0.168701
376.483,1.55409,0.169401
375.519,1.55402,0.170105
374.555,1.55395,0.170813
373.591,1.55388,0.171524
372.627,1.55381,0.172239
371.664,1.55374,0.172957
370.701,1.55367,0.17368
369.738,1.5536,0.174406
368.775,1.55353,0.175136
367.812,1.55346,0.17587
366.85,1.55338,0.176607
365.888,1.55331,0.177349
364.926,1.55324,0.178094
363.964,1.55316,0.178843
363.002,1.55309,0.179597
362.041,1.55301,0.180354
361.079,1.55294,0.181115
360.118,1.55286,0.181881
359.158,1.55279,0.18265
358.197,1.55271,0.183424
357.237,1.55264,0.184202
356.276,1.55256,0.184984
355.317,1.55248,0.18577
354.357,1.5524,0.18656
353.397,1.55233,0.187355
352.438,1.55225,0.188154
351.479,1.55217,0.188958
350.52,1.55209,0.189765
349.562,1.55201,0.190578
348.603,1.55193,0.191394
347.645,1.55185,0.192216
346.687,1.55177,0.193041
345.73,1.55169,0.193872
344.772,1.5516,0.194707
343.815,1.55152,0.195547
342.858,1.55144,0.196391
341.902,1.55136,0.19724
340.945,1.55127,0.198094
339.989,1.55119,0.198952
339.033,1.5511,0.199816
338.077,1.55102,0.200684
337.122,1.55093,0.201558
336.167,1.55085,0.202436
335.212,1.55076,0.203319
334.257,1.55067,0.204207
333.303,1.55059,0.205101
332.349,1.5505,0.205999
331.395,1.55041,0.206903
330.442,1.55032,0.207812
329.488,1.55023,0.208726
328.535,1.55014,0.209646
327.583,1.55005,0.21057
326.63,1.54996,0.211501
325.678,1.54987,0.212436
324.726,1.54978,0.213378
323.775,1.54968,0.214324
322.823,1.54959,0.215277
321.872,1.5495,0.216235
320.922,1.5494,0.217198
319.971,1.54931,0.218168
319.021,1.54921,0.219143
318.071,1.54912,0.220124
317.122,1.54902,0.22111
316.173,1.54892,0.222103
315.224,1.54883,0.223102
314.275,1.54873,0.224107
313.327,1.54863,0.225118
312.379,1.54853,0.226135
311.432,1.54843,0.227158
310.484,1.54833,0.228187
309.537,1.54823,0.229223
308.591,1.54813,0.230265
307.645,1.54803,0.231314
306.699,1.54792,0.232369
305.753,1.54782,0.23343
304.808,1.54772,0.234498
303.863,1.54761,0.235573
302.919,1.54751,0.236654
301.974,1.5474,0.237743
301.031,1.54729,0.238838
300.087,1.54719,0.23994
299.144,1.54708,0.241049
298.201,1.54697,0.242165
297.259,1.54686,0.243288
296.317,1.54675,0.244418
295.376,1.54664,0.245555
294.434,1.54653,0.2467
293.494,1.54642,0.247852
292.553,1.54631,0.249011
291.613,1.54619,0.250178
290.674,1.54608,0.251353
289.734,1.54597,0.252535
288.796,1.54585,0.253724
287.857,1.54573,0.254922
286.919,1.54562,0.256127
285.982,1.5455,0.257341
285.044,1.54538,0.258562
284.108,1.54526,0.259791
283.172,1.54514,0.261029
282.236,1.54502,0.262274
281.3,1.5449,0.263528
280.365,1.54478,0.264791
279.431,1.54466,0.266062
278.497,1.54454,0.267341
277.563,1.54441,0.268629
276.63,1.54429,0.269925
275.697,1.54416,0.271231
274.765,1.54403,0.272545
273.833,1.54391,0.273868
272.902,1.54378,0.275201
271.971,1.54365,0.276542
271.041,1.54352,0.277893
270.111,1.54339,0.279253
269.182,1.54326,0.280622
268.253,1.54312,0.282001
267.325,1.54299,0.283389
266.397,1.54286,0.284788
265.47,1.54272,0.286195
264.544,1.54259,0.287613
263.617,1.54245,0.289041
262.692,1.54231,0.290479
261.767,1.54217,0.291927
260.842,1.54203,0.293385
259.918,1.54189,0.294854
258.995,1.54175,0.296333
258.072,1.54161,0.297823
257.15,1.54147,0.299323
256.228,1.54132,0.300834
255.307,1.54118,0.302357
254.387,1.54103,0.30389
253.467,1.54088,0.305434
252.548,1.54073,0.30699
251.629,1.54058,0.308557
250.711,1.54043,0.310135
249.793,1.54028,0.311725
248.877,1.54013,0.313327
247.961,1.53998,0.314941
247.045,1.53982,0.316566
246.13,1.53967,0.318204
245.216,1.53951,0.319854
244.303,1.53935,0.321516
243.39,1.53919,0.323191
242.478,1.53903,0.324879
241.566,1.53887,0.326579
240.655,1.53871,0.328292
239.745,1.53855,0.330018
238.836,1.53838,0.331758
237.927,1.53822,0.33351
237.02,1.53805,0.335276
236.112,1.53788,0.337056
235.206,1.53771,0.338849
234.3,1.53754,0.340657
233.396,1.53737,0.342478
232.491,1.5372,0.344313
231.588,1.53702,0.346163
230.686,1.53685,0.348028
229.784,1.53667,0.349907
228.883,1.53649,0.3518
227.983,1.53632,0.353709
227.084,1.53614,0.355633
226.185,1.53595,0.357572
225.288,1.53577,0.359527
224.391,1.53559,0.361498
223.495,1.5354,0.363484
222.601,1.53521,0.365486
221.707,1.53503,0.367505
220.813,1.53484,0.369539
219.921,1.53464,0.371591
219.03,1.53445,0.373659
218.14,1.53426,0.375744
217.25,1.53406,0.377846
216.362,1.53387,0.379965
215.474,1.53367,0.382102
214.588,1.53347,0.384257
213.702,1.53327,0.386429
212.818,1.53306,0.38862
211.935,1.53286,0.390829
211.052,1.53265,0.393056
210.171,1.53245,0.395302
209.291,1.53224,0.397567
208.411,1.53203,0.399851
207.533,1.53182,0.402155
206.656,1.5316,0.404478
205.78,1.53139,0.406821
204.905,1.53117,0.409184
204.032,1.53095,0.411568
203.159,1.53073,0.413972
202.288,1.53051,0.416396
201.418,1.53029,0.418842
200.549,1.53006,0.421309
199.681,1.52983,0.423797
198.815,1.52961,0.426307
197.95,1.52938,0.42884
197.086,1.52914,0.431394
196.223,1.52891,0.433971
195.362,1.52867,0.436571
194.502,1.52844,0.439193
193.643,1.5282,0.44184
192.786,1.52796,0.444509
191.93,1.52771,0.447203
191.075,1.52747,0.449921
190.222,1.52722,0.452663
189.37,1.52697,0.45543
188.52,1.52672,0.458222
187.671,1.52647,0.461039
186.824,1.52622,0.463882
185.978,1.52596,0.466751
185.134,1.5257,0.469646
184.291,1.52544,0.472568
183.45,1.52518,0.475517
182.61,1.52492,0.478493
181.773,1.52465,0.481496
180.936,1.52438,0.484527
180.102,1.52411,0.487587
179.269,1.52384,0.490675
178.437,1.52357,0.493792
177.608,1.52329,0.496938
176.78,1.52301,0.500114
175.954,1.52273,0.503319
175.13,1.52245,0.506555
174.307,1.52216,0.509822
173.487,1.52188,0.513119
172.668,1.52159,0.516448
171.851,1.52129,0.519809
171.037,1.521,0.523202
170.224,1.5207,0.526627
169.413,1.52041,0.530086
168.604,1.52011,0.533577
167.797,1.5198,0.537103
166.993,1.5195,0.540662
166.19,1.51919,0.544256
165.39,1.51888,0.547885
164.591,1.51857,0.55155
163.795,1.51825,0.55525
163.001,1.51794,0.558986
162.21,1.51762,0.562759
161.42,1.5173,0.566569
160.634,1.51697,0.570417
159.849,1.51665,0.574302
159.067,1.51632,0.578226
158.287,1.51599,0.582189
157.51,1.51565,0.586191
156.735,1.51532,0.590233
155.963,1.51498,0.594315
155.193,1.51464,0.598438
154.426,1.5143,0.602602
153.662,1.51395,0.606808
152.9,1.5136,0.611056
152.141,1.51325,0.615346
151.385,1.5129,0.61968
150.632,1.51255,0.624057
149.881,1.51219,0.628478
149.134,1.51183,0.632944
148.389,1.51147,0.637455
147.647,1.5111,0.642012
146.909,1.51073,0.646614
146.173,1.51036,0.651264
145.441,1.50999,0.65596
144.712,1.50962,0.660704
143.986,1.50924,0.665496
143.263,1.50886,0.670337
142.544,1.50848,0.675227
141.828,1.5081,0.680167
141.115,1.50771,0.685157
140.406,1.50732,0.690198
139.701,1.50693,0.69529
138.999,1.50654,0.700434
138.301,1.50614,0.70563
137.606,1.50574,0.710879
136.915,1.50534,0.716181
136.228,1.50494,0.721538
135.545,1.50454,0.726949
134.866,1.50413,0.732414
134.191,1.50372,0.737935
133.519,1.50331,0.743513
132.852,1.5029,0.749146
132.189,1.50249,0.754837
131.531,1.50207,0.760585
130.876,1.50165,0.766391
130.226,1.50123,0.772256
129.581,1.50081,0.778179
128.939,1.50039,0.784163
128.303,1.49996,0.790206
127.671,1.49953,0.796309
127.043,1.4991,0.802473
126.421,1.49867,0.808699
125.803,1.49824,0.814986
125.19,1.49781,0.821336
124.583,1.49738,0.827748
123.98,1.49694,0.834223
123.382,1.49651,0.840762
122.79,1.49607,0.847364
122.202,1.49563,0.854031
121.62,1.49519,0.860762
121.044,1.49475,0.867558
120.473,1.49431,0.874419
119.907,1.49387,0.881345
119.348,1.49343,0.888338
118.794,1.49299,0.895396
118.245,1.49255,0.902521
117.703,1.4921,0.909712
117.167,1.49166,0.91697
116.636,1.49122,0.924295
116.112,1.49078,0.931687
115.594,1.49034,0.939145
115.083,1.4899,0.946672
114.577,1.48946,0.954265
114.078,1.48902,0.961926
113.586,1.48858,0.969654
113.101,1.48814,0.97745
112.622,1.48771,0.985313
112.15,1.48728,0.993243
111.684,1.48684,1.00124
111.226,1.48641,1.00931
110.775,1.48598,1.01744
110.331,1.48556,1.02563
109.894,1.48513,1.0339
109.465,1.48471,1.04223
109.043,1.48429,1.05062
108.628,1.48388,1.05908
108.221,1.48347,1.06761
107.822,1.48306,1.0762
107.43,1.48265,1.08485
107.047,1.48225,1.09357
106.671,1.48185,1.10235
106.303,1.48146,1.11119
105.943,1.48107,1.1201
105.592,1.48068,1.12906
105.248,1.4803,1.13808
104.913,1.47993,1.14717
104.587,1.47956,1.15631
104.268,1.47919,1.1655
103.959,1.47883,1.17476
103.658,1.47848,1.18407
103.366,1.47813,1.19343
103.082,1.47779,1.20285
102.808,1.47746,1.21231
102.542,1.47713,1.22183
102.285,1.47681,1.2314
102.038,1.47649,1.24101
101.799,1.47619,1.25068
101.57,1.47589,1.26038
101.35,1.47559,1.27013
101.139,1.47531,1.27993
100.938,1.47503,1.28976
100.746,1.47477,1.29963
100.563,1.47451,1.30954
100.39,1.47425,1.31948
100.227,1.47401,1.32946
100.073,1.47378,1.33947
99.9291,1.47355,1.34951
99.7947,1.47334,1.35958
99.6701,1.47313,1.36968
99.5552,1.47294,1.3798
99.4502,1.47275,1.38994
99.355,1.47257,1.40011
99.2697,1.4724,1.41029
99.1943,1.47225,1.42049
99.1289,1.4721,1.4307
99.0733,1.47196,1.44093
99.0278,1.47183,1.45117
98.9922,1.47172,1.46141
98.9665,1.47161,1.47167
98.9509,1.47151,1.48192
98.9453,1.47143,1.49218
98.9497,1.47135,1.50244
98.964,1.47129,1.5127
98.9884,1.47123,1.52296
99.0227,1.47119,1.53321
99.067,1.47115,1.54345
99.1213,1.47113,1.55368
99.1856,1.47112,1.5639
99.2597,1.47111,1.5741
99.3438,1.47112,1.58429
99.4377,1.47114,1.59446
99.5415,1.47117,1.60461
99.6551,1.4712,1.61473
99.7785,1.47125,1.62484
99.9116,1.47131,1.63491
100.054,1.47138,1.64496
100.207,1.47145,1.65498
100.369,1.47154,1.66497
100.541,1.47164,1.67492
100.722,1.47174,1.68484
100.913,1.47186,1.69472
101.113,1.47198,1.70457
101.323,1.47212,1.71437
101.542,1.47226,1.72413
101.77,1.47241,1.73385
102.007,1.47257,1.74353
102.254,1.47274,1.75316
102.509,1.47291,1.76274
102.774,1.4731,1.77227
103.047,1.47329,1.78175
103.33,1.47349,1.79118
103.621,1.47369,1.80056
103.921,1.47391,1.80989
104.229,1.47413,1.81915
104.546,1.47436,1.82837
104.872,1.47459,1.83753
105.206,1.47483,1.84662
105.548,1.47508,1.85566
105.898,1.47533,1.86465
106.257,1.47559,1.87357
106.624,1.47586,1.88243
106.999,1.47613,1.89122
107.382,1.4764,1.89996
107.772,1.47668,1.90863
108.17,1.47697,1.91724
108.577,1.47726,1.92578
108.99,1.47756,1.93426
109.411,1.47785,1.94267
109.84,1.47816,1.95102
110.276,1.47847,1.95931
110.719,1.47878,1.96752
111.169,1.47909,1.97567
111.626,1.47941,1.98376
112.091,1.47973,1.99177
112.562,1.48006,1.99972
113.04,1.48038,2.0076
113.525,1.48071,2.01542
114.016,1.48105,2.02316
114.514,1.48138,2.03084
115.019,1.48172,2.03846
115.53,1.48206,2.046
116.047,1.4824,2.05348
116.57,1.48274,2.06089
117.1,1.48309,2.06823
117.635,1.48344,2.07551
118.177,1.48378,2.08272
118.724,1.48413,2.08986
119.278,1.48448,2.09694
119.837,1.48483,2.10395
120.401,1.48519,2.1109
120.972,1.48554,2.11778
121.548,1.48589,2.12459
122.129,1.48625,2.13134
122.715,1.4866,2.13802
123.307,1.48696,2.14465
123.904,1.48731,2.1512
124.506,1.48767,2.15769
125.114,1.48802,2.16412
125.726,1.48838,2.17049
126.343,1.48873,2.1768
126.965,1.48909,2.18304
127.592,1.48944,2.18922
128.223,1.48979,2.19534
128.859,1.49015,2.2014
129.5,1.4905,2.2074
130.145,1.49085,2.21334
130.794,1.4912,2.21922
131.448,1.49155,2.22504
132.106,1.4919,2.23081
132.769,1.49225,2.23652
133.435,1.4926,2.24217
134.106,1.49295,2.24776
134.781,1.49329,2.2533
135.459,1.49364,2.25878
136.142,1.49398,2.2642
136.829,1.49432,2.26957
137.519,1.49467,2.27489
138.213,1.49501,2.28016
138.911,1.49534,2.28537
139.612,1.49568,2.29053
140.317,1.49602,2.29563
141.026,1.49635,2.30069
141.738,1.49668,2.30569
142.454,1.49701,2.31064
143.173,1.49734,2.31555
143.895,1.49767,2.3204
144.62,1.498,2.32521
145.349,1.49832,2.32997
146.081,1.49865,2.33468
146.816,1.49897,2.33934
147.554,1.49929,2.34395
148.295,1.49961,2.34852
149.04,1.49992,2.35305
149.787,1.50024,2.35753
150.537,1.50055,2.36196
151.29,1.50086,2.36635
152.046,1.50117,2.37069
152.804,1.50148,2.375
153.566,1.50178,2.37926
154.33,1.50209,2.38347
155.096,1.50239,2.38765
155.866,1.50269,2.39178
156.638,1.50299,2.39588
157.412,1.50329,2.39993
158.189,1.50358,2.40394
158.968,1.50387,2.40792
159.75,1.50417,2.41185
160.535,1.50446,2.41575
161.321,1.50474,2.41961
162.11,1.50503,2.42343
162.902,1.50531,2.42721
163.695,1.5056,2.43096
164.491,1.50588,2.43467
165.289,1.50615,2.43834
166.089,1.50643,2.44198
166.892,1.50671,2.44558
167.696,1.50698,2.44915
168.502,1.50725,2.45269
169.311,1.50752,2.45619
170.122,1.50779,2.45966
170.934,1.50805,2.46309
171.749,1.50832,2.46649
172.565,1.50858,2.46986
173.384,1.50884,2.4732
174.204,1.5091,2.47651
175.026,1.50936,2.47978
175.85,1.50961,2.48303
176.676,1.50987,2.48624
177.503,1.51012,2.48942
178.333,1.51037,2.49258
179.164,1.51062,2.4957
179.997,1.51086,2.4988
180.831,1.51111,2.50187
181.667,1.51135,2.50491
182.505,1.51159,2.50792
183.344,1.51183,2.5109
184.185,1.51207,2.51386
185.028,1.51231,2.51679
185.872,1.51254,2.51969
186.717,1.51277,2.52256
187.565,1.51301,2.52541
188.413,1.51324,2.52824
189.263,1.51346,2.53104
190.115,1.51369,2.53381
190.968,1.51392,2.53656
191.822,1.51414,2.53929
192.678,1.51436,2.54199
193.535,1.51458,2.54466
194.394,1.5148,2.54731
195.254,1.51502,2.54994
196.115,1.51523,2.55255
196.977,1.51545,2.55513
197.841,1.51566,2.55769
198.706,1.51587,2.56023
199.572,1.51608,2.56275
200.44,1.51629,2.56524
201.309,1.5165,2.56772
202.178,1.5167,2.57017
203.05,1.51691,2.5726
203.922,1.51711,2.57501
204.795,1.51731,2.5774
205.67,1.51751,2.57977
206.546,1.51771,2.58211
207.423,1.5179,2.58444
208.301,1.5181,2.58675
209.18,1.51829,2.58904
210.06,1.51849,2.59131
210.941,1.51868,2.59356
211.823,1.51887,2.5958
212.707,1.51906,2.59801
213.591,1.51925,2.6002
214.476,1.51943,2.60238
215.363,1.51962,2.60454
216.25,1.5198,2.60668
217.138,1.51998,2.60881
218.028,1.52016,2.61091
218.918,1.52034,2.613
219.809,1.52052,2.61508
220.701,1.5207,2.61713
221.594,1.52088,2.61917
222.488,1.52105,2.6212
223.383,1.52122,2.6232
224.278,1.5214,2.62519
225.175,1.52157,2.62717
226.072,1.52174,2.62913
226.971,1.52191,2.63107
227.87,1.52207,2.633
228.77,1.52224,2.63491
229.671,1.52241,2.63681
230.572,1.52257,2.63869
231.475,1.52274,2.64056
232.378,1.5229,2.64241
233.282,1.52306,2.64425
234.186,1.52322,2.64608
235.092,1.52338,2.64789
235.998,1.52354,2.64969
236.905,1.52369,2.65147
237.813,1.52385,2.65324
238.722,1.524,2.655
239.631,1.52416,2.65674
240.541,1.52431,2.65847
241.451,1.52446,2.66019
242.363,1.52461,2.66189
243.275,1.52476,2.66358
244.188,1.52491,2.66526
245.101,1.52506,2.66692
246.015,1.52521,2.66858
246.93,1.52535,2.67022
247.845,1.5255,2.67185
248.761,1.52564,2.67347
249.678,1.52578,2.67507
250.595,1.52593,2.67666
251.513,1.52607,2.67825
252.432,1.52621,2.67982
253.351,1.52635,2.68137
254.271,1.52648,2.68292
255.191,1.52662,2.68446
256.112,1.52676,2.68598
257.034,1.52689,2.6875
257.956,1.52703,2.689
258.879,1.52716,2.69049
259.802,1.5273,2.69198
260.726,1.52743,2.69345
261.65,1.52756,2.69491
262.575,1.52769,2.69636
263.501,1.52782,2.6978
264.427,1.52795,2.69923
265.354,1.52808,2.70065
266.281,1.5282,2.70206
267.208,1.52833,2.70346
268.137,1.52846,2.70485
269.065,1.52858,2.70623
269.994,1.52871,2.70761
270.924,1.52883,2.70897
271.854,1.52895,2.71032
272.785,1.52907,2.71167
273.716,1.5292,2.713
274.648,1.52932,2.71433
275.58,1.52944,2.71564
276.513,1.52955,2.71695
277.446,1.52967,2.71825
278.379,1.52979,2.71954
279.313,1.52991,2.72082
280.248,1.53002,2.7221
281.183,1.53014,2.72336
282.118,1.53025,2.72462
283.054,1.53037,2.72586
283.99,1.53048,2.7271
284.927,1.53059,2.72834
285.864,1.5307,2.72956
286.801,1.53082,2.73077
287.739,1.53093,2.73198
288.677,1.53104,2.73318
289.616,1.53115,2.73437
290.555,1.53125,2.73556
291.495,1.53136,2.73673
292.435,1.53147,2.7379
293.375,1.53158,2.73906
294.316,1.53168,2.74022
295.257,1.53179,2.74136
296.199,1.53189,2.7425
297.14,1.532,2.74364
298.083,1.5321,2.74476
299.025,1.5322,2.74588
299.968,1.5323,2.74699
300.912,1.53241,2.74809
301.856,1.53251,2.74919
302.8,1.53261,2.75028
303.744,1.53271,2.75136
304.689,1.53281,2.75244
305.634,1.53291,2.75351
306.58,1.533,2.75457
307.526,1.5331,2.75563
308.472,1.5332,2.75668
309.418,1.5333,2.75772
310.365,1.53339,2.75876
311.312,1.53349,2.75979
312.26,1.53358,2.76082
313.208,1.53368,2.76184
314.156,1.53377,2.76285
315.104,1.53386,2.76386
316.053,1.53396,2.76486
317.002,1.53405,2.76585
317.952,1.53414,2.76684
318.902,1.53423,2.76782
319.852,1.53432,2.7688
320.802,1.53441,2.76977
321.753,1.5345,2.77073
322.704,1.53459,2.77169
323.655,1.53468,2.77265
324.606,1.53477,2.7736
325.558,1.53486,2.77454
326.51,1.53495,2.77548
327.463,1.53503,2.77641
328.415,1.53512,2.77733
329.368,1.53521,2.77826
330.322,1.53529,2.77917
331.275,1.53538,2.78008
332.229,1.53546,2.78099
333.183,1.53554,2.78189
334.137,1.53563,2.78278
335.092,1.53571,2.78367
336.047,1.53579,2.78456
337.002,1.53588,2.78543
337.957,1.53596,2.78631
338.913,1.53604,2.78718
339.869,1.53612,2.78804
340.825,1.5362,2.7889
341.781,1.53628,2.78976
342.738,1.53636,2.79061
343.695,1.53644,2.79146
344.652,1.53652,2.7923
345.609,1.5366,2.79313
346.567,1.53668,2.79396
347.525,1.53675,2.79479
348.483,1.53683,2.79561
349.441,1.53691,2.79643
350.4,1.53698,2.79724
351.358,1.53706,2.79805
352.317,1.53714,2.79886
353.277,1.53721,2.79966
354.236,1.53729,2.80045
355.196,1.53736,2.80125
356.156,1.53743,2.80203
357.116,1.53751,2.80282
358.076,1.53758,2.8036
359.037,1.53765,2.80437
359.997,1.53773,2.80514
360.958,1.5378,2.80591
361.92,1.53787,2.80667
362.881,1.53794,2.80743
363.843,1.53801,2.80818
364.804,1.53809,2.80893
365.766,1.53816,2.80968
366.729,1.53823,2.81042
367.691,1.5383,2.81116
368.654,1.53836,2.8119
369.617,1.53843,2.81263
370.58,1.5385,2.81335
371.543,1.53857,2.81408
372.506,1.53864,2.8148
373.47,1.53871,2.81551
374.434,1.53877,2.81622
375.398,1.53884,2.81693
376.362,1.53891,2.81764
377.326,1.53897,2.81834
378.291,1.53904,2.81904
379.255,1.53911,2.81973
380.22,1.53917,2.82042
381.185,1.53924,2.82111
382.151,1.5393,2.82179
383.116,1.53937,2.82247
384.082,1.53943,2.82315
385.047,1.53949,2.82382
386.013,1.53956,2.82449
386.979,1.53962,2.82516
387.946,1.53968,2.82582
388.912,1.53975,2.82648
389.879,1.53981,2.82714
390.846,1.53987,2.82779
391.813,1.53993,2.82844
392.78,1.53999,2.82909
393.747,1.54006,2.82974
394.715,1.54012,2.83038
395.682,1.54018,2.83101
396.65,1.54024,2.83165
397.618,1.5403,2.83228
398.586,1.54036,2.83291
399.554,1.54042,2.83353
400.523,1.54048,2.83416
401.491,1.54054,2.83478
402.46,1.54059,2.83539
403.429,1.54065,2.836
404.398,1.54071,2.83662
405.367,1.54077,2.83722
406.336,1.54083,2.83783
407.306,1.54088,2.83843
408.276,1.54094,2.83903
409.245,1.541,2.83962
410.215,1.54105,2.84022
411.185,1.54111,2.84081
412.156,1.54117,2.84139
413.126,1.54122,2.84198
414.096,1.54128,2.84256
415.067,1.54133,2.84314
416.038,1.54139,2.84372
417.009,1.54144,2.84429
417.98,1.5415,2.84486
418.951,1.54155,2.84543
419.922,1.54161,2.846
420.894,1.54166,2.84656
421.865,1.54171,2.84712
422.837,1.54177,2.84768
423.809,1.54182,2.84824
424.781,1.54187,2.84879
425.753,1.54193,2.84934
426.725,1.54198,2.84989
427.697,1.54203,2.85043
428.67,1.54208,2.85098
429.642,1.54213,2.85152
430.615,1.54219,2.85206
431.588,1.54224,2.85259
432.561,1.54229,2.85312
433.534,1.54234,2.85366
434.507,1.54239,2.85418
435.481,1.54244,2.85471
436.454,1.54249,2.85523
437.428,1.54254,2.85576
438.401,1.54259,2.85628
439.375,1.54264,2.85679
440.349,1.54269,2.85731
441.323,1.54274,2.85782
442.297,1.54279,2.85833
443.272,1.54284,2.85884
444.246,1.54288,2.85934
445.221,1.54293,2.85985
446.195,1.54298,2.86035
447.17,1.54303,2.86085
448.145,1.54308,2.86134
449.12,1.54312,2.86184
450.095,1.54317,2.86233
451.07,1.54322,2.86282
452.045,1.54326,2.86331
453.021,1.54331,2.8638
453.996,1.54336,2.86428
454.972,1.5434,2.86476
455.948,1.54345,2.86524
456.923,1.5435,2.86572
457.899,1.54354,2.8662
458.875,1.54359,2.86667
459.851,1.54363,2.86714
460.828,1.54368,2.86761
461.804,1.54372,2.86808
462.78,1.54377,2.86855
463.757,1.54381,2.86901
464.734,1.54386,2.86947
465.71,1.5439,2.86993
466.687,1.54395,2.87039
467.664,1.54399,2.87085
468.641,1.54403,2.8713
469.618,1.54408,2.87175
470.595,1.54412,2.8722
471.573,1.54416,2.87265
472.55,1.54421,2.8731
473.528,1.54425,2.87354
474.505,1.54429,2.87399
475.483,1.54433,2.87443
476.461,1.54438,2.87487
477.439,1.54442,2.8753
478.417,1.54446,2.87574
479.395,1.5445,2.87617
480.373,1.54454,2.87661
481.351,1.54459,2.87704
482.329,1.54463,2.87747
483.308,1.54467,2.87789
484.286,1.54471,2.87832
485.265,1.54475,2.87874
486.243,1.54479,2.87916
487.222,1.54483,2.87958
488.201,1.54487,2.88
489.18,1.54491,2.88042
490.159,1.54495,2.88084
491.138,1.54499,2.88125
492.117,1.54503,2.88166
493.097,1.54507,2.88207
494.076,1.54511,2.88248
495.055,1.54515,2.88289
496.035,1.54519,2.88329
497.014,1.54523,2.8837
497.994,1.54527,2.8841
498.974,1.54531,2.8845
499.954,1.54535,2.8849
500.934,1.54538,2.8853
501.914,1.54542,2.88569
502.894,1.54546,2.88609
503.874,1.5455,2.88648
504.854,1.54554,2.88687
505.834,1.54557,2.88726
506.815,1.54561,2.88765
507.795,1.54565,2.88804
508.776,1.54569,2.88842
509.756,1.54572,2.8888
510.737,1.54576,2.88919
511.718,1.5458,2.88957
512.699,1.54583,2.88995
513.68,1.54587,2.89033
514.661,1.54591,2.8907
515.642,1.54594,2.89108
516.623,1.54598,2.89145
517.604,1.54602,2.89182
518.585,1.54605,2.89219
519.567,1.54609,2.89256
520.548,1.54612,2.89293
521.529,1.54616,2.8933
522.511,1.54619,2.89366
523.493,1.54623,2.89403
524.474,1.54626,2.89439
525.456,1.5463,2.89475
526.438,1.54633,2.89511
527.42,1.54637,2.89547
528.402,1.5464,2.89583
529.384,1.54644,2.89618
530.366,1.54647,2.89654
531.348,1.54651,2.89689
532.33,1.54654,2.89724
533.313,1.54657,2.89759
534.295,1.54661,2.89794
535.277,1.54664,2.89829
536.26,1.54668,2.89864
537.242,1.54671,2.89898
538.225,1.54674,2.89933
539.208,1.54678,2.89967
540.191,1.54681,2.90001
541.173,1.54684,2.90035
542.156,1.54687,2.90069
543.139,1.54691,2.90103
544.122,1.54694,2.90137
545.105,1.54697,2.9017
546.088,1.54701,2.90204
547.072,1.54704,2.90237
548.055,1.54707,2.9027
549.038,1.5471,2.90303
550.021,1.54713,2.90336
551.005,1.54717,2.90369
551.988,1.5472,2.90402
552.972,1.54723,2.90435
553.956,1.54726,2.90467
554.939,1.54729,2.90499
555.923,1.54732,2.90532
556.907,1.54736,2.90564
557.891,1.54739,2.90596
558.874,1.54742,2.90628
559.858,1.54745,2.9066
560.842,1.54748,2.90691
561.826,1.54751,2.90723
562.811,1.54754,2.90754
563.795,1.54757,2.90786
564.779,1.5476,2.90817
565.763,1.54763,2.90848
566.748,1.54766,2.90879
567.732,1.54769,2.9091
568.716,1.54772,2.90941
569.701,1.54775,2.90972
570.685,1.54778,2.91002
571.67,1.54781,2.91033
572.655,1.54784,2.91063
573.639,1.54787,2.91094
574.624,1.5479,2.91124
575.609,1.54793,2.91154
576.594,1.54796,2.91184
577.579,1.54799,2.91214
578.564,1.54802,2.91244
579.549,1.54805,2.91273
580.534,1.54807,2.91303
581.519,1.5481,2.91332
582.504,1.54813,2.91362
583.49,1.54816,2.91391
584.475,1.54819,2.9142
585.46,1.54822,2.91449
586.446,1.54824,2.91478
587.431,1.54827,2.91507
588.416,1.5483,2.91536
589.402,1.54833,2.91565
590.388,1.54836,2.91593
591.373,1.54838,2.91622
592.359,1.54841,2.9165
593.345,1.54844,2.91679
594.33,1.54847,2.91707
595.316,1.54849,2.91735
596.302,1.54852,2.91763
597.288,1.54855,2.91791
598.274,1.54858,2.91819
599.26,1.5486,2.91847
600.246,1.54863,2.91874
601.232,1.54866,2.91902
602.218,1.54868,2.91929
603.204,1.54871,2.91957
604.191,1.54874,2.91984
605.177,1.54876,2.92011
606.163,1.54879,2.92038
607.15,1.54882,2.92065
608.136,1.54884,2.92092
609.122,1.54887,2.92119
610.109,1.5489,2.92146
611.095,1.54892,2.92173
612.082,1.54895,2.92199
613.069,1.54897,2.92226
614.055,1.549,2.92252
615.042,1.54902,2.92279
616.029,1.54905,2.92305
617.016,1.54908,2.92331
618.002,1.5491,2.92357
618.989,1.54913,2.92383
619.976,1.54915,2.92409
620.963,1.54918,2.92435
621.95,1.5492,2.92461
622.937,1.54923,2.92487
623.924,1.54925,2.92512
624.912,1.54928,2.92538
625.899,1.5493,2.92563
626.886,1.54933,2.92589
627.873,1.54935,2.92614
628.861,1.54938,2.92639
629.848,1.5494,2.92664
630.835,1.54943,2.92689
631.823,1.54945,2.92714
632.81,1.54947,2.92739
633.798,1.5495,2.92764
634.785,1.54952,2.92789
635.773,1.54955,2.92813
636.76,1.54957,2.92838
637.748,1.54959,2.92862
638.736,1.54962,2.92887
639.723,1.54964,2.92911
640.711,1.54967,2.92935
641.699,1.54969,2.9296
642.687,1.54971,2.92984
643.675,1.54974,2.93008
644.663,1.54976,2.93032
645.651,1.54978,2.93056
646.639,1.54981,2.9308
647.627,1.54983,2.93103
648.615,1.54985,2.93127
649.603,1.54988,2.93151
650.591,1.5499,2.93174
651.579,1.54992,2.93198
652.567,1.54995,2.93221
653.555,1.54997,2.93245
654.544,1.54999,2.93268
655.532,1.55001,2.93291
656.52,1.55004,2.93314
657.509,1.55006,2.93337
658.497,1.55008,2.9336
659.486,1.5501,2.93383
660.474,1.55013,2.93406
661.463,1.55015,2.93429
662.451,1.55017,2.93451
663.44,1.55019,2.93474
664.428,1.55021,2.93497
665.417,1.55024,2.93519
666.406,1.55026,2.93542
667.395,1.55028,2.93564
668.383,1.5503,2.93586
669.372,1.55032,2.93609
670.361,1.55035,2.93631
671.35,1.55037,2.93653
672.339,1.55039,2.93675
673.328,1.55041,2.93697
674.317,1.55043,2.93719
675.306,1.55045,2.93741
676.295,1.55047,2.93763
677.284,1.5505,2.93784
678.273,1.55052,2.93806
679.262,1.55054,2.93828
680.251,1.55056,2.93849
681.24,1.55058,2.93871
682.229,1.5506,2.93892
683.219,1.55062,2.93913
684.208,1.55064,2.93935
685.197,1.55066,2.93956
686.187,1.55068,2.93977
687.176,1.55071,2.93998
688.165,1.55073,2.94019
689.155,1.55075,2.9404
690.144,1.55077,2.94061
691.134,1.55079,2.94082
692.123,1.55081,2.94103
693.113,1.55083,2.94124
694.102,1.55085,2.94144
695.092,1.55087,2.94165
696.082,1.55089,2.94185
697.071,1.55091,2.94206
698.061,1.55093,2.94226
699.051,1.55095,2.94247
700.041,1.55097,2.94267
701.03,1.55099,2.94287
702.02,1.55101,2.94308
703.01,1.55103,2.94328
704,1.55105,2.94348
704.99,1.55107,2.94368
705.98,1.55109,2.94388
706.97,1.55111,2.94408
707.96,1.55113,2.94428
708.95,1.55115,2.94448
709.94,1.55117,2.94467
710.93,1.55118,2.94487
711.92,1.5512,2.94507
712.91,1.55122,2.94526
713.9,1.55124,2.94546
714.89,1.55126,2.94565
715.881,1.55128,2.94585
716.871,1.5513,2.94604
717.861,1.55132,2.94624
718.851,1.55134,2.94643
719.842,1.55136,2.94662
720.832,1.55138,2.94681
721.822,1.55139,2.947
722.813,1.55141,2.9472
723.803,1.55143,2.94739
724.794,1.55145,2.94758
725.784,1.55147,2.94776
726.775,1.55149,2.94795
727.765,1.55151,2.94814
728.756,1.55152,2.94833
729.746,1.55154,2.94852
730.737,1.55156,2.9487
731.728,1.55158,2.94889
732.718,1.5516,2.94907
733.709,1.55161,2.94926
734.7,1.55163,2.94944
735.69,1.55165,2.94963
736.681,1.55167,2.94981
737.672,1.55169,2.95
738.663,1.55171,2.95018
739.654,1.55172,2.95036
740.644,1.55174,2.95054
741.635,1.55176,2.95072
742.626,1.55178,2.9509
743.617,1.55179,2.95108
744.608,1.55181,2.95126
745.599,1.55183,2.95144
746.59,1.55185,2.95162
747.581,1.55186,2.9518
748.572,1.55188,2.95198
749.563,1.5519,2.95216
750.554,1.55192,2.95233
751.545,1.55193,2.95251
752.537,1.55195,2.95269
753.528,1.55197,2.95286
754.519,1.55199,2.95304
755.51,1.552,2.95321
756.501,1.55202,2.95338
757.493,1.55204,2.95356
758.484,1.55205,2.95373
759.475,1.55207,2.9539
760.467,1.55209,2.95408
761.458,1.5521,2.95425
762.449,1.55212,2.95442
763.441,1.55214,2.95459
764.432,1.55216,2.95476
765.424,1.55217,2.95493
766.415,1.55219,2.9551
767.406,1.55221,2.95527
768.398,1.55222,2.95544
769.39,1.55224,2.95561
770.381,1.55225,2.95578
771.373,1.55227,2.95594
772.364,1.55229,2.95611
773.356,1.5523,2.95628
774.347,1.55232,2.95644
775.339,1.55234,2.95661
776.331,1.55235,2.95677
777.323,1.55237,2.95694
778.314,1.55239,2.9571
779.306,1.5524,2.95727
780.298,1.55242,2.95743
781.29,1.55243,2.95759
782.281,1.55245,2.95776
783.273,1.55247,2.95792
784.265,1.55248,2.95808
785.257,1.5525,2.95824
786.249,1.55251,2.9584
787.241,1.55253,2.95857
788.233,1.55254,2.95873
789.225,1.55256,2.95889
790.217,1.55258,2.95905
791.209,1.55259,2.9592
792.201,1.55261,2.95936
793.193,1.55262,2.95952
794.185,1.55264,2.95968
795.177,1.55265,2.95984
796.169,1.55267,2.95999
797.161,1.55268,2.96015
798.153,1.5527,2.96031
799.145,1.55272,2.96046
800.137,1.55273,2.96062
801.13,1.55275,2.96078
802.122,1.55276,2.96093
803.114,1.55278,2.96108
804.106,1.55279,2.96124
805.099,1.55281,2.96139
806.091,1.55282,2.96155
807.083,1.55284,2.9617
808.075,1.55285,2.96185
809.068,1.55287,2.962
810.06,1.55288,2.96216
811.053,1.5529,2.96231
812.045,1.55291,2.96246
813.037,1.55293,2.96261
814.03,1.55294,2.96276
815.022,1.55296,2.96291
816.015,1.55297,2.96306
817.007,1.55299,2.96321
818,1.553,2.96336
818.992,1.55301,2.96351
819.985,1.55303,2.96365
820.977,1.55304,2.9638
821.97,1.55306,2.96395
822.963,1.55307,2.9641
823.955,1.55309,2.96424
824.948,1.5531,2.96439
825.94,1.55312,2.96454
826.933,1.55313,2.96468
827.926,1.55314,2.96483
828.918,1.55316,2.96497
829.911,1.55317,2.96512
830.904,1.55319,2.96526
831.897,1.5532,2.9654
832.889,1.55322,2.96555
833.882,1.55323,2.96569
834.875,1.55324,2.96583
835.868,1.55326,2.96598
836.861,1.55327,2.96612
837.854,1.55329,2.96626
838.846,1.5533,2.9664
839.839,1.55331,2.96654
840.832,1.55333,2.96669
841.825,1.55334,2.96683
842.818,1.55336,2.96697
843.811,1.55337,2.96711
844.804,1.55338,2.96725
845.797,1.5534,2.96739
846.79,1.55341,2.96752
847.783,1.55342,2.96766
848.776,1.55344,2.9678
849.769,1.55345,2.96794
850.762,1.55346,2.96808
851.755,1.55348,2.96821
852.749,1.55349,2.96835
853.742,1.5535,2.96849
854.735,1.55352,2.96862
855.728,1.55353,2.96876
856.721,1.55355,2.9689
857.714,1.55356,2.96903
858.708,1.55357,2.96917
859.701,1.55359,2.9693
860.694,1.5536,2.96944
861.687,1.55361,2.96957
862.681,1.55362,2.9697
863.674,1.55364,2.96984
864.667,1.55365,2.96997
865.66,1.55366,2.9701
866.654,1.55368,2.97024
867.647,1.55369,2.97037
868.64,1.5537,2.9705
869.634,1.55372,2.97063
870.627,1.55373,2.97076
871.621,1.55374,2.9709
872.614,1.55375,2.97103
873.607,1.55377,2.97116
874.601,1.55378,2.97129
875.594,1.55379,2.97142
876.588,1.55381,2.97155
877.581,1.55382,2.97168
878.575,1.55383,2.97181
879.568,1.55384,2.97193
880.562,1.55386,2.97206
881.555,1.55387,2.97219
882.549,1.55388,2.97232
883.543,1.55389,2.97245
884.536,1.55391,2.97257
885.53,1.55392,2.9727
886.523,1.55393,2.97283
887.517,1.55394,2.97295
888.511,1.55396,2.97308
889.504,1.55397,2.97321
890.498,1.55398,2.97333
891.492,1.55399,2.97346
892.486,1.55401,2.97358
893.479,1.55402,2.97371
894.473,1.55403,2.97383
895.467,1.55404,2.97396
896.46,1.55406,2.97408
897.454,1.55407,2.9742
898.448,1.55408,2.97433
899.442,1.55409,2.97445
900.436,1.5541,2.97457
901.43,1.55412,2.9747
902.423,1.55413,2.97482
903.417,1.55414,2.97494
904.411,1.55415,2.97506
905.405,1.55416,2.97518
906.399,1.55418,2.9753
907.393,1.55419,2.97543
908.387,1.5542,2.97555
909.381,1.55421,2.97567
910.375,1.55422,2.97579
911.369,1.55424,2.97591
912.363,1.55425,2.97603
913.357,1.55426,2.97615
914.351,1.55427,2.97627
915.345,1.55428,2.97638
916.339,1.55429,2.9765
917.333,1.55431,2.97662
918.327,1.55432,2.97674
919.321,1.55433,2.97686
920.315,1.55434,2.97698
921.309,1.55435,2.97709
922.303,1.55436,2.97721
923.297,1.55438,2.97733
924.291,1.55439,2.97744
925.286,1.5544,2.97756
926.28,1.55441,2.97768
927.274,1.55442,2.97779
928.268,1.55443,2.97791
929.262,1.55444,2.97802
930.256,1.55446,2.97814
931.251,1.55447,2.97825
932.245,1.55448,2.97837
933.239,1.55449,2.97848
934.233,1.5545,2.9786
935.228,1.55451,2.97871
936.222,1.55452,2.97882
937.216,1.55453,2.97894
938.211,1.55455,2.97905
939.205,1.55456,2.97916
940.199,1.55457,2.97928
941.194,1.55458,2.97939
942.188,1.55459,2.9795
943.182,1.5546,2.97961
944.177,1.55461,2.97972
945.171,1.55462,2.97984
946.166,1.55463,2.97995
947.16,1.55465,2.98006
948.154,1.55466,2.98017
949.149,1.55467,2.98028
950.143,1.55468,2.98039
951.138,1.55469,2.9805
952.132,1.5547,2.98061
953.127,1.55471,2.98072
954.121,1.55472,2.98083
955.116,1.55473,2.98094
956.11,1.55474,2.98105
957.105,1.55475,2.98116
958.099,1.55476,2.98126
959.094,1.55478,2.98137
960.088,1.55479,2.98148
961.083,1.5548,2.98159
962.078,1.55481,2.9817
963.072,1.55482,2.9818
964.067,1.55483,2.98191
965.061,1.55484,2.98202
966.056,1.55485,2.98212
967.051,1.55486,2.98223
968.045,1.55487,2.98234
969.04,1.55488,2.98244
970.035,1.55489,2.98255
971.029,1.5549,2.98265
972.024,1.55491,2.98276
973.019,1.55492,2.98287
974.014,1.55493,2.98297
975.008,1.55494,2.98308
976.003,1.55495,2.98318
976.998,1.55496,2.98328
977.993,1.55497,2.98339
978.987,1.55498,2.98349
979.982,1.55499,2.9836
980.977,1.555,2.9837
981.972,1.55501,2.9838
982.967,1.55503,2.98391
983.961,1.55504,2.98401
984.956,1.55505,2.98411
985.951,1.55506,2.98421
986.946,1.55507,2.98432
987.941,1.55508,2.98442
988.936,1.55509,2.98452
989.931,1.5551,2.98462
990.925,1.55511,2.98472
991.92,1.55512,2.98482
992.915,1.55513,2.98493
993.91,1.55514,2.98503
994.905,1.55515,2.98513
995.9,1.55516,2.98523
996.895,1.55517,2.98533
997.89,1.55518,2.98543
998.885,1.55519,2.98553
999.88,1.5552,2.98563
1000.87,1.5552,2.98573
1001.87,1.55521,2.98583
1002.87,1.55522,2.98593
1003.86,1.55523,2.98602
1004.86,1.55524,2.98612
1005.85,1.55525,2.98622
1006.85,1.55526,2.98632
1007.84,1.55527,2.98642
