999.001,1.57079,0.0015808
998.001,1.57078,0.00159083
997.002,1.57077,0.00160088
996.002,1.57076,0.00161095
995.002,1.57075,0.00162104
994.002,1.57074,0.00163115
993.002,1.57073,0.00164128
992.002,1.57072,0.00165143
991.002,1.57071,0.0016616
990.002,1.5707,0.00167179
989.002,1.57069,0.00168201
988.002,1.57067,0.00169224
987.003,1.57066,0.00170249
986.003,1.57065,0.00171277
985.003,1.57064,0.00172306
984.003,1.57063,0.00173338
983.003,1.57062,0.00174372
982.003,1.57061,0.00175408
981.003,1.5706,0.00176446
980.003,1.57059,0.00177486
979.003,1.57058,0.00178528
978.003,1.57057,0.00179572
977.004,1.57056,0.00180619
976.004,1.57055,0.00181667
975.004,1.57054,0.00182718
974.004,1.57053,0.00183771
973.004,1.57052,0.00184826
972.004,1.57051,0.00185883
971.004,1.5705,0.00186943
970.004,1.57049,0.00188004
969.004,1.57048,0.00189068
968.005,1.57047,0.00190134
967.005,1.57046,0.00191202
966.005,1.57044,0.00192273
965.005,1.57043,0.00193345
964.005,1.57042,0.0019442
963.005,1.57041,0.00195497
962.005,1.5704,0.00196576
961.005,1.57039,0.00197658
960.005,1.57038,0.00198742
959.005,1.57037,0.00199828
958.006,1.57036,0.00200916
957.006,1.57035,0.00202007
956.006,1.57034,0.002031
955.006,1.57033,0.00204195
954.006,1.57031,0.00205292
953.006,1.5703,0.00206392
952.006,1.57029,0.00207494
951.006,1.57028,0.00208599
950.006,1.57027,0.00209705
949.007,1.57026,0.00210815
948.007,1.57025,0.00211926
947.007,1.57024,0.0021304
946.007,1.57023,0.00214156
945.007,1.57021,0.00215274
944.007,1.5702,0.00216395
943.007,1.57019,0.00217518
942.007,1.57018,0.00218644
941.007,1.57017,0.00219772
940.008,1.57016,0.00220902
939.008,1.57015,0.00222035
938.008,1.57014,0.0022317
937.008,1.57012,0.00224308
936.008,1.57011,0.00225448
935.008,1.5701,0.00226591
934.008,1.57009,0.00227736
933.008,1.57008,0.00228883
932.009,1.57007,0.00230033
931.009,1.57006,0.00231185
930.009,1.57004,0.0023234
929.009,1.57003,0.00233497
928.009,1.57002,0.00234657
927.009,1.57001,0.0023582
926.009,1.57,0.00236984
925.009,1.56999,0.00238152
924.009,1.56997,0.00239322
923.01,1.56996,0.00240494
922.01,1.56995,0.00241669
921.01,1.56994,0.00242846
920.01,1.56993,0.00244026
919.01,1.56992,0.00245209
918.01,1.5699,0.00246394
917.01,1.56989,0.00247582
916.01,1.56988,0.00248772
915.011,1.56987,0.00249965
914.011,1.56986,0.00251161
913.011,1.56984,0.00252359
912.011,1.56983,0.0025356
911.011,1.56982,0.00254763
910.011,1.56981,0.0025597
909.011,1.5698,0.00257178
908.011,1.56978,0.0025839
907.011,1.56977,0.00259604
906.012,1.56976,0.00260821
905.012,1.56975,0.0026204
904.012,1.56973,0.00263262
903.012,1.56972,0.00264487
902.012,1.56971,0.00265715
901.012,1.5697,0.00266945
900.012,1.56969,0.00268178
899.012,1.56967,0.00269414
898.013,1.56966,0.00270652
897.013,1.56965,0.00271894
896.013,1.56964,0.00273138
895.013,1.56962,0.00274385
894.013,1.56961,0.00275634
893.013,1.5696,0.00276887
892.013,1.56959,0.00278142
891.013,1.56957,0.002794
890.014,1.56956,0.00280661
889.014,1.56955,0.00281925
888.014,1.56954,0.00283191
887.014,1.56952,0.00284461
886.014,1.56951,0.00285733
885.014,1.5695,0.00287008
884.014,1.56948,0.00288286
883.014,1.56947,0.00289567
882.015,1.56946,0.00290851
881.015,1.56945,0.00292138
880.015,1.56943,0.00293427
879.015,1.56942,0.0029472
878.015,1.56941,0.00296016
877.015,1.56939,0.00297314
876.015,1.56938,0.00298616
875.015,1.56937,0.0029992
874.016,1.56935,0.00301228
873.016,1.56934,0.00302538
872.016,1.56933,0.00303851
871.016,1.56932,0.00305168
870.016,1.5693,0.00306487
869.016,1.56929,0.0030781
868.016,1.56928,0.00309135
867.017,1.56926,0.00310464
866.017,1.56925,0.00311796
865.017,1.56924,0.00313131
864.017,1.56922,0.00314468
863.017,1.56921,0.00315809
862.017,1.5692,0.00317153
861.017,1.56918,0.00318501
860.017,1.56917,0.00319851
859.018,1.56916,0.00321204
858.018,1.56914,0.00322561
857.018,1.56913,0.00323921
856.018,1.56911,0.00325284
855.018,1.5691,0.0032665
854.018,1.56909,0.00328019
853.018,1.56907,0.00329392
852.019,1.56906,0.00330768
851.019,1.56905,0.00332147
850.019,1.56903,0.00333529
849.019,1.56902,0.00334914
848.019,1.569,0.00336303
847.019,1.56899,0.00337695
846.019,1.56898,0.00339091
845.02,1.56896,0.00340489
844.02,1.56895,0.00341891
843.02,1.56893,0.00343297
842.02,1.56892,0.00344705
841.02,1.56891,0.00346117
840.02,1.56889,0.00347533
839.02,1.56888,0.00348951
838.021,1.56886,0.00350373
837.021,1.56885,0.00351799
836.021,1.56883,0.00353228
835.021,1.56882,0.0035466
834.021,1.56881,0.00356096
833.021,1.56879,0.00357535
832.021,1.56878,0.00358978
831.022,1.56876,0.00360424
830.022,1.56875,0.00361874
829.022,1.56873,0.00363327
828.022,1.56872,0.00364783
827.022,1.5687,0.00366243
826.022,1.56869,0.00367707
825.022,1.56868,0.00369174
824.023,1.56866,0.00370645
823.023,1.56865,0.0037212
822.023,1.56863,0.00373598
821.023,1.56862,0.00375079
820.023,1.5686,0.00376564
819.023,1.56859,0.00378053
818.023,1.56857,0.00379546
817.024,1.56856,0.00381042
816.024,1.56854,0.00382541
815.024,1.56853,0.00384045
814.024,1.56851,0.00385552
813.024,1.5685,0.00387063
812.024,1.56848,0.00388577
811.024,1.56847,0.00390096
810.025,1.56845,0.00391618
809.025,1.56844,0.00393144
808.025,1.56842,0.00394673
807.025,1.56841,0.00396206
806.025,1.56839,0.00397744
805.025,1.56837,0.00399285
804.026,1.56836,0.00400829
803.026,1.56834,0.00402378
802.026,1.56833,0.00403931
801.026,1.56831,0.00405487
800.026,1.5683,0.00407047
799.026,1.56828,0.00408612
798.026,1.56827,0.0041018
797.027,1.56825,0.00411752
796.027,1.56823,0.00413328
795.027,1.56822,0.00414908
794.027,1.5682,0.00416492
793.027,1.56819,0.0041808
792.027,1.56817,0.00419672
791.028,1.56815,0.00421268
790.028,1.56814,0.00422868
789.028,1.56812,0.00424472
788.028,1.56811,0.0042608
787.028,1.56809,0.00427692
786.028,1.56807,0.00429308
785.029,1.56806,0.00430929
784.029,1.56804,0.00432554
783.029,1.56803,0.00434182
782.029,1.56801,0.00435815
781.029,1.56799,0.00437452
780.029,1.56798,0.00439094
779.03,1.56796,0.00440739
778.03,1.56794,0.00442389
777.03,1.56793,0.00444043
776.03,1.56791,0.00445701
775.03,1.56789,0.00447363
774.03,1.56788,0.0044903
773.031,1.56786,0.00450701
772.031,1.56784,0.00452377
771.031,1.56783,0.00454057
770.031,1.56781,0.00455741
769.031,1.56779,0.00457429
768.031,1.56778,0.00459122
767.032,1.56776,0.0046082
766.032,1.56774,0.00462521
765.032,1.56772,0.00464228
764.032,1.56771,0.00465938
763.032,1.56769,0.00467653
762.032,1.56767,0.00469373
761.033,1.56766,0.00471097
760.033,1.56764,0.00472826
759.033,1.56762,0.00474559
758.033,1.5676,0.00476297
757.033,1.56759,0.0047804
756.033,1.56757,0.00479787
755.034,1.56755,0.00481538
754.034,1.56753,0.00483295
753.034,1.56752,0.00485056
752.034,1.5675,0.00486821
751.034,1.56748,0.00488592
750.034,1.56746,0.00490367
749.035,1.56745,0.00492147
748.035,1.56743,0.00493931
747.035,1.56741,0.00495721
746.035,1.56739,0.00497515
745.035,1.56737,0.00499314
744.036,1.56736,0.00501117
743.036,1.56734,0.00502926
742.036,1.56732,0.0050474
741.036,1.5673,0.00506558
740.036,1.56728,0.00508381
739.036,1.56727,0.0051021
738.037,1.56725,0.00512043
737.037,1.56723,0.00513881
736.037,1.56721,0.00515724
735.037,1.56719,0.00517573
734.037,1.56717,0.00519426
733.038,1.56715,0.00521284
732.038,1.56714,0.00523148
731.038,1.56712,0.00525016
730.038,1.5671,0.0052689
729.038,1.56708,0.00528768
728.039,1.56706,0.00530652
727.039,1.56704,0.00532541
726.039,1.56702,0.00534436
725.039,1.567,0.00536335
724.039,1.56698,0.0053824
723.039,1.56697,0.0054015
722.04,1.56695,0.00542065
721.04,1.56693,0.00543986
720.04,1.56691,0.00545912
719.04,1.56689,0.00547843
718.04,1.56687,0.0054978
717.041,1.56685,0.00551722
716.041,1.56683,0.0055367
715.041,1.56681,0.00555622
714.041,1.56679,0.00557581
713.041,1.56677,0.00559545
712.042,1.56675,0.00561514
711.042,1.56673,0.00563489
710.042,1.56671,0.0056547
709.042,1.56669,0.00567456
708.042,1.56667,0.00569448
707.043,1.56665,0.00571445
706.043,1.56663,0.00573448
705.043,1.56661,0.00575457
704.043,1.56659,0.00577471
703.043,1.56657,0.00579491
702.044,1.56655,0.00581517
701.044,1.56653,0.00583549
700.044,1.56651,0.00585586
699.044,1.56649,0.0058763
698.044,1.56647,0.00589679
697.045,1.56645,0.00591734
696.045,1.56643,0.00593795
695.045,1.56641,0.00595862
694.045,1.56639,0.00597935
693.045,1.56637,0.00600013
692.046,1.56635,0.00602098
691.046,1.56633,0.00604189
690.046,1.5663,0.00606286
689.046,1.56628,0.00608389
688.046,1.56626,0.00610498
687.047,1.56624,0.00612613
686.047,1.56622,0.00614735
685.047,1.5662,0.00616862
684.047,1.56618,0.00618996
683.048,1.56616,0.00621136
682.048,1.56613,0.00623283
681.048,1.56611,0.00625435
680.048,1.56609,0.00627594
679.048,1.56607,0.0062976
678.049,1.56605,0.00631931
677.049,1.56603,0.0063411
676.049,1.566,0.00636294
675.049,1.56598,0.00638485
674.049,1.56596,0.00640683
673.05,1.56594,0.00642887
672.05,1.56592,0.00645098
671.05,1.56589,0.00647315
670.05,1.56587,0.00649539
669.051,1.56585,0.00651769
668.051,1.56583,0.00654006
667.051,1.5658,0.0065625
666.051,1.56578,0.00658501
665.051,1.56576,0.00660758
664.052,1.56574,0.00663022
663.052,1.56571,0.00665293
662.052,1.56569,0.00667571
661.052,1.56567,0.00669856
660.053,1.56565,0.00672148
659.053,1.56562,0.00674446
658.053,1.5656,0.00676752
657.053,1.56558,0.00679065
656.054,1.56555,0.00681384
655.054,1.56553,0.00683711
654.054,1.56551,0.00686045
653.054,1.56548,0.00688386
652.054,1.56546,0.00690734
651.055,1.56544,0.0069309
650.055,1.56541,0.00695452
649.055,1.56539,0.00697822
648.055,1.56537,0.00700199
647.056,1.56534,0.00702584
646.056,1.56532,0.00704976
645.056,1.56529,0.00707375
644.056,1.56527,0.00709782
643.057,1.56525,0.00712197
642.057,1.56522,0.00714618
641.057,1.5652,0.00717048
640.057,1.56517,0.00719485
639.058,1.56515,0.00721929
638.058,1.56512,0.00724382
637.058,1.5651,0.00726842
636.058,1.56507,0.00729309
635.059,1.56505,0.00731785
634.059,1.56502,0.00734268
633.059,1.565,0.00736759
632.059,1.56497,0.00739258
631.06,1.56495,0.00741765
630.06,1.56492,0.0074428
629.06,1.5649,0.00746803
628.06,1.56487,0.00749334
627.061,1.56485,0.00751873
626.061,1.56482,0.0075442
625.061,1.5648,0.00756975
624.061,1.56477,0.00759539
623.062,1.56475,0.0076211
622.062,1.56472,0.0076469
621.062,1.56469,0.00767279
620.062,1.56467,0.00769875
619.063,1.56464,0.0077248
618.063,1.56462,0.00775094
617.063,1.56459,0.00777716
616.063,1.56456,0.00780346
615.064,1.56454,0.00782985
614.064,1.56451,0.00785632
613.064,1.56448,0.00788289
612.064,1.56446,0.00790953
611.065,1.56443,0.00793627
610.065,1.5644,0.00796309
609.065,1.56438,0.00799
608.066,1.56435,0.008017
607.066,1.56432,0.00804409
606.066,1.5643,0.00807127
605.066,1.56427,0.00809854
604.067,1.56424,0.0081259
603.067,1.56421,0.00815335
602.067,1.56419,0.00818089
601.067,1.56416,0.00820852
600.068,1.56413,0.00823624
599.068,1.5641,0.00826406
598.068,1.56408,0.00829197
597.069,1.56405,0.00831997
596.069,1.56402,0.00834807
595.069,1.56399,0.00837626
594.069,1.56396,0.00840454
593.07,1.56393,0.00843293
592.07,1.56391,0.0084614
591.07,1.56388,0.00848998
590.071,1.56385,0.00851865
589.071,1.56382,0.00854741
588.071,1.56379,0.00857628
587.071,1.56376,0.00860524
586.072,1.56373,0.00863431
585.072,1.5637,0.00866347
584.072,1.56367,0.00869273
583.073,1.56365,0.00872209
582.073,1.56362,0.00875156
581.073,1.56359,0.00878112
580.073,1.56356,0.00881079
579.074,1.56353,0.00884056
578.074,1.5635,0.00887043
577.074,1.56347,0.0089004
576.075,1.56344,0.00893048
575.075,1.56341,0.00896067
574.075,1.56338,0.00899096
573.076,1.56335,0.00902135
572.076,1.56332,0.00905185
571.076,1.56328,0.00908246
570.076,1.56325,0.00911318
569.077,1.56322,0.009144
568.077,1.56319,0.00917493
567.077,1.56316,0.00920597
566.078,1.56313,0.00923712
565.078,1.5631,0.00926838
564.078,1.56307,0.00929975
563.079,1.56304,0.00933124
562.079,1.563,0.00936283
561.079,1.56297,0.00939454
560.08,1.56294,0.00942636
559.08,1.56291,0.00945829
558.08,1.56288,0.00949034
557.081,1.56284,0.00952251
556.081,1.56281,0.00955479
555.081,1.56278,0.00958718
554.081,1.56275,0.0096197
553.082,1.56272,0.00965233
552.082,1.56268,0.00968508
551.082,1.56265,0.00971794
550.083,1.56262,0.00975093
549.083,1.56258,0.00978404
548.083,1.56255,0.00981726
547.084,1.56252,0.00985061
546.084,1.56248,0.00988408
545.084,1.56245,0.00991768
544.085,1.56242,0.0099514
543.085,1.56238,0.00998524
542.085,1.56235,0.0100192
541.086,1.56231,0.0100533
540.086,1.56228,0.0100875
539.086,1.56225,0.0101219
538.087,1.56221,0.0101563
537.087,1.56218,0.0101909
536.088,1.56214,0.0102257
535.088,1.56211,0.0102605
534.088,1.56207,0.0102955
533.089,1.56204,0.0103306
532.089,1.562,0.0103659
531.089,1.56197,0.0104013
530.09,1.56193,0.0104368
529.09,1.5619,0.0104725
528.09,1.56186,0.0105082
527.091,1.56182,0.0105442
526.091,1.56179,0.0105802
525.091,1.56175,0.0106164
524.092,1.56171,0.0106528
523.092,1.56168,0.0106892
522.093,1.56164,0.0107259
521.093,1.5616,0.0107626
520.093,1.56157,0.0107995
519.094,1.56153,0.0108366
518.094,1.56149,0.0108737
517.094,1.56146,0.0109111
516.095,1.56142,0.0109485
515.095,1.56138,0.0109861
514.095,1.56134,0.0110239
513.096,1.56131,0.0110618
512.096,1.56127,0.0110999
511.097,1.56123,0.0111381
510.097,1.56119,0.0111764
509.097,1.56115,0.0112149
508.098,1.56111,0.0112536
507.098,1.56108,0.0112924
506.099,1.56104,0.0113314
505.099,1.561,0.0113705
504.099,1.56096,0.0114098
503.1,1.56092,0.0114492
502.1,1.56088,0.0114888
501.101,1.56084,0.0115285
500.101,1.5608,0.0115684
499.101,1.56076,0.0116085
498.102,1.56072,0.0116487
497.102,1.56068,0.0116891
496.103,1.56064,0.0117297
495.103,1.5606,0.0117704
494.103,1.56056,0.0118113
493.104,1.56052,0.0118523
492.104,1.56047,0.0118935
491.105,1.56043,0.0119349
490.105,1.56039,0.0119764
489.105,1.56035,0.0120182
488.106,1.56031,0.01206
487.106,1.56027,0.0121021
486.107,1.56022,0.0121443
485.107,1.56018,0.0121867
484.107,1.56014,0.0122293
483.108,1.5601,0.0122721
482.108,1.56005,0.012315
481.109,1.56001,0.0123581
480.109,1.55997,0.0124014
479.11,1.55992,0.0124449
478.11,1.55988,0.0124886
477.111,1.55984,0.0125324
476.111,1.55979,0.0125764
475.111,1.55975,0.0126206
474.112,1.5597,0.012665
473.112,1.55966,0.0127096
472.113,1.55961,0.0127544
471.113,1.55957,0.0127993
470.114,1.55952,0.0128445
469.114,1.55948,0.0128898
468.115,1.55943,0.0129354
467.115,1.55939,0.0129811
466.115,1.55934,0.013027
465.116,1.55929,0.0130732
464.116,1.55925,0.0131195
463.117,1.5592,0.013166
462.117,1.55916,0.0132127
461.118,1.55911,0.0132597
460.118,1.55906,0.0133068
459.119,1.55901,0.0133542
458.119,1.55897,0.0134017
457.12,1.55892,0.0134495
456.12,1.55887,0.0134974
455.121,1.55882,0.0135456
454.121,1.55877,0.013594
453.122,1.55873,0.0136426
452.122,1.55868,0.0136914
451.123,1.55863,0.0137404
450.123,1.55858,0.0137897
449.124,1.55853,0.0138391
448.124,1.55848,0.0138888
447.125,1.55843,0.0139387
446.125,1.55838,0.0139889
445.126,1.55833,0.0140392
444.126,1.55828,0.0140898
443.127,1.55823,0.0141406
442.127,1.55818,0.0141917
441.128,1.55813,0.014243
440.128,1.55807,0.0142945
439.129,1.55802,0.0143462
438.129,1.55797,0.0143982
437.13,1.55792,0.0144504
436.13,1.55787,0.0145029
435.131,1.55781,0.0145556
434.131,1.55776,0.0146085
433.132,1.55771,0.0146617
432.132,1.55765,0.0147151
431.133,1.5576,0.0147688
430.133,1.55755,0.0148227
429.134,1.55749,0.0148769
428.134,1.55744,0.0149313
427.135,1.55738,0.014986
426.135,1.55733,0.015041
425.136,1.55727,0.0150962
424.137,1.55722,0.0151516
423.137,1.55716,0.0152074
422.138,1.55711,0.0152634
421.138,1.55705,0.0153196
420.139,1.55699,0.0153761
419.139,1.55694,0.0154329
418.14,1.55688,0.01549
417.141,1.55682,0.0155473
416.141,1.55676,0.0156049
415.142,1.55671,0.0156628
414.142,1.55665,0.015721
413.143,1.55659,0.0157794
412.143,1.55653,0.0158382
411.144,1.55647,0.0158972
410.145,1.55641,0.0159565
409.145,1.55635,0.0160161
408.146,1.55629,0.016076
407.146,1.55623,0.0161362
406.147,1.55617,0.0161967
405.148,1.55611,0.0162574
404.148,1.55605,0.0163185
403.149,1.55599,0.0163799
402.149,1.55593,0.0164416
401.15,1.55587,0.0165036
400.151,1.5558,0.0165659
399.151,1.55574,0.0166285
398.152,1.55568,0.0166914
397.153,1.55561,0.0167547
396.153,1.55555,0.0168183
395.154,1.55549,0.0168821
394.154,1.55542,0.0169464
393.155,1.55536,0.0170109
392.156,1.55529,0.0170758
391.156,1.55523,0.017141
390.157,1.55516,0.0172065
389.158,1.5551,0.0172724
388.158,1.55503,0.0173386
387.159,1.55496,0.0174051
386.16,1.5549,0.017472
385.16,1.55483,0.0175393
384.161,1.55476,0.0176069
383.162,1.55469,0.0176748
382.162,1.55463,0.0177431
381.163,1.55456,0.0178118
380.164,1.55449,0.0178808
379.164,1.55442,0.0179502
378.165,1.55435,0.01802
377.166,1.55428,0.0180901
376.167,1.55421,0.0181606
375.167,1.55414,0.0182314
374.168,1.55407,0.0183027
373.169,1.554,0.0183743
372.169,1.55392,0.0184463
371.17,1.55385,0.0185187
370.171,1.55378,0.0185915
369.172,1.5537,0.0186647
368.172,1.55363,0.0187383
367.173,1.55356,0.0188123
366.174,1.55348,0.0188867
365.174,1.55341,0.0189615
364.175,1.55333,0.0190367
363.176,1.55326,0.0191123
362.177,1.55318,0.0191884
361.178,1.55311,0.0192648
360.178,1.55303,0.0193417
359.179,1.55295,0.019419
358.18,1.55287,0.0194968
357.181,1.5528,0.019575
356.181,1.55272,0.0196536
355.182,1.55264,0.0197327
354.183,1.55256,0.0198122
353.184,1.55248,0.0198921
352.185,1.5524,0.0199725
351.185,1.55232,0.0200534
350.186,1.55224,0.0201348
349.187,1.55215,0.0202165
348.188,1.55207,0.0202988
347.189,1.55199,0.0203816
346.189,1.55191,0.0204648
345.19,1.55182,0.0205485
344.191,1.55174,0.0206327
343.192,1.55165,0.0207174
342.193,1.55157,0.0208025
341.194,1.55148,0.0208882
340.195,1.5514,0.0209744
339.195,1.55131,0.0210611
338.196,1.55122,0.0211483
337.197,1.55113,0.021236
336.198,1.55105,0.0213242
335.199,1.55096,0.021413
334.2,1.55087,0.0215023
333.201,1.55078,0.0215921
332.202,1.55069,0.0216825
331.202,1.5506,0.0217734
330.203,1.55051,0.0218649
329.204,1.55041,0.0219569
328.205,1.55032,0.0220495
327.206,1.55023,0.0221426
326.207,1.55014,0.0222363
325.208,1.55004,0.0223306
324.209,1.54995,0.0224255
323.21,1.54985,0.022521
322.211,1.54975,0.022617
321.212,1.54966,0.0227137
320.213,1.54956,0.0228109
319.214,1.54946,0.0229088
318.215,1.54936,0.0230073
317.216,1.54927,0.0231064
316.217,1.54917,0.0232061
315.218,1.54907,0.0233065
314.219,1.54896,0.0234075
313.22,1.54886,0.0235091
312.221,1.54876,0.0236114
311.222,1.54866,0.0237144
310.223,1.54855,0.023818
309.224,1.54845,0.0239223
308.225,1.54835,0.0240272
307.226,1.54824,0.0241329
306.227,1.54813,0.0242392
305.228,1.54803,0.0243462
304.229,1.54792,0.024454
303.23,1.54781,0.0245624
302.231,1.5477,0.0246716
301.232,1.54759,0.0247815
300.233,1.54748,0.0248921
299.235,1.54737,0.0250034
298.236,1.54726,0.0251155
297.237,1.54715,0.0252284
296.238,1.54703,0.025342
295.239,1.54692,0.0254564
294.24,1.5468,0.0255716
293.241,1.54669,0.0256875
292.242,1.54657,0.0258043
291.244,1.54645,0.0259218
290.245,1.54633,0.0260402
289.246,1.54622,0.0261594
288.247,1.5461,0.0262794
287.248,1.54597,0.0264002
286.25,1.54585,0.0265219
285.251,1.54573,0.0266444
284.252,1.54561,0.0267678
283.253,1.54548,0.0268921
282.255,1.54536,0.0270172
281.256,1.54523,0.0271433
280.257,1.54511,0.0272702
279.258,1.54498,0.027398
278.26,1.54485,0.0275268
277.261,1.54472,0.0276565
276.262,1.54459,0.0277871
275.263,1.54446,0.0279187
274.265,1.54433,0.0280512
273.266,1.54419,0.0281848
272.267,1.54406,0.0283192
271.269,1.54392,0.0284547
270.27,1.54379,0.0285912
269.272,1.54365,0.0287287
268.273,1.54351,0.0288672
267.274,1.54337,0.0290068
266.276,1.54323,0.0291474
265.277,1.54309,0.029289
264.278,1.54295,0.0294318
263.28,1.5428,0.0295756
262.281,1.54266,0.0297205
261.283,1.54251,0.0298665
260.284,1.54236,0.0300137
259.286,1.54222,0.030162
258.287,1.54207,0.0303114
257.289,1.54192,0.030462
256.29,1.54177,0.0306137
255.292,1.54161,0.0307667
254.293,1.54146,0.0309209
253.295,1.5413,0.0310762
252.296,1.54115,0.0312328
251.298,1.54099,0.0313907
250.3,1.54083,0.0315498
249.301,1.54067,0.0317102
248.303,1.54051,0.0318718
247.304,1.54035,0.0320348
246.306,1.54018,0.0321991
245.308,1.54002,0.0323648
244.309,1.53985,0.0325318
243.311,1.53968,0.0327002
242.313,1.53951,0.0328699
241.314,1.53934,0.0330411
240.316,1.53917,0.0332137
239.318,1.539,0.0333877
238.319,1.53882,0.0335632
237.321,1.53864,0.0337402
236.323,1.53847,0.0339187
235.325,1.53829,0.0340986
234.327,1.5381,0.0342802
233.328,1.53792,0.0344632
232.33,1.53774,0.0346479
231.332,1.53755,0.0348341
230.334,1.53736,0.035022
229.336,1.53717,0.0352115
228.338,1.53698,0.0354027
227.34,1.53679,0.0355955
226.342,1.5366,0.0357901
225.343,1.5364,0.0359863
224.345,1.5362,0.0361844
223.347,1.536,0.0363842
222.349,1.5358,0.0365857
221.351,1.5356,0.0367892
220.353,1.53539,0.0369944
219.356,1.53519,0.0372015
218.358,1.53498,0.0374106
217.36,1.53477,0.0376215
216.362,1.53456,0.0378344
215.364,1.53434,0.0380493
214.366,1.53413,0.0382661
213.368,1.53391,0.0384851
212.37,1.53369,0.038706
211.373,1.53346,0.0389291
210.375,1.53324,0.0391543
209.377,1.53301,0.0393816
208.379,1.53278,0.0396111
207.382,1.53255,0.0398428
206.384,1.53232,0.0400768
205.386,1.53208,0.040313
204.389,1.53185,0.0405516
203.391,1.5316,0.0407925
202.393,1.53136,0.0410357
201.396,1.53112,0.0412814
200.398,1.53087,0.0415296
199.401,1.53062,0.0417802
198.403,1.53037,0.0420334
197.406,1.53011,0.0422891
196.408,1.52985,0.0425474
195.411,1.52959,0.0428084
194.414,1.52933,0.043072
193.416,1.52907,0.0433384
192.419,1.5288,0.0436075
191.422,1.52853,0.0438795
190.424,1.52825,0.0441543
189.427,1.52797,0.044432
188.43,1.52769,0.0447126
187.433,1.52741,0.0449963
186.436,1.52713,0.045283
185.438,1.52684,0.0455727
184.441,1.52654,0.0458657
183.444,1.52625,0.0461618
182.447,1.52595,0.0464611
181.45,1.52565,0.0467638
180.453,1.52534,0.0470698
179.456,1.52504,0.0473792
178.459,1.52472,0.0476921
177.462,1.52441,0.0480085
176.466,1.52409,0.0483285
175.469,1.52377,0.0486521
174.472,1.52344,0.0489794
173.475,1.52311,0.0493105
172.479,1.52278,0.0496455
171.482,1.52244,0.0499843
170.485,1.5221,0.0503272
169.489,1.52175,0.050674
168.492,1.5214,0.051025
167.496,1.52105,0.0513802
166.499,1.52069,0.0517396
165.503,1.52033,0.0521034
164.507,1.51996,0.0524716
163.51,1.51959,0.0528443
162.514,1.51921,0.0532216
161.518,1.51883,0.0536036
160.522,1.51845,0.0539903
159.525,1.51806,0.0543818
158.529,1.51766,0.0547783
157.533,1.51726,0.0551798
156.537,1.51686,0.0555865
155.541,1.51645,0.0559984
154.545,1.51603,0.0564156
153.55,1.51561,0.0568382
152.554,1.51519,0.0572664
151.558,1.51476,0.0577002
150.562,1.51432,0.0581398
149.567,1.51387,0.0585852
148.571,1.51343,0.0590367
147.576,1.51297,0.0594942
146.58,1.51251,0.059958
145.585,1.51204,0.0604282
144.59,1.51157,0.0609049
143.594,1.51109,0.0613882
142.599,1.5106,0.0618783
141.604,1.5101,0.0623752
140.609,1.5096,0.0628793
139.614,1.50909,0.0633906
138.619,1.50858,0.0639092
137.624,1.50806,0.0644354
136.63,1.50752,0.0649693
135.635,1.50699,0.065511
134.64,1.50644,0.0660608
133.646,1.50589,0.0666188
132.651,1.50532,0.0671852
131.657,1.50475,0.0677603
130.663,1.50417,0.0683441
129.669,1.50358,0.0689369
128.675,1.50298,0.0695389
127.681,1.50238,0.0701504
126.687,1.50176,0.0707714
125.693,1.50113,0.0714024
124.699,1.5005,0.0720435
123.706,1.49985,0.0726949
122.712,1.49919,0.073357
121.719,1.49853,0.0740299
120.725,1.49785,0.0747139
119.732,1.49716,0.0754094
118.739,1.49646,0.0761166
117.746,1.49574,0.0768358
116.753,1.49502,0.0775673
115.761,1.49428,0.0783114
114.768,1.49353,0.0790685
113.776,1.49277,0.0798389
112.783,1.49199,0.0806229
111.791,1.4912,0.081421
110.799,1.49039,0.0822334
109.807,1.48958,0.0830607
108.816,1.48874,0.0839031
107.824,1.48789,0.0847611
106.832,1.48703,0.0856352
105.841,1.48615,0.0865258
104.85,1.48525,0.0874334
103.859,1.48433,0.0883584
102.868,1.4834,0.0893014
101.878,1.48245,0.090263
100.887,1.48148,0.0912435
99.8971,1.48049,0.0922437
98.907,1.47949,0.0932641
97.9172,1.47846,0.0943053
96.9276,1.47741,0.095368
95.9382,1.47634,0.0964528
94.949,1.47525,0.0975604
93.96,1.47413,0.0986916
92.9713,1.47299,0.0998471
91.9828,1.47183,0.101028
90.9945,1.47064,0.102234
90.0065,1.46942,0.103468
89.0188,1.46818,0.104729
88.0314,1.46691,0.106018
87.0442,1.46562,0.107338
86.0573,1.46429,0.108688
85.0707,1.46293,0.110069
84.0845,1.46154,0.111484
83.0986,1.46012,0.112932
82.113,1.45866,0.114416
81.1277,1.45717,0.115936
80.1428,1.45564,0.117494
79.1583,1.45408,0.119092
78.1742,1.45247,0.12073
77.1904,1.45083,0.122411
76.2071,1.44914,0.124136
75.2243,1.44741,0.125906
74.2418,1.44563,0.127725
73.2599,1.44381,0.129593
72.2784,1.44194,0.131512
71.2975,1.44001,0.133486
70.317,1.43804,0.135515
69.3372,1.43601,0.137603
68.3579,1.43392,0.139752
67.3792,1.43177,0.141965
66.4011,1.42955,0.144244
65.4236,1.42728,0.146593
64.4469,1.42493,0.149015
63.4709,1.42251,0.151513
62.4956,1.42002,0.154091
61.5211,1.41745,0.156753
60.5474,1.4148,0.159503
59.5745,1.41206,0.162345
58.6026,1.40923,0.165283
57.6316,1.40631,0.168324
56.6616,1.4033,0.171472
55.6927,1.40017,0.174733
54.7248,1.39694,0.178113
53.7581,1.3936,0.181619
52.7926,1.39013,0.185257
51.8284,1.38654,0.189036
50.8655,1.38282,0.192963
49.9041,1.37895,0.197048
48.9442,1.37494,0.2013
47.9858,1.37077,0.205728
47.0292,1.36643,0.210345
46.0744,1.36192,0.215163
45.1215,1.35722,0.220194
44.1706,1.35232,0.225452
43.2219,1.34722,0.230954
42.2755,1.3419,0.236716
41.3316,1.33633,0.242757
40.3903,1.33052,0.249098
39.4518,1.32444,0.255759
38.5163,1.31808,0.262767
37.584,1.31141,0.270148
36.6552,1.30442,0.277932
35.7302,1.29709,0.286152
34.8091,1.28938,0.294844
33.8924,1.28128,0.30405
32.9804,1.27275,0.313814
32.0735,1.26377,0.324188
31.172,1.2543,0.335228
30.2766,1.24431,0.346999
29.3876,1.23376,0.359571
28.5057,1.22261,0.373026
27.6315,1.21082,0.387456
26.7659,1.19833,0.402966
25.9094,1.1851,0.419674
25.0632,1.17109,0.437716
24.2282,1.15623,0.457247
23.4055,1.14048,0.478445
22.5964,1.12378,0.501516
21.8024,1.10609,0.526696
21.025,1.08737,0.554257
20.2661,1.06758,0.584515
19.5278,1.04672,0.617833
18.8122,1.0248,0.654626
18.1219,1.00186,0.695372
17.4597,0.978023,0.740612
16.8288,0.953447,0.790948
16.2323,0.928396,0.847039
15.6741,0.903244,0.909575
15.1579,0.878505,0.979239
14.688,0.854844,1.05663
14.2683,0.833092,1.14218
13.9031,0.814223,1.23597
13.5964,0.799305,1.33759
13.3519,0.7894,1.44601
13.1726,0.785439,1.55947
13.0609,0.788068,1.67562
13.0186,0.797527,1.79175
13.0461,0.813598,1.90516
13.143,0.835634,2.01353
13.3081,0.862669,2.11515
13.539,0.893563,2.20901
13.8328,0.927144,2.29475
14.1858,0.962321,2.37245
14.5942,0.998152,2.44253
15.0538,1.03387,2.50558
15.5605,1.06889,2.56227
16.1101,1.1028,2.61326
16.6987,1.13531,2.65921
17.3226,1.16624,2.70069
17.9784,1.19551,2.73824
18.663,1.22311,2.77231
19.3734,1.24904,2.80332
20.1071,1.27336,2.83162
20.8618,1.29615,2.85753
21.6353,1.31748,2.8813
22.4259,1.33744,2.90319
23.2319,1.35613,2.92338
24.0519,1.37363,2.94206
24.8844,1.39003,2.95937
25.7283,1.40541,2.97547
26.5826,1.41985,2.99046
27.4464,1.43341,3.00446
28.3188,1.44616,3.01755
29.1991,1.45817,3.02981
30.0867,1.46948,3.04133
30.9808,1.48016,3.05215
31.881,1.49025,3.06235
32.7868,1.49978,3.07197
33.6978,1.50881,3.08106
34.6135,1.51737,3.08967
35.5337,1.52549,3.09782
36.4579,1.5332,3.10555
37.3859,1.54054,3.11289
38.3175,1.54751,3.11988
39.2523,1.55416,3.12653
40.1902,1.5605,3.13287
41.1309,1.56655,3.13892
42.0743,1.57233,3.14469
43.0202,1.57785,3.15022
43.9684,1.58314,3.15551
44.9188,1.5882,3.16057
45.8713,1.59305,3.16542
46.8257,1.5977,3.17008
47.782,1.60217,3.17455
48.7399,1.60646,3.17885
49.6995,1.61059,3.18299
50.6606,1.61455,3.18697
51.6232,1.61837,3.1908
52.5871,1.62205,3.19449
53.5523,1.6256,3.19805
54.5188,1.62902,3.20149
55.4864,1.63232,3.2048
56.4551,1.6355,3.20801
57.4249,1.63858,3.21111
58.3957,1.64155,3.2141
59.3675,1.64443,3.217
60.3401,1.64721,3.21981
61.3136,1.64991,3.22253
62.288,1.65252,3.22516
63.2631,1.65505,3.22772
64.239,1.6575,3.2302
65.2156,1.65988,3.2326
66.1928,1.66218,3.23494
67.1708,1.66442,3.2372
68.1494,1.6666,3.23941
69.1285,1.66871,3.24155
70.1083,1.67076,3.24363
71.0886,1.67276,3.24566
72.0695,1.6747,3.24763
73.0508,1.67659,3.24955
74.0327,1.67843,3.25142
75.015,1.68022,3.25325
75.9978,1.68196,3.25502
76.981,1.68366,3.25675
77.9646,1.68531,3.25844
78.9487,1.68693,3.26009
79.9331,1.6885,3.26169
80.9179,1.69003,3.26326
81.9031,1.69153,3.26479
82.8886,1.69299,3.26629
83.8745,1.69442,3.26775
84.8607,1.69582,3.26917
85.8472,1.69718,3.27057
86.834,1.69851,3.27193
87.8211,1.69981,3.27326
88.8085,1.70108,3.27457
89.7961,1.70232,3.27584
90.7841,1.70354,3.27709
91.7723,1.70473,3.27831
92.7607,1.70589,3.27951
93.7494,1.70703,3.28068
94.7383,1.70814,3.28183
95.7275,1.70924,3.28295
96.7168,1.71031,3.28405
97.7064,1.71135,3.28513
98.6962,1.71238,3.28619
99.6862,1.71339,3.28723
100.676,1.71437,3.28824
101.667,1.71534,3.28924
102.657,1.71629,3.29022
103.648,1.71722,3.29118
104.639,1.71813,3.29212
105.63,1.71902,3.29305
106.621,1.7199,3.29395
107.613,1.72076,3.29484
108.604,1.72161,3.29572
109.596,1.72244,3.29658
110.588,1.72325,3.29742
111.58,1.72405,3.29825
112.572,1.72484,3.29907
113.564,1.72561,3.29987
114.557,1.72637,3.30066
115.549,1.72712,3.30143
116.542,1.72785,3.30219
117.535,1.72857,3.30294
118.528,1.72928,3.30368
119.521,1.72998,3.3044
120.514,1.73066,3.30511
121.507,1.73134,3.30581
122.501,1.732,3.3065
123.494,1.73265,3.30718
124.488,1.73329,3.30785
125.481,1.73392,3.30851
126.475,1.73454,3.30915
127.469,1.73516,3.30979
128.463,1.73576,3.31042
129.457,1.73635,3.31104
130.451,1.73693,3.31165
131.445,1.73751,3.31224
132.44,1.73808,3.31284
133.434,1.73863,3.31342
134.429,1.73918,3.31399
135.423,1.73972,3.31456
136.418,1.74026,3.31511
137.413,1.74078,3.31566
138.407,1.7413,3.3162
139.402,1.74181,3.31674
140.397,1.74231,3.31726
141.392,1.74281,3.31778
142.387,1.7433,3.31829
143.382,1.74378,3.3188
144.378,1.74426,3.3193
145.373,1.74473,3.31979
146.368,1.74519,3.32027
147.364,1.74565,3.32075
148.359,1.7461,3.32122
149.355,1.74654,3.32169
150.35,1.74698,3.32215
151.346,1.74741,3.3226
152.342,1.74784,3.32305
153.338,1.74826,3.32349
154.333,1.74867,3.32393
155.329,1.74908,3.32436
156.325,1.74949,3.32478
157.321,1.74989,3.3252
158.317,1.75028,3.32562
159.313,1.75067,3.32603
160.309,1.75106,3.32643
161.306,1.75144,3.32683
162.302,1.75181,3.32722
163.298,1.75218,3.32761
164.294,1.75255,3.328
165.291,1.75291,3.32838
166.287,1.75327,3.32876
167.284,1.75362,3.32913
168.28,1.75397,3.32949
169.277,1.75432,3.32986
170.273,1.75466,3.33022
171.27,1.755,3.33057
172.266,1.75533,3.33092
173.263,1.75566,3.33127
174.26,1.75598,3.33161
175.257,1.7563,3.33195
176.253,1.75662,3.33229
177.25,1.75694,3.33262
178.247,1.75725,3.33294
179.244,1.75756,3.33327
180.241,1.75786,3.33359
181.238,1.75816,3.33391
182.235,1.75846,3.33422
183.232,1.75875,3.33453
184.229,1.75904,3.33484
185.226,1.75933,3.33514
186.223,1.75961,3.33544
187.22,1.7599,3.33574
188.217,1.76017,3.33603
189.215,1.76045,3.33632
190.212,1.76072,3.33661
191.209,1.76099,3.3369
192.207,1.76126,3.33718
193.204,1.76152,3.33746
194.201,1.76178,3.33774
195.199,1.76204,3.33801
196.196,1.7623,3.33828
197.193,1.76255,3.33855
198.191,1.7628,3.33881
199.188,1.76305,3.33908
200.186,1.7633,3.33934
201.183,1.76354,3.33959
202.181,1.76378,3.33985
203.179,1.76402,3.3401
204.176,1.76426,3.34035
205.174,1.76449,3.3406
206.172,1.76472,3.34085
207.169,1.76495,3.34109
208.167,1.76518,3.34133
209.165,1.76541,3.34157
210.162,1.76563,3.3418
211.16,1.76585,3.34204
212.158,1.76607,3.34227
213.156,1.76629,3.3425
214.154,1.7665,3.34273
215.151,1.76671,3.34295
216.149,1.76692,3.34318
217.147,1.76713,3.3434
218.145,1.76734,3.34362
219.143,1.76754,3.34384
220.141,1.76775,3.34405
221.139,1.76795,3.34426
222.137,1.76815,3.34448
223.135,1.76835,3.34469
224.133,1.76854,3.34489
225.131,1.76874,3.3451
226.129,1.76893,3.3453
227.127,1.76912,3.34551
228.125,1.76931,3.34571
229.123,1.7695,3.34591
230.121,1.76968,3.3461
231.119,1.76987,3.3463
232.118,1.77005,3.34649
233.116,1.77023,3.34669
234.114,1.77041,3.34688
235.112,1.77059,3.34707
236.11,1.77076,3.34725
237.109,1.77094,3.34744
238.107,1.77111,3.34762
239.105,1.77128,3.34781
240.103,1.77145,3.34799
241.102,1.77162,3.34817
242.1,1.77179,3.34835
243.098,1.77196,3.34852
244.097,1.77212,3.3487
245.095,1.77228,3.34887
246.093,1.77245,3.34905
247.092,1.77261,3.34922
248.09,1.77277,3.34939
249.088,1.77293,3.34956
250.087,1.77308,3.34972
251.085,1.77324,3.34989
252.084,1.77339,3.35005
253.082,1.77355,3.35022
254.081,1.7737,3.35038
255.079,1.77385,3.35054
256.078,1.774,3.3507
257.076,1.77415,3.35086
258.075,1.7743,3.35101
259.073,1.77444,3.35117
260.072,1.77459,3.35133
261.07,1.77473,3.35148
262.069,1.77487,3.35163
263.067,1.77502,3.35178
264.066,1.77516,3.35193
265.064,1.7753,3.35208
266.063,1.77544,3.35223
267.062,1.77557,3.35238
268.06,1.77571,3.35252
269.059,1.77585,3.35267
270.057,1.77598,3.35281
271.056,1.77611,3.35295
272.055,1.77625,3.35309
273.053,1.77638,3.35323
274.052,1.77651,3.35337
275.051,1.77664,3.35351
276.049,1.77677,3.35365
277.048,1.7769,3.35379
278.047,1.77702,3.35392
279.046,1.77715,3.35406
280.044,1.77727,3.35419
281.043,1.7774,3.35432
282.042,1.77752,3.35445
283.041,1.77764,3.35458
284.039,1.77776,3.35471
285.038,1.77789,3.35484
286.037,1.77801,3.35497
287.036,1.77812,3.3551
288.034,1.77824,3.35523
289.033,1.77836,3.35535
290.032,1.77848,3.35548
291.031,1.77859,3.3556
292.03,1.77871,3.35572
293.029,1.77882,3.35584
294.027,1.77894,3.35597
295.026,1.77905,3.35609
296.025,1.77916,3.35621
297.024,1.77927,3.35632
298.023,1.77938,3.35644
299.022,1.77949,3.35656
300.021,1.7796,3.35668
301.02,1.77971,3.35679
302.018,1.77982,3.35691
303.017,1.77992,3.35702
304.016,1.78003,3.35713
305.015,1.78013,3.35725
306.014,1.78024,3.35736
307.013,1.78034,3.35747
308.012,1.78045,3.35758
309.011,1.78055,3.35769
310.01,1.78065,3.3578
311.009,1.78075,3.35791
312.008,1.78085,3.35802
313.007,1.78095,3.35812
314.006,1.78105,3.35823
315.005,1.78115,3.35833
316.004,1.78125,3.35844
317.003,1.78135,3.35854
318.002,1.78144,3.35865
319.001,1.78154,3.35875
320,1.78164,3.35885
320.999,1.78173,3.35895
321.998,1.78182,3.35906
322.997,1.78192,3.35916
323.996,1.78201,3.35926
324.995,1.7821,3.35936
325.994,1.7822,3.35945
326.993,1.78229,3.35955
327.992,1.78238,3.35965
328.991,1.78247,3.35975
329.991,1.78256,3.35984
330.99,1.78265,3.35994
331.989,1.78274,3.36003
332.988,1.78283,3.36013
333.987,1.78291,3.36022
334.986,1.783,3.36032
335.985,1.78309,3.36041
336.984,1.78317,3.3605
337.983,1.78326,3.36059
338.983,1.78335,3.36069
339.982,1.78343,3.36078
340.981,1.78351,3.36087
341.98,1.7836,3.36096
342.979,1.78368,3.36105
343.978,1.78376,3.36113
344.977,1.78385,3.36122
345.977,1.78393,3.36131
346.976,1.78401,3.3614
347.975,1.78409,3.36148
348.974,1.78417,3.36157
349.973,1.78425,3.36166
350.973,1.78433,3.36174
351.972,1.78441,3.36183
352.971,1.78449,3.36191
353.97,1.78457,3.36199
354.969,1.78464,3.36208
355.969,1.78472,3.36216
356.968,1.7848,3.36224
357.967,1.78487,3.36232
358.966,1.78495,3.36241
359.965,1.78503,3.36249
360.965,1.7851,3.36257
361.964,1.78518,3.36265
362.963,1.78525,3.36273
363.962,1.78532,3.36281
364.962,1.7854,3.36289
365.961,1.78547,3.36296
366.96,1.78554,3.36304
367.959,1.78562,3.36312
368.959,1.78569,3.3632
369.958,1.78576,3.36327
370.957,1.78583,3.36335
371.957,1.7859,3.36343
372.956,1.78597,3.3635
373.955,1.78604,3.36358
374.954,1.78611,3.36365
375.954,1.78618,3.36373
376.953,1.78625,3.3638
377.952,1.78632,3.36387
378.952,1.78638,3.36395
379.951,1.78645,3.36402
380.95,1.78652,3.36409
381.95,1.78659,3.36416
382.949,1.78665,3.36424
383.948,1.78672,3.36431
384.947,1.78679,3.36438
385.947,1.78685,3.36445
386.946,1.78692,3.36452
387.946,1.78698,3.36459
388.945,1.78705,3.36466
389.944,1.78711,3.36473
390.944,1.78718,3.3648
391.943,1.78724,3.36486
392.942,1.7873,3.36493
393.942,1.78737,3.365
394.941,1.78743,3.36507
395.94,1.78749,3.36513
396.94,1.78755,3.3652
397.939,1.78761,3.36527
398.938,1.78768,3.36533
399.938,1.78774,3.3654
400.937,1.7878,3.36546
401.937,1.78786,3.36553
402.936,1.78792,3.36559
403.935,1.78798,3.36566
404.935,1.78804,3.36572
405.934,1.7881,3.36579
406.934,1.78816,3.36585
407.933,1.78821,3.36591
408.932,1.78827,3.36598
409.932,1.78833,3.36604
410.931,1.78839,3.3661
411.931,1.78845,3.36616
412.93,1.7885,3.36622
413.929,1.78856,3.36629
414.929,1.78862,3.36635
415.928,1.78867,3.36641
416.928,1.78873,3.36647
417.927,1.78879,3.36653
418.927,1.78884,3.36659
419.926,1.7889,3.36665
420.925,1.78895,3.36671
421.925,1.78901,3.36677
422.924,1.78906,3.36682
423.924,1.78912,3.36688
424.923,1.78917,3.36694
425.923,1.78922,3.367
426.922,1.78928,3.36706
427.922,1.78933,3.36711
428.921,1.78938,3.36717
429.92,1.78944,3.36723
430.92,1.78949,3.36729
431.919,1.78954,3.36734
432.919,1.78959,3.3674
433.918,1.78965,3.36745
434.918,1.7897,3.36751
435.917,1.78975,3.36756
436.917,1.7898,3.36762
437.916,1.78985,3.36767
438.916,1.7899,3.36773
439.915,1.78995,3.36778
440.915,1.79,3.36784
441.914,1.79005,3.36789
442.914,1.7901,3.36795
443.913,1.79015,3.368
444.913,1.7902,3.36805
445.912,1.79025,3.3681
446.912,1.7903,3.36816
447.911,1.79035,3.36821
448.911,1.7904,3.36826
449.91,1.79045,3.36831
450.91,1.79049,3.36837
451.909,1.79054,3.36842
452.909,1.79059,3.36847
453.908,1.79064,3.36852
454.908,1.79068,3.36857
455.907,1.79073,3.36862
456.907,1.79078,3.36867
457.906,1.79082,3.36872
458.906,1.79087,3.36877
459.905,1.79092,3.36882
460.905,1.79096,3.36887
461.904,1.79101,3.36892
462.904,1.79105,3.36897
463.903,1.7911,3.36902
464.903,1.79114,3.36907
465.903,1.79119,3.36912
466.902,1.79123,3.36916
467.902,1.79128,3.36921
468.901,1.79132,3.36926
469.901,1.79137,3.36931
470.9,1.79141,3.36935
471.9,1.79146,3.3694
472.899,1.7915,3.36945
473.899,1.79154,3.3695
474.898,1.79159,3.36954
475.898,1.79163,3.36959
476.898,1.79167,3.36964
477.897,1.79171,3.36968
478.897,1.79176,3.36973
479.896,1.7918,3.36977
480.896,1.79184,3.36982
481.895,1.79188,3.36986
482.895,1.79193,3.36991
483.895,1.79197,3.36995
484.894,1.79201,3.37
485.894,1.79205,3.37004
486.893,1.79209,3.37009
487.893,1.79213,3.37013
488.892,1.79217,3.37018
489.892,1.79221,3.37022
490.892,1.79225,3.37026
491.891,1.7923,3.37031
492.891,1.79234,3.37035
493.89,1.79238,3.37039
494.89,1.79242,3.37044
495.89,1.79245,3.37048
496.889,1.79249,3.37052
497.889,1.79253,3.37056
498.888,1.79257,3.37061
499.888,1.79261,3.37065
500.888,1.79265,3.37069
501.887,1.79269,3.37073
502.887,1.79273,3.37077
503.886,1.79277,3.37082
504.886,1.7928,3.37086
505.886,1.79284,3.3709
506.885,1.79288,3.37094
507.885,1.79292,3.37098
508.884,1.79296,3.37102
509.884,1.79299,3.37106
510.884,1.79303,3.3711
511.883,1.79307,3.37114
512.883,1.79311,3.37118
513.883,1.79314,3.37122
514.882,1.79318,3.37126
515.882,1.79322,3.3713
516.881,1.79325,3.37134
517.881,1.79329,3.37138
518.881,1.79333,3.37142
519.88,1.79336,3.37146
520.88,1.7934,3.3715
521.88,1.79343,3.37153
522.879,1.79347,3.37157
523.879,1.7935,3.37161
524.879,1.79354,3.37165
525.878,1.79358,3.37169
526.878,1.79361,3.37173
527.877,1.79365,3.37176
528.877,1.79368,3.3718
529.877,1.79372,3.37184
530.876,1.79375,3.37188
531.876,1.79378,3.37191
532.876,1.79382,3.37195
533.875,1.79385,3.37199
534.875,1.79389,3.37202
535.875,1.79392,3.37206
536.874,1.79395,3.3721
537.874,1.79399,3.37213
538.874,1.79402,3.37217
539.873,1.79406,3.37221
540.873,1.79409,3.37224
541.873,1.79412,3.37228
542.872,1.79416,3.37231
543.872,1.79419,3.37235
544.872,1.79422,3.37239
545.871,1.79425,3.37242
546.871,1.79429,3.37246
547.871,1.79432,3.37249
548.87,1.79435,3.37253
549.87,1.79438,3.37256
550.87,1.79442,3.3726
551.869,1.79445,3.37263
552.869,1.79448,3.37266
553.869,1.79451,3.3727
554.868,1.79454,3.37273
555.868,1.79457,3.37277
556.868,1.79461,3.3728
557.867,1.79464,3.37284
558.867,1.79467,3.37287
559.867,1.7947,3.3729
560.866,1.79473,3.37294
561.866,1.79476,3.37297
562.866,1.79479,3.373
563.865,1.79482,3.37304
564.865,1.79485,3.37307
565.865,1.79488,3.3731
566.864,1.79491,3.37313
567.864,1.79494,3.37317
568.864,1.79497,3.3732
569.864,1.79501,3.37323
570.863,1.79503,3.37326
571.863,1.79506,3.3733
572.863,1.79509,3.37333
573.862,1.79512,3.37336
574.862,1.79515,3.37339
575.862,1.79518,3.37342
576.861,1.79521,3.37346
577.861,1.79524,3.37349
578.861,1.79527,3.37352
579.861,1.7953,3.37355
580.86,1.79533,3.37358
581.86,1.79536,3.37361
582.86,1.79539,3.37364
583.859,1.79541,3.37367
584.859,1.79544,3.37371
585.859,1.79547,3.37374
586.858,1.7955,3.37377
587.858,1.79553,3.3738
588.858,1.79556,3.37383
589.858,1.79558,3.37386
590.857,1.79561,3.37389
591.857,1.79564,3.37392
592.857,1.79567,3.37395
593.856,1.7957,3.37398
594.856,1.79572,3.37401
595.856,1.79575,3.37404
596.856,1.79578,3.37407
597.855,1.79581,3.3741
598.855,1.79583,3.37413
599.855,1.79586,3.37416
600.855,1.79589,3.37418
601.854,1.79591,3.37421
602.854,1.79594,3.37424
603.854,1.79597,3.37427
604.853,1.79599,3.3743
605.853,1.79602,3.37433
606.853,1.79605,3.37436
607.853,1.79607,3.37439
608.852,1.7961,3.37441
609.852,1.79613,3.37444
610.852,1.79615,3.37447
611.852,1.79618,3.3745
612.851,1.7962,3.37453
613.851,1.79623,3.37456
614.851,1.79626,3.37458
615.85,1.79628,3.37461
616.85,1.79631,3.37464
617.85,1.79633,3.37467
618.85,1.79636,3.37469
619.849,1.79638,3.37472
620.849,1.79641,3.37475
621.849,1.79643,3.37478
622.849,1.79646,3.3748
623.848,1.79648,3.37483
624.848,1.79651,3.37486
625.848,1.79653,3.37488
626.848,1.79656,3.37491
627.847,1.79658,3.37494
628.847,1.79661,3.37496
629.847,1.79663,3.37499
630.847,1.79666,3.37502
631.846,1.79668,3.37504
632.846,1.79671,3.37507
633.846,1.79673,3.3751
634.846,1.79675,3.37512
635.845,1.79678,3.37515
636.845,1.7968,3.37517
637.845,1.79683,3.3752
638.845,1.79685,3.37523
639.844,1.79687,3.37525
640.844,1.7969,3.37528
641.844,1.79692,3.3753
642.844,1.79694,3.37533
643.843,1.79697,3.37535
644.843,1.79699,3.37538
645.843,1.79701,3.37541
646.843,1.79704,3.37543
647.842,1.79706,3.37546
648.842,1.79708,3.37548
649.842,1.79711,3.37551
650.842,1.79713,3.37553
651.842,1.79715,3.37556
652.841,1.79718,3.37558
653.841,1.7972,3.3756
654.841,1.79722,3.37563
655.841,1.79724,3.37565
656.84,1.79727,3.37568
657.84,1.79729,3.3757
658.84,1.79731,3.37573
659.84,1.79733,3.37575
660.839,1.79736,3.37578
661.839,1.79738,3.3758
662.839,1.7974,3.37582
663.839,1.79742,3.37585
664.839,1.79745,3.37587
665.838,1.79747,3.37589
666.838,1.79749,3.37592
667.838,1.79751,3.37594
668.838,1.79753,3.37597
669.837,1.79755,3.37599
670.837,1.79758,3.37601
671.837,1.7976,3.37604
672.837,1.79762,3.37606
673.837,1.79764,3.37608
674.836,1.79766,3.37611
675.836,1.79768,3.37613
676.836,1.7977,3.37615
677.836,1.79773,3.37617
678.835,1.79775,3.3762
679.835,1.79777,3.37622
680.835,1.79779,3.37624
681.835,1.79781,3.37627
682.835,1.79783,3.37629
683.834,1.79785,3.37631
684.834,1.79787,3.37633
685.834,1.79789,3.37636
686.834,1.79791,3.37638
687.834,1.79793,3.3764
688.833,1.79796,3.37642
689.833,1.79798,3.37645
690.833,1.798,3.37647
691.833,1.79802,3.37649
692.832,1.79804,3.37651
693.832,1.79806,3.37653
694.832,1.79808,3.37656
695.832,1.7981,3.37658
696.832,1.79812,3.3766
697.831,1.79814,3.37662
698.831,1.79816,3.37664
699.831,1.79818,3.37666
700.831,1.7982,3.37668
701.831,1.79822,3.37671
702.83,1.79824,3.37673
703.83,1.79826,3.37675
704.83,1.79828,3.37677
705.83,1.7983,3.37679
706.83,1.79831,3.37681
707.829,1.79833,3.37683
708.829,1.79835,3.37685
709.829,1.79837,3.37688
710.829,1.79839,3.3769
711.829,1.79841,3.37692
712.828,1.79843,3.37694
713.828,1.79845,3.37696
714.828,1.79847,3.37698
715.828,1.79849,3.377
716.828,1.79851,3.37702
717.827,1.79853,3.37704
718.827,1.79854,3.37706
719.827,1.79856,3.37708
720.827,1.79858,3.3771
721.827,1.7986,3.37712
722.827,1.79862,3.37714
723.826,1.79864,3.37716
724.826,1.79866,3.37718
725.826,1.79868,3.3772
726.826,1.79869,3.37722
727.826,1.79871,3.37724
728.825,1.79873,3.37726
729.825,1.79875,3.37728
730.825,1.79877,3.3773
731.825,1.79878,3.37732
732.825,1.7988,3.37734
733.824,1.79882,3.37736
734.824,1.79884,3.37738
735.824,1.79886,3.3774
736.824,1.79888,3.37742
737.824,1.79889,3.37744
738.824,1.79891,3.37746
739.823,1.79893,3.37748
740.823,1.79895,3.3775
741.823,1.79896,3.37752
742.823,1.79898,3.37753
743.823,1.799,3.37755
744.822,1.79902,3.37757
745.822,1.79903,3.37759
746.822,1.79905,3.37761
747.822,1.79907,3.37763
748.822,1.79909,3.37765
749.822,1.7991,3.37767
750.821,1.79912,3.37769
751.821,1.79914,3.3777
752.821,1.79916,3.37772
753.821,1.79917,3.37774
754.821,1.79919,3.37776
755.82,1.79921,3.37778
756.82,1.79922,3.3778
757.82,1.79924,3.37782
758.82,1.79926,3.37783
759.82,1.79927,3.37785
760.82,1.79929,3.37787
761.819,1.79931,3.37789
762.819,1.79933,3.37791
763.819,1.79934,3.37793
764.819,1.79936,3.37794
765.819,1.79937,3.37796
766.819,1.79939,3.37798
767.818,1.79941,3.378
768.818,1.79942,3.37801
769.818,1.79944,3.37803
770.818,1.79946,3.37805
771.818,1.79947,3.37807
772.818,1.79949,3.37809
773.817,1.79951,3.3781
774.817,1.79952,3.37812
775.817,1.79954,3.37814
776.817,1.79955,3.37816
777.817,1.79957,3.37817
778.817,1.79959,3.37819
779.816,1.7996,3.37821
780.816,1.79962,3.37823
781.816,1.79963,3.37824
782.816,1.79965,3.37826
783.816,1.79967,3.37828
784.816,1.79968,3.37829
785.815,1.7997,3.37831
786.815,1.79971,3.37833
787.815,1.79973,3.37835
788.815,1.79975,3.37836
789.815,1.79976,3.37838
790.815,1.79978,3.3784
791.814,1.79979,3.37841
792.814,1.79981,3.37843
793.814,1.79982,3.37845
794.814,1.79984,3.37846
795.814,1.79985,3.37848
796.814,1.79987,3.3785
797.814,1.79988,3.37851
798.813,1.7999,3.37853
799.813,1.79991,3.37855
800.813,1.79993,3.37856
801.813,1.79995,3.37858
802.813,1.79996,3.3786
803.813,1.79998,3.37861
804.812,1.79999,3.37863
805.812,1.80001,3.37864
806.812,1.80002,3.37866
807.812,1.80004,3.37868
808.812,1.80005,3.37869
809.812,1.80006,3.37871
810.812,1.80008,3.37873
811.811,1.80009,3.37874
812.811,1.80011,3.37876
813.811,1.80012,3.37877
814.811,1.80014,3.37879
815.811,1.80015,3.3788
816.811,1.80017,3.37882
817.81,1.80018,3.37884
818.81,1.8002,3.37885
819.81,1.80021,3.37887
820.81,1.80023,3.37888
821.81,1.80024,3.3789
822.81,1.80025,3.37891
823.81,1.80027,3.37893
824.809,1.80028,3.37895
825.809,1.8003,3.37896
826.809,1.80031,3.37898
827.809,1.80033,3.37899
828.809,1.80034,3.37901
829.809,1.80035,3.37902
830.809,1.80037,3.37904
831.808,1.80038,3.37905
832.808,1.8004,3.37907
833.808,1.80041,3.37908
834.808,1.80042,3.3791
835.808,1.80044,3.37911
836.808,1.80045,3.37913
837.808,1.80047,3.37914
838.807,1.80048,3.37916
839.807,1.80049,3.37917
840.807,1.80051,3.37919
841.807,1.80052,3.3792
842.807,1.80053,3.37922
843.807,1.80055,3.37923
844.807,1.80056,3.37925
845.806,1.80058,3.37926
846.806,1.80059,3.37928
847.806,1.8006,3.37929
848.806,1.80062,3.37931
849.806,1.80063,3.37932
850.806,1.80064,3.37934
851.806,1.80066,3.37935
852.805,1.80067,3.37937
853.805,1.80068,3.37938
854.805,1.8007,3.37939
855.805,1.80071,3.37941
856.805,1.80072,3.37942
857.805,1.80074,3.37944
858.805,1.80075,3.37945
859.805,1.80076,3.37947
860.804,1.80078,3.37948
861.804,1.80079,3.37949
862.804,1.8008,3.37951
863.804,1.80082,3.37952
864.804,1.80083,3.37954
865.804,1.80084,3.37955
866.804,1.80085,3.37957
867.803,1.80087,3.37958
868.803,1.80088,3.37959
869.803,1.80089,3.37961
870.803,1.80091,3.37962
871.803,1.80092,3.37964
872.803,1.80093,3.37965
873.803,1.80094,3.37966
874.803,1.80096,3.37968
875.802,1.80097,3.37969
876.802,1.80098,3.3797
877.802,1.80099,3.37972
878.802,1.80101,3.37973
879.802,1.80102,3.37975
880.802,1.80103,3.37976
881.802,1.80105,3.37977
882.801,1.80106,3.37979
883.801,1.80107,3.3798
884.801,1.80108,3.37981
885.801,1.80109,3.37983
886.801,1.80111,3.37984
887.801,1.80112,3.37985
888.801,1.80113,3.37987
889.801,1.80114,3.37988
890.8,1.80116,3.37989
891.8,1.80117,3.37991
892.8,1.80118,3.37992
893.8,1.80119,3.37993
894.8,1.80121,3.37995
895.8,1.80122,3.37996
896.8,1.80123,3.37997
897.8,1.80124,3.37999
898.799,1.80125,3.38
899.799,1.80127,3.38001
900.799,1.80128,3.38002
901.799,1.80129,3.38004
902.799,1.8013,3.38005
903.799,1.80131,3.38006
904.799,1.80133,3.38008
905.799,1.80134,3.38009
906.799,1.80135,3.3801
907.798,1.80136,3.38011
908.798,1.80137,3.38013
909.798,1.80138,3.38014
910.798,1.8014,3.38015
911.798,1.80141,3.38017
912.798,1.80142,3.38018
913.798,1.80143,3.38019
914.798,1.80144,3.3802
915.797,1.80145,3.38022
916.797,1.80147,3.38023
917.797,1.80148,3.38024
918.797,1.80149,3.38025
919.797,1.8015,3.38027
920.797,1.80151,3.38028
921.797,1.80152,3.38029
922.797,1.80153,3.3803
923.796,1.80155,3.38032
924.796,1.80156,3.38033
925.796,1.80157,3.38034
926.796,1.80158,3.38035
927.796,1.80159,3.38037
928.796,1.8016,3.38038
929.796,1.80161,3.38039
930.796,1.80163,3.3804
931.796,1.80164,3.38041
932.795,1.80165,3.38043
933.795,1.80166,3.38044
934.795,1.80167,3.38045
935.795,1.80168,3.38046
936.795,1.80169,3.38047
937.795,1.8017,3.38049
938.795,1.80171,3.3805
939.795,1.80173,3.38051
940.795,1.80174,3.38052
941.794,1.80175,3.38053
942.794,1.80176,3.38055
943.794,1.80177,3.38056
944.794,1.80178,3.38057
945.794,1.80179,3.38058
946.794,1.8018,3.38059
947.794,1.80181,3.38061
948.794,1.80182,3.38062
949.794,1.80183,3.38063
950.793,1.80184,3.38064
951.793,1.80186,3.38065
952.793,1.80187,3.38066
953.793,1.80188,3.38068
954.793,1.80189,3.38069
955.793,1.8019,3.3807
956.793,1.80191,3.38071
957.793,1.80192,3.38072
958.793,1.80193,3.38073
959.792,1.80194,3.38074
960.792,1.80195,3.38076
961.792,1.80196,3.38077
962.792,1.80197,3.38078
963.792,1.80198,3.38079
964.792,1.80199,3.3808
965.792,1.802,3.38081
966.792,1.80201,3.38082
967.792,1.80202,3.38084
968.791,1.80203,3.38085
969.791,1.80205,3.38086
970.791,1.80206,3.38087
971.791,1.80207,3.38088
972.791,1.80208,3.38089
973.791,1.80209,3.3809
974.791,1.8021,3.38091
975.791,1.80211,3.38092
976.791,1.80212,3.38094
977.791,1.80213,3.38095
978.79,1.80214,3.38096
979.79,1.80215,3.38097
980.79,1.80216,3.38098
981.79,1.80217,3.38099
982.79,1.80218,3.381
983.79,1.80219,3.38101
984.79,1.8022,3.38102
985.79,1.80221,3.38103
986.79,1.80222,3.38105
987.789,1.80223,3.38106
988.789,1.80224,3.38107
989.789,1.80225,3.38108
990.789,1.80226,3.38109
991.789,1.80227,3.3811
992.789,1.80228,3.38111
993.789,1.80229,3.38112
994.789,1.8023,3.38113
995.789,1.80231,3.38114
996.789,1.80232,3.38115
997.788,1.80233,3.38116
