999.101,1.57079,0.0015808
998.101,1.57078,0.00159083
997.102,1.57077,0.00160088
996.102,1.57076,0.00161095
995.102,1.57075,0.00162104
994.102,1.57074,0.00163115
993.102,1.57073,0.00164128
992.102,1.57072,0.00165143
991.102,1.57071,0.0016616
990.102,1.5707,0.00167179
989.102,1.57069,0.00168201
988.102,1.57067,0.00169224
987.103,1.57066,0.00170249
986.103,1.57065,0.00171277
985.103,1.57064,0.00172306
984.103,1.57063,0.00173338
983.103,1.57062,0.00174371
982.103,1.57061,0.00175407
981.103,1.5706,0.00176445
980.103,1.57059,0.00177485
979.103,1.57058,0.00178527
978.103,1.57057,0.00179572
977.104,1.57056,0.00180618
976.104,1.57055,0.00181666
975.104,1.57054,0.00182717
974.104,1.57053,0.0018377
973.104,1.57052,0.00184825
972.104,1.57051,0.00185882
971.104,1.5705,0.00186942
970.104,1.57049,0.00188003
969.104,1.57048,0.00189067
968.105,1.57047,0.00190133
967.105,1.57046,0.00191201
966.105,1.57044,0.00192271
965.105,1.57043,0.00193344
964.105,1.57042,0.00194418
963.105,1.57041,0.00195495
962.105,1.5704,0.00196575
961.105,1.57039,0.00197656
960.105,1.57038,0.0019874
959.105,1.57037,0.00199826
958.106,1.57036,0.00200914
957.106,1.57035,0.00202005
956.106,1.57034,0.00203097
955.106,1.57033,0.00204192
954.106,1.57031,0.0020529
953.106,1.5703,0.0020639
952.106,1.57029,0.00207492
951.106,1.57028,0.00208596
950.106,1.57027,0.00209702
949.107,1.57026,0.00210811
948.107,1.57025,0.00211923
947.107,1.57024,0.00213036
946.107,1.57023,0.00214152
945.107,1.57021,0.00215271
944.107,1.5702,0.00216391
943.107,1.57019,0.00217514
942.107,1.57018,0.0021864
941.107,1.57017,0.00219768
940.108,1.57016,0.00220898
939.108,1.57015,0.00222031
938.108,1.57014,0.00223166
937.108,1.57012,0.00224303
936.108,1.57011,0.00225443
935.108,1.5701,0.00226585
934.108,1.57009,0.0022773
933.108,1.57008,0.00228877
932.109,1.57007,0.00230027
931.109,1.57006,0.00231179
930.109,1.57004,0.00232334
929.109,1.57003,0.00233491
928.109,1.57002,0.00234651
927.109,1.57001,0.00235813
926.109,1.57,0.00236977
925.109,1.56999,0.00238144
924.109,1.56997,0.00239314
923.11,1.56996,0.00240486
922.11,1.56995,0.00241661
921.11,1.56994,0.00242838
920.11,1.56993,0.00244018
919.11,1.56992,0.00245201
918.11,1.5699,0.00246385
917.11,1.56989,0.00247573
916.11,1.56988,0.00248763
915.11,1.56987,0.00249956
914.111,1.56986,0.00251151
913.111,1.56984,0.00252349
912.111,1.56983,0.0025355
911.111,1.56982,0.00254753
910.111,1.56981,0.00255959
909.111,1.5698,0.00257167
908.111,1.56978,0.00258378
907.111,1.56977,0.00259592
906.112,1.56976,0.00260809
905.112,1.56975,0.00262028
904.112,1.56973,0.0026325
903.112,1.56972,0.00264474
902.112,1.56971,0.00265702
901.112,1.5697,0.00266932
900.112,1.56969,0.00268164
899.112,1.56967,0.002694
898.113,1.56966,0.00270638
897.113,1.56965,0.00271879
896.113,1.56964,0.00273123
895.113,1.56962,0.00274369
894.113,1.56961,0.00275619
893.113,1.5696,0.00276871
892.113,1.56959,0.00278126
891.113,1.56957,0.00279384
890.114,1.56956,0.00280644
889.114,1.56955,0.00281907
888.114,1.56954,0.00283174
887.114,1.56952,0.00284443
886.114,1.56951,0.00285715
885.114,1.5695,0.00286989
884.114,1.56948,0.00288267
883.114,1.56947,0.00289548
882.115,1.56946,0.00290831
881.115,1.56945,0.00292118
880.115,1.56943,0.00293407
879.115,1.56942,0.00294699
878.115,1.56941,0.00295994
877.115,1.56939,0.00297292
876.115,1.56938,0.00298593
875.115,1.56937,0.00299898
874.116,1.56935,0.00301205
873.116,1.56934,0.00302515
872.116,1.56933,0.00303828
871.116,1.56932,0.00305144
870.116,1.5693,0.00306463
869.116,1.56929,0.00307785
868.116,1.56928,0.0030911
867.117,1.56926,0.00310438
866.117,1.56925,0.00311769
865.117,1.56924,0.00313104
864.117,1.56922,0.00314441
863.117,1.56921,0.00315782
862.117,1.5692,0.00317125
861.117,1.56918,0.00318472
860.117,1.56917,0.00319822
859.118,1.56916,0.00321175
858.118,1.56914,0.00322531
857.118,1.56913,0.0032389
856.118,1.56911,0.00325253
855.118,1.5691,0.00326618
854.118,1.56909,0.00327987
853.118,1.56907,0.00329359
852.119,1.56906,0.00330734
851.119,1.56905,0.00332113
850.119,1.56903,0.00333495
849.119,1.56902,0.0033488
848.119,1.569,0.00336268
847.119,1.56899,0.00337659
846.119,1.56898,0.00339054
845.12,1.56896,0.00340452
844.12,1.56895,0.00341854
843.12,1.56893,0.00343258
842.12,1.56892,0.00344666
841.12,1.56891,0.00346078
840.12,1.56889,0.00347493
839.12,1.56888,0.00348911
838.12,1.56886,0.00350332
837.121,1.56885,0.00351757
836.121,1.56883,0.00353185
835.121,1.56882,0.00354617
834.121,1.56881,0.00356052
833.121,1.56879,0.00357491
832.121,1.56878,0.00358933
831.121,1.56876,0.00360378
830.122,1.56875,0.00361827
829.122,1.56873,0.0036328
828.122,1.56872,0.00364736
827.122,1.5687,0.00366195
826.122,1.56869,0.00367658
825.122,1.56868,0.00369125
824.123,1.56866,0.00370595
823.123,1.56865,0.00372069
822.123,1.56863,0.00373546
821.123,1.56862,0.00375027
820.123,1.5686,0.00376511
819.123,1.56859,0.00377999
818.123,1.56857,0.00379491
817.124,1.56856,0.00380986
816.124,1.56854,0.00382485
815.124,1.56853,0.00383988
814.124,1.56851,0.00385494
813.124,1.5685,0.00387004
812.124,1.56848,0.00388518
811.124,1.56847,0.00390036
810.125,1.56845,0.00391557
809.125,1.56844,0.00393082
808.125,1.56842,0.00394611
807.125,1.56841,0.00396143
806.125,1.56839,0.0039768
805.125,1.56837,0.0039922
804.126,1.56836,0.00400764
803.126,1.56834,0.00402312
802.126,1.56833,0.00403863
801.126,1.56831,0.00405419
800.126,1.5683,0.00406978
799.126,1.56828,0.00408542
798.126,1.56827,0.00410109
797.127,1.56825,0.0041168
796.127,1.56823,0.00413255
795.127,1.56822,0.00414834
794.127,1.5682,0.00416417
793.127,1.56819,0.00418005
792.127,1.56817,0.00419596
791.128,1.56815,0.00421191
790.128,1.56814,0.0042279
789.128,1.56812,0.00424393
788.128,1.56811,0.00426
787.128,1.56809,0.00427611
786.128,1.56807,0.00429227
785.129,1.56806,0.00430846
784.129,1.56804,0.0043247
783.129,1.56803,0.00434097
782.129,1.56801,0.00435729
781.129,1.56799,0.00437365
780.129,1.56798,0.00439006
779.129,1.56796,0.0044065
778.13,1.56794,0.00442299
777.13,1.56793,0.00443952
776.13,1.56791,0.00445609
775.13,1.56789,0.0044727
774.13,1.56788,0.00448936
773.13,1.56786,0.00450606
772.131,1.56784,0.00452281
771.131,1.56783,0.00453959
770.131,1.56781,0.00455642
769.131,1.56779,0.0045733
768.131,1.56778,0.00459021
767.131,1.56776,0.00460718
766.132,1.56774,0.00462418
765.132,1.56772,0.00464123
764.132,1.56771,0.00465833
763.132,1.56769,0.00467547
762.132,1.56767,0.00469265
761.133,1.56766,0.00470988
760.133,1.56764,0.00472716
759.133,1.56762,0.00474448
758.133,1.5676,0.00476185
757.133,1.56759,0.00477926
756.133,1.56757,0.00479672
755.134,1.56755,0.00481422
754.134,1.56753,0.00483177
753.134,1.56752,0.00484937
752.134,1.5675,0.00486701
751.134,1.56748,0.0048847
750.134,1.56746,0.00490244
749.135,1.56745,0.00492023
748.135,1.56743,0.00493806
747.135,1.56741,0.00495594
746.135,1.56739,0.00497387
745.135,1.56737,0.00499184
744.136,1.56736,0.00500987
743.136,1.56734,0.00502794
742.136,1.56732,0.00504606
741.136,1.5673,0.00506423
740.136,1.56728,0.00508245
739.136,1.56727,0.00510072
738.137,1.56725,0.00511904
737.137,1.56723,0.00513741
736.137,1.56721,0.00515582
735.137,1.56719,0.00517429
734.137,1.56717,0.00519281
733.138,1.56715,0.00521138
732.138,1.56714,0.00523
731.138,1.56712,0.00524867
730.138,1.5671,0.00526739
729.138,1.56708,0.00528616
728.138,1.56706,0.00530498
727.139,1.56704,0.00532386
726.139,1.56702,0.00534278
725.139,1.567,0.00536176
724.139,1.56698,0.0053808
723.139,1.56697,0.00539988
722.14,1.56695,0.00541902
721.14,1.56693,0.00543821
720.14,1.56691,0.00545745
719.14,1.56689,0.00547675
718.14,1.56687,0.0054961
717.141,1.56685,0.0055155
716.141,1.56683,0.00553496
715.141,1.56681,0.00555447
714.141,1.56679,0.00557404
713.141,1.56677,0.00559366
712.142,1.56675,0.00561334
711.142,1.56673,0.00563307
710.142,1.56671,0.00565286
709.142,1.56669,0.0056727
708.142,1.56667,0.0056926
707.143,1.56665,0.00571255
706.143,1.56663,0.00573257
705.143,1.56661,0.00575264
704.143,1.56659,0.00577276
703.143,1.56657,0.00579294
702.144,1.56655,0.00581318
701.144,1.56653,0.00583348
700.144,1.56651,0.00585384
699.144,1.56649,0.00587425
698.144,1.56647,0.00589472
697.145,1.56645,0.00591525
696.145,1.56643,0.00593584
695.145,1.56641,0.00595649
694.145,1.56639,0.0059772
693.145,1.56637,0.00599797
692.146,1.56635,0.0060188
691.146,1.56633,0.00603968
690.146,1.5663,0.00606063
689.146,1.56628,0.00608164
688.146,1.56626,0.00610271
687.147,1.56624,0.00612384
686.147,1.56622,0.00614504
685.147,1.5662,0.00616629
684.147,1.56618,0.00618761
683.147,1.56616,0.00620899
682.148,1.56613,0.00623043
681.148,1.56611,0.00625193
680.148,1.56609,0.0062735
679.148,1.56607,0.00629513
678.149,1.56605,0.00631682
677.149,1.56603,0.00633858
676.149,1.566,0.00636041
675.149,1.56598,0.00638229
674.149,1.56596,0.00640425
673.15,1.56594,0.00642626
672.15,1.56592,0.00644834
671.15,1.56589,0.00647049
670.15,1.56587,0.00649271
669.15,1.56585,0.00651499
668.151,1.56583,0.00653734
667.151,1.5658,0.00655975
666.151,1.56578,0.00658223
665.151,1.56576,0.00660478
664.152,1.56574,0.0066274
663.152,1.56571,0.00665008
662.152,1.56569,0.00667283
661.152,1.56567,0.00669566
660.153,1.56565,0.00671855
659.153,1.56562,0.00674151
658.153,1.5656,0.00676454
657.153,1.56558,0.00678764
656.153,1.56555,0.00681081
655.154,1.56553,0.00683405
654.154,1.56551,0.00685736
653.154,1.56548,0.00688074
652.154,1.56546,0.0069042
651.155,1.56544,0.00692772
650.155,1.56541,0.00695132
649.155,1.56539,0.00697499
648.155,1.56537,0.00699874
647.156,1.56534,0.00702255
646.156,1.56532,0.00704644
645.156,1.56529,0.00707041
644.156,1.56527,0.00709445
643.157,1.56525,0.00711856
642.157,1.56522,0.00714275
641.157,1.5652,0.00716701
640.157,1.56517,0.00719135
639.157,1.56515,0.00721577
638.158,1.56512,0.00724026
637.158,1.5651,0.00726483
636.158,1.56507,0.00728948
635.158,1.56505,0.0073142
634.159,1.56502,0.007339
633.159,1.565,0.00736388
632.159,1.56497,0.00738884
631.159,1.56495,0.00741388
630.16,1.56492,0.00743899
629.16,1.5649,0.00746419
628.16,1.56487,0.00748947
627.16,1.56485,0.00751482
626.161,1.56482,0.00754026
625.161,1.5648,0.00756578
624.161,1.56477,0.00759138
623.161,1.56475,0.00761706
622.162,1.56472,0.00764283
621.162,1.56469,0.00766867
620.162,1.56467,0.0076946
619.162,1.56464,0.00772062
618.163,1.56462,0.00774672
617.163,1.56459,0.0077729
616.163,1.56456,0.00779917
615.164,1.56454,0.00782552
614.164,1.56451,0.00785196
613.164,1.56448,0.00787848
612.164,1.56446,0.0079051
611.165,1.56443,0.00793179
610.165,1.5644,0.00795858
609.165,1.56438,0.00798545
608.165,1.56435,0.00801241
607.166,1.56432,0.00803946
606.166,1.5643,0.0080666
605.166,1.56427,0.00809383
604.166,1.56424,0.00812115
603.167,1.56421,0.00814856
602.167,1.56419,0.00817606
601.167,1.56416,0.00820365
600.168,1.56413,0.00823133
599.168,1.5641,0.00825911
598.168,1.56408,0.00828698
597.168,1.56405,0.00831494
596.169,1.56402,0.00834299
595.169,1.56399,0.00837114
594.169,1.56396,0.00839939
593.17,1.56393,0.00842772
592.17,1.56391,0.00845616
591.17,1.56388,0.00848469
590.17,1.56385,0.00851331
589.171,1.56382,0.00854204
588.171,1.56379,0.00857086
587.171,1.56376,0.00859978
586.172,1.56373,0.0086288
585.172,1.5637,0.00865791
584.172,1.56367,0.00868713
583.172,1.56365,0.00871644
582.173,1.56362,0.00874586
581.173,1.56359,0.00877538
580.173,1.56356,0.008805
579.174,1.56353,0.00883472
578.174,1.5635,0.00886454
577.174,1.56347,0.00889447
576.174,1.56344,0.0089245
575.175,1.56341,0.00895463
574.175,1.56338,0.00898487
573.175,1.56335,0.00901522
572.176,1.56332,0.00904567
571.176,1.56328,0.00907623
570.176,1.56325,0.00910689
569.177,1.56322,0.00913766
568.177,1.56319,0.00916854
567.177,1.56316,0.00919953
566.178,1.56313,0.00923063
565.178,1.5631,0.00926184
564.178,1.56307,0.00929315
563.178,1.56304,0.00932458
562.179,1.563,0.00935612
561.179,1.56297,0.00938778
560.179,1.56294,0.00941954
559.18,1.56291,0.00945142
558.18,1.56288,0.00948341
557.18,1.56284,0.00951552
556.181,1.56281,0.00954774
555.181,1.56278,0.00958008
554.181,1.56275,0.00961254
553.182,1.56271,0.00964511
552.182,1.56268,0.0096778
551.182,1.56265,0.00971061
550.183,1.56262,0.00974354
549.183,1.56258,0.00977658
548.183,1.56255,0.00980975
547.184,1.56252,0.00984304
546.184,1.56248,0.00987645
545.184,1.56245,0.00990998
544.185,1.56242,0.00994364
543.185,1.56238,0.00997742
542.185,1.56235,0.0100113
541.186,1.56231,0.0100453
540.186,1.56228,0.0100795
539.186,1.56225,0.0101138
538.187,1.56221,0.0101482
537.187,1.56218,0.0101827
536.187,1.56214,0.0102174
535.188,1.56211,0.0102522
534.188,1.56207,0.0102871
533.188,1.56204,0.0103222
532.189,1.562,0.0103573
531.189,1.56197,0.0103927
530.189,1.56193,0.0104281
529.19,1.56189,0.0104637
528.19,1.56186,0.0104994
527.191,1.56182,0.0105353
526.191,1.56179,0.0105713
525.191,1.56175,0.0106074
524.192,1.56171,0.0106437
523.192,1.56168,0.0106801
522.192,1.56164,0.0107166
521.193,1.5616,0.0107533
520.193,1.56157,0.0107901
519.193,1.56153,0.0108271
518.194,1.56149,0.0108642
517.194,1.56146,0.0109014
516.195,1.56142,0.0109388
515.195,1.56138,0.0109764
514.195,1.56134,0.011014
513.196,1.56131,0.0110519
512.196,1.56127,0.0110898
511.196,1.56123,0.011128
510.197,1.56119,0.0111662
509.197,1.56115,0.0112047
508.198,1.56111,0.0112432
507.198,1.56107,0.011282
506.198,1.56104,0.0113209
505.199,1.561,0.0113599
504.199,1.56096,0.0113991
503.199,1.56092,0.0114384
502.2,1.56088,0.0114779
501.2,1.56084,0.0115176
500.201,1.5608,0.0115574
499.201,1.56076,0.0115974
498.201,1.56072,0.0116375
497.202,1.56068,0.0116778
496.202,1.56064,0.0117183
495.203,1.5606,0.0117589
494.203,1.56056,0.0117997
493.203,1.56051,0.0118406
492.204,1.56047,0.0118817
491.204,1.56043,0.011923
490.205,1.56039,0.0119645
489.205,1.56035,0.0120061
488.206,1.56031,0.0120479
487.206,1.56027,0.0120898
486.206,1.56022,0.012132
485.207,1.56018,0.0121743
484.207,1.56014,0.0122168
483.208,1.5601,0.0122594
482.208,1.56005,0.0123023
481.209,1.56001,0.0123453
480.209,1.55997,0.0123885
479.209,1.55992,0.0124318
478.21,1.55988,0.0124754
477.21,1.55983,0.0125191
476.211,1.55979,0.012563
475.211,1.55975,0.0126071
474.212,1.5597,0.0126514
473.212,1.55966,0.0126959
472.212,1.55961,0.0127406
471.213,1.55957,0.0127854
470.213,1.55952,0.0128304
469.214,1.55948,0.0128757
468.214,1.55943,0.0129211
467.215,1.55939,0.0129667
466.215,1.55934,0.0130125
465.216,1.55929,0.0130585
464.216,1.55925,0.0131048
463.217,1.5592,0.0131512
462.217,1.55915,0.0131978
461.217,1.55911,0.0132446
460.218,1.55906,0.0132916
459.218,1.55901,0.0133388
458.219,1.55897,0.0133862
457.219,1.55892,0.0134339
456.22,1.55887,0.0134817
455.22,1.55882,0.0135297
454.221,1.55877,0.013578
453.221,1.55872,0.0136265
452.222,1.55868,0.0136752
451.222,1.55863,0.0137241
450.223,1.55858,0.0137732
449.223,1.55853,0.0138225
448.224,1.55848,0.0138721
447.224,1.55843,0.0139218
446.225,1.55838,0.0139718
445.225,1.55833,0.0140221
444.226,1.55828,0.0140725
443.226,1.55823,0.0141232
442.227,1.55818,0.0141741
441.227,1.55812,0.0142252
440.228,1.55807,0.0142766
439.228,1.55802,0.0143282
438.229,1.55797,0.01438
437.229,1.55792,0.0144321
436.23,1.55786,0.0144844
435.23,1.55781,0.0145369
434.231,1.55776,0.0145897
433.231,1.55771,0.0146427
432.232,1.55765,0.014696
431.232,1.5576,0.0147495
430.233,1.55754,0.0148033
429.233,1.55749,0.0148573
428.234,1.55744,0.0149116
427.235,1.55738,0.0149661
426.235,1.55733,0.0150209
425.236,1.55727,0.015076
424.236,1.55722,0.0151312
423.237,1.55716,0.0151868
422.237,1.5571,0.0152426
421.238,1.55705,0.0152987
420.238,1.55699,0.0153551
419.239,1.55693,0.0154117
418.24,1.55688,0.0154686
417.24,1.55682,0.0155257
416.241,1.55676,0.0155832
415.241,1.5567,0.0156409
414.242,1.55665,0.0156989
413.242,1.55659,0.0157571
412.243,1.55653,0.0158157
411.244,1.55647,0.0158745
410.244,1.55641,0.0159336
409.245,1.55635,0.015993
408.245,1.55629,0.0160527
407.246,1.55623,0.0161127
406.247,1.55617,0.016173
405.247,1.55611,0.0162336
404.248,1.55605,0.0162945
403.248,1.55599,0.0163557
402.249,1.55593,0.0164171
401.25,1.55586,0.0164789
400.25,1.5558,0.016541
399.251,1.55574,0.0166034
398.251,1.55568,0.0166662
397.252,1.55561,0.0167292
396.253,1.55555,0.0167926
395.253,1.55548,0.0168562
394.254,1.55542,0.0169202
393.255,1.55536,0.0169845
392.255,1.55529,0.0170492
391.256,1.55523,0.0171142
390.257,1.55516,0.0171795
389.257,1.55509,0.0172451
388.258,1.55503,0.0173111
387.259,1.55496,0.0173774
386.259,1.5549,0.0174441
385.26,1.55483,0.0175111
384.261,1.55476,0.0175784
383.261,1.55469,0.0176462
382.262,1.55462,0.0177142
381.263,1.55456,0.0177826
380.263,1.55449,0.0178514
379.264,1.55442,0.0179205
378.265,1.55435,0.01799
377.265,1.55428,0.0180599
376.266,1.55421,0.0181301
375.267,1.55414,0.0182008
374.267,1.55406,0.0182717
373.268,1.55399,0.0183431
372.269,1.55392,0.0184149
371.27,1.55385,0.018487
370.27,1.55378,0.0185595
369.271,1.5537,0.0186324
368.272,1.55363,0.0187057
367.272,1.55355,0.0187794
366.273,1.55348,0.0188535
365.274,1.55341,0.0189281
364.275,1.55333,0.019003
363.275,1.55325,0.0190783
362.276,1.55318,0.0191541
361.277,1.5531,0.0192302
360.278,1.55303,0.0193068
359.278,1.55295,0.0193838
358.279,1.55287,0.0194613
357.28,1.55279,0.0195391
356.281,1.55271,0.0196174
355.282,1.55263,0.0196962
354.282,1.55255,0.0197754
353.283,1.55247,0.019855
352.284,1.55239,0.0199351
351.285,1.55231,0.0200156
350.286,1.55223,0.0200966
349.286,1.55215,0.0201781
348.287,1.55207,0.02026
347.288,1.55199,0.0203424
346.289,1.5519,0.0204253
345.29,1.55182,0.0205087
344.29,1.55173,0.0205925
343.291,1.55165,0.0206768
342.292,1.55156,0.0207616
341.293,1.55148,0.0208469
340.294,1.55139,0.0209327
339.295,1.55131,0.0210191
338.296,1.55122,0.0211059
337.296,1.55113,0.0211932
336.297,1.55104,0.0212811
335.298,1.55095,0.0213694
334.299,1.55086,0.0214583
333.3,1.55078,0.0215478
332.301,1.55068,0.0216377
331.302,1.55059,0.0217282
330.303,1.5505,0.0218193
329.304,1.55041,0.0219109
328.304,1.55032,0.0220031
327.305,1.55022,0.0220958
326.306,1.55013,0.0221891
325.307,1.55004,0.0222829
324.308,1.54994,0.0223774
323.309,1.54985,0.0224724
322.31,1.54975,0.022568
321.311,1.54965,0.0226642
320.312,1.54956,0.022761
319.313,1.54946,0.0228584
318.314,1.54936,0.0229564
317.315,1.54926,0.0230551
316.316,1.54916,0.0231543
315.317,1.54906,0.0232542
314.318,1.54896,0.0233547
313.319,1.54886,0.0234559
312.32,1.54876,0.0235577
311.321,1.54865,0.0236601
310.322,1.54855,0.0237632
309.323,1.54844,0.023867
308.324,1.54834,0.0239714
307.325,1.54823,0.0240766
306.326,1.54813,0.0241824
305.327,1.54802,0.0242889
304.328,1.54791,0.024396
303.329,1.5478,0.0245039
302.33,1.5477,0.0246125
301.331,1.54759,0.0247219
300.332,1.54748,0.0248319
299.334,1.54736,0.0249427
298.335,1.54725,0.0250542
297.336,1.54714,0.0251665
296.337,1.54703,0.0252795
295.338,1.54691,0.0253933
294.339,1.5468,0.0255079
293.34,1.54668,0.0256232
292.341,1.54656,0.0257393
291.343,1.54645,0.0258562
290.344,1.54633,0.0259739
289.345,1.54621,0.0260925
288.346,1.54609,0.0262118
287.347,1.54597,0.026332
286.349,1.54585,0.026453
285.35,1.54572,0.0265749
284.351,1.5456,0.0266976
283.352,1.54548,0.0268211
282.353,1.54535,0.0269456
281.355,1.54522,0.0270709
280.356,1.5451,0.0271971
279.357,1.54497,0.0273242
278.358,1.54484,0.0274523
277.36,1.54471,0.0275812
276.361,1.54458,0.0277111
275.362,1.54445,0.0278419
274.364,1.54432,0.0279737
273.365,1.54418,0.0281064
272.366,1.54405,0.0282401
271.368,1.54391,0.0283748
270.369,1.54378,0.0285104
269.37,1.54364,0.0286471
268.372,1.5435,0.0287848
267.373,1.54336,0.0289235
266.374,1.54322,0.0290632
265.376,1.54308,0.029204
264.377,1.54294,0.0293459
263.379,1.54279,0.0294888
262.38,1.54265,0.0296328
261.382,1.5425,0.0297779
260.383,1.54235,0.0299242
259.384,1.54221,0.0300715
258.386,1.54206,0.03022
257.387,1.54191,0.0303696
256.389,1.54175,0.0305204
255.39,1.5416,0.0306724
254.392,1.54145,0.0308255
253.393,1.54129,0.0309799
252.395,1.54113,0.0311355
251.397,1.54098,0.0312923
250.398,1.54082,0.0314503
249.4,1.54066,0.0316096
248.401,1.5405,0.0317702
247.403,1.54033,0.0319321
246.404,1.54017,0.0320953
245.406,1.54,0.0322598
244.408,1.53984,0.0324257
243.409,1.53967,0.0325929
242.411,1.5395,0.0327615
241.413,1.53933,0.0329315
240.414,1.53915,0.0331029
239.416,1.53898,0.0332757
238.418,1.5388,0.0334499
237.42,1.53863,0.0336256
236.421,1.53845,0.0338028
235.423,1.53827,0.0339815
234.425,1.53809,0.0341617
233.427,1.5379,0.0343435
232.429,1.53772,0.0345268
231.43,1.53753,0.0347117
230.432,1.53735,0.0348981
229.434,1.53716,0.0350862
228.436,1.53696,0.035276
227.438,1.53677,0.0354674
226.44,1.53658,0.0356604
225.442,1.53638,0.0358552
224.444,1.53618,0.0360517
223.446,1.53598,0.03625
222.448,1.53578,0.03645
221.45,1.53558,0.0366518
220.452,1.53537,0.0368555
219.454,1.53517,0.037061
218.456,1.53496,0.0372684
217.458,1.53475,0.0374776
216.46,1.53453,0.0376888
215.462,1.53432,0.0379019
214.464,1.5341,0.0381171
213.466,1.53388,0.0383342
212.468,1.53366,0.0385533
211.471,1.53344,0.0387746
210.473,1.53321,0.0389979
209.475,1.53299,0.0392233
208.477,1.53276,0.0394509
207.48,1.53252,0.0396806
206.482,1.53229,0.0399126
205.484,1.53205,0.0401468
204.486,1.53182,0.0403833
203.489,1.53157,0.0406221
202.491,1.53133,0.0408633
201.494,1.53109,0.0411068
200.496,1.53084,0.0413528
199.499,1.53059,0.0416012
198.501,1.53033,0.0418521
197.504,1.53008,0.0421055
196.506,1.52982,0.0423615
195.509,1.52956,0.04262
194.511,1.52929,0.0428813
193.514,1.52903,0.0431452
192.516,1.52876,0.0434118
191.519,1.52849,0.0436812
190.522,1.52821,0.0439535
189.524,1.52793,0.0442285
188.527,1.52765,0.0445065
187.53,1.52737,0.0447874
186.533,1.52708,0.0450713
185.536,1.52679,0.0453583
184.539,1.5265,0.0456484
183.541,1.52621,0.0459415
182.544,1.52591,0.0462379
181.547,1.5256,0.0465376
180.55,1.5253,0.0468405
179.553,1.52499,0.0471468
178.556,1.52467,0.0474565
177.559,1.52436,0.0477696
176.563,1.52404,0.0480863
175.566,1.52371,0.0484066
174.569,1.52339,0.0487305
173.572,1.52306,0.0490581
172.575,1.52272,0.0493895
171.579,1.52238,0.0497247
170.582,1.52204,0.0500638
169.586,1.52169,0.050407
168.589,1.52134,0.0507541
167.592,1.52099,0.0511054
166.596,1.52063,0.0514608
165.599,1.52026,0.0518205
164.603,1.5199,0.0521846
163.607,1.51952,0.0525531
162.61,1.51915,0.0529261
161.614,1.51876,0.0533036
160.618,1.51838,0.0536859
159.622,1.51798,0.0540728
158.626,1.51759,0.0544647
157.629,1.51719,0.0548614
156.633,1.51678,0.0552632
155.637,1.51637,0.0556702
154.642,1.51595,0.0560823
153.646,1.51553,0.0564998
152.65,1.5151,0.0569227
151.654,1.51467,0.0573511
150.658,1.51423,0.0577852
149.663,1.51378,0.0582251
148.667,1.51333,0.0586708
147.672,1.51287,0.0591225
146.676,1.51241,0.0595803
145.681,1.51194,0.0600444
144.685,1.51146,0.0605148
143.69,1.51098,0.0609917
142.695,1.51049,0.0614752
141.7,1.50999,0.0619656
140.704,1.50949,0.0624628
139.709,1.50898,0.0629671
138.714,1.50846,0.0634786
137.72,1.50793,0.0639975
136.725,1.5074,0.0645239
135.73,1.50686,0.065058
134.735,1.50631,0.0655999
133.741,1.50575,0.0661499
132.746,1.50518,0.0667082
131.752,1.50461,0.0672748
130.758,1.50402,0.06785
129.763,1.50343,0.068434
128.769,1.50283,0.069027
127.775,1.50222,0.0696291
126.781,1.50159,0.0702407
125.787,1.50096,0.070862
124.793,1.50032,0.0714931
123.8,1.49967,0.0721343
122.806,1.49901,0.0727859
121.813,1.49834,0.073448
120.819,1.49765,0.074121
119.826,1.49696,0.0748052
118.833,1.49625,0.0755007
117.84,1.49553,0.076208
116.847,1.4948,0.0769272
115.854,1.49405,0.0776587
114.862,1.4933,0.0784029
113.869,1.49253,0.07916
112.877,1.49174,0.0799303
111.884,1.49095,0.0807143
110.892,1.49013,0.0815123
109.9,1.48931,0.0823247
108.908,1.48846,0.0831519
107.917,1.4876,0.0839942
106.925,1.48673,0.0848521
105.934,1.48584,0.085726
104.942,1.48493,0.0866164
103.951,1.48401,0.0875237
102.961,1.48306,0.0884485
101.97,1.4821,0.0893913
100.979,1.48112,0.0903524
99.9889,1.48012,0.0913326
98.9988,1.4791,0.0923324
98.0088,1.47806,0.0933524
97.0191,1.477,0.0943931
96.0295,1.47591,0.0954553
95.0402,1.47481,0.0965395
94.0511,1.47367,0.0976465
93.0623,1.47252,0.0987771
92.0736,1.47134,0.0999319
91.0853,1.47013,0.101112
90.0971,1.4689,0.102317
89.1093,1.46764,0.10355
88.1217,1.46635,0.10481
87.1344,1.46503,0.106099
86.1474,1.46368,0.107417
85.1607,1.4623,0.108765
84.1743,1.46088,0.110146
83.1882,1.45943,0.111559
82.2024,1.45795,0.113006
81.2171,1.45643,0.114488
80.232,1.45487,0.116006
79.2474,1.45327,0.117563
78.2631,1.45164,0.119158
77.2792,1.44996,0.120795
76.2958,1.44823,0.122473
75.3128,1.44646,0.124196
74.3302,1.44464,0.125964
73.3481,1.44278,0.127779
72.3666,1.44086,0.129644
71.3855,1.43888,0.131561
70.4049,1.43685,0.133531
69.4249,1.43477,0.135557
68.4455,1.43262,0.137641
67.4667,1.43041,0.139786
66.4886,1.42813,0.141994
65.5111,1.42578,0.144269
64.5343,1.42336,0.146613
63.5582,1.42086,0.14903
62.5829,1.41829,0.151522
61.6083,1.41563,0.154094
60.6347,1.41288,0.156749
59.6619,1.41004,0.159492
58.69,1.4071,0.162326
57.7191,1.40406,0.165257
56.7492,1.40092,0.168289
55.7804,1.39766,0.171428
54.8128,1.39429,0.174679
53.8463,1.39078,0.178049
52.8812,1.38715,0.181543
51.9173,1.38338,0.18517
50.955,1.37946,0.188935
49.9941,1.37538,0.192849
49.0348,1.37114,0.196918
48.0773,1.36672,0.201153
47.1216,1.36212,0.205565
46.1678,1.35731,0.210163
45.2161,1.3523,0.214959
44.2666,1.34706,0.219968
43.3195,1.34158,0.225203
42.3749,1.33585,0.230679
41.4331,1.32984,0.236413
40.4943,1.32354,0.242424
39.5586,1.31692,0.248731
38.6263,1.30997,0.255357
37.6978,1.30265,0.262326
36.7733,1.29494,0.269665
35.8531,1.28681,0.277404
34.9378,1.27823,0.285574
34.0276,1.26915,0.294213
33.1232,1.25955,0.303361
32.225,1.24937,0.313062
31.3336,1.23856,0.323369
30.4499,1.22709,0.334336
29.5745,1.21487,0.346028
28.7084,1.20187,0.358517
27.8526,1.18799,0.371884
27.0083,1.17318,0.386222
26.1768,1.15736,0.401636
25.3596,1.14043,0.418248
24.5585,1.12232,0.436195
23.7755,1.10295,0.455638
23.0127,1.08222,0.476762
22.2726,1.06007,0.499781
21.5581,1.03643,0.524944
20.8721,1.01129,0.55254
20.2179,0.984646,0.582904
19.5989,0.956568,0.616424
19.0187,0.927196,0.653543
18.4806,0.896768,0.694762
17.9877,0.865634,0.740631
17.543,0.834275,0.791732
17.1485,0.803307,0.848648
16.8059,0.773474,0.9119
16.5159,0.745632,0.981862
16.279,0.720708,1.05865
16.0948,0.699646,1.142
15.963,0.683329,1.23113
15.8831,0.672501,1.32474
15.8545,0.667674,1.42099
15.8771,0.669069,1.51773
15.9508,0.676584,1.61274
16.0759,0.689805,1.70403
16.2529,0.708066,1.79006
16.4819,0.730527,1.86981
16.7632,0.756264,1.94282
17.0966,0.784346,2.00904
17.4813,0.813896,2.06876
17.9158,0.844139,2.12243
18.3982,0.874423,2.17063
18.926,0.904228,2.21392
19.4961,0.933165,2.25288
20.1052,0.96096,2.28802
20.7501,0.98744,2.31982
21.4273,1.01251,2.34867
22.1336,1.03614,2.37495
22.8661,1.05833,2.39895
23.6219,1.07914,2.42094
24.3986,1.09862,2.44115
25.1938,1.11685,2.45979
26.0056,1.1339,2.47702
26.8322,1.14985,2.49298
27.6721,1.16479,2.50781
28.5238,1.17879,2.52163
29.3862,1.19193,2.53452
30.2582,1.20426,2.54658
31.1389,1.21585,2.55788
32.0274,1.22676,2.56849
32.9229,1.23705,2.57847
33.825,1.24675,2.58787
34.7329,1.25592,2.59674
35.6462,1.26459,2.60512
36.5645,1.2728,2.61306
37.4872,1.28059,2.62058
38.4142,1.28798,2.62772
39.3449,1.295,2.6345
40.2792,1.30169,2.64096
41.2167,1.30805,2.6471
42.1573,1.31412,2.65296
43.1008,1.31991,2.65856
44.0468,1.32544,2.6639
44.9953,1.33073,2.66901
45.9461,1.33579,2.6739
46.899,1.34063,2.67859
47.8539,1.34528,2.68309
48.8106,1.34973,2.6874
49.7692,1.35401,2.69155
50.7293,1.35813,2.69553
51.6911,1.36208,2.69937
52.6543,1.36588,2.70306
53.6189,1.36955,2.70661
54.5848,1.37308,2.71004
55.5519,1.37648,2.71334
56.5202,1.37976,2.71653
57.4896,1.38293,2.71961
58.46,1.38599,2.72259
59.4315,1.38895,2.72547
60.4039,1.39181,2.72825
61.3772,1.39458,2.73094
62.3513,1.39726,2.73355
63.3263,1.39986,2.73608
64.302,1.40237,2.73853
65.2785,1.40481,2.74091
66.2557,1.40717,2.74322
67.2336,1.40947,2.74545
68.2121,1.41169,2.74763
69.1912,1.41386,2.74974
70.171,1.41596,2.75179
71.1513,1.418,2.75379
72.1321,1.41999,2.75573
73.1135,1.42192,2.75762
74.0953,1.4238,2.75945
75.0777,1.42563,2.76124
76.0605,1.42741,2.76299
77.0437,1.42914,2.76469
78.0274,1.43083,2.76634
79.0115,1.43248,2.76795
79.996,1.43409,2.76953
80.9809,1.43565,2.77106
81.9661,1.43718,2.77256
82.9517,1.43867,2.77403
83.9376,1.44013,2.77545
84.9238,1.44155,2.77685
85.9104,1.44294,2.77821
86.8973,1.4443,2.77954
87.8845,1.44563,2.78085
88.8719,1.44692,2.78212
89.8597,1.44819,2.78336
90.8477,1.44943,2.78458
91.8359,1.45064,2.78577
92.8245,1.45183,2.78694
93.8132,1.45299,2.78808
94.8022,1.45413,2.7892
95.7914,1.45524,2.79029
96.7809,1.45633,2.79136
97.7705,1.4574,2.79241
98.7604,1.45844,2.79344
99.7504,1.45947,2.79445
100.741,1.46048,2.79544
101.731,1.46146,2.79641
102.722,1.46243,2.79736
103.713,1.46337,2.7983
104.704,1.4643,2.79921
105.695,1.46521,2.80011
106.686,1.46611,2.80099
107.678,1.46699,2.80186
108.669,1.46785,2.8027
109.661,1.4687,2.80354
110.653,1.46953,2.80436
111.645,1.47034,2.80516
112.637,1.47114,2.80595
113.63,1.47193,2.80673
114.622,1.4727,2.80749
115.615,1.47346,2.80824
116.607,1.47421,2.80898
117.6,1.47495,2.8097
118.593,1.47567,2.81042
119.586,1.47638,2.81112
120.58,1.47708,2.81181
121.573,1.47776,2.81248
122.566,1.47844,2.81315
123.56,1.4791,2.81381
124.553,1.47976,2.81445
125.547,1.4804,2.81509
126.541,1.48103,2.81572
127.535,1.48166,2.81633
128.529,1.48227,2.81694
129.523,1.48288,2.81753
130.517,1.48347,2.81812
131.512,1.48406,2.8187
132.506,1.48463,2.81927
133.5,1.4852,2.81983
134.495,1.48576,2.82039
135.49,1.48631,2.82093
136.484,1.48686,2.82147
137.479,1.48739,2.822
138.474,1.48792,2.82252
139.469,1.48844,2.82304
140.464,1.48896,2.82355
141.459,1.48946,2.82405
142.454,1.48996,2.82454
143.449,1.49045,2.82503
144.444,1.49094,2.82551
145.44,1.49141,2.82598
146.435,1.49189,2.82645
147.431,1.49235,2.82691
148.426,1.49281,2.82736
149.422,1.49326,2.82781
150.417,1.49371,2.82825
151.413,1.49415,2.82869
152.409,1.49459,2.82912
153.405,1.49502,2.82955
154.4,1.49544,2.82997
155.396,1.49586,2.83038
156.392,1.49627,2.83079
157.388,1.49668,2.83119
158.384,1.49708,2.83159
159.381,1.49748,2.83199
160.377,1.49787,2.83238
161.373,1.49826,2.83276
162.369,1.49864,2.83314
163.365,1.49902,2.83351
164.362,1.4994,2.83389
165.358,1.49977,2.83425
166.355,1.50013,2.83461
167.351,1.50049,2.83497
168.348,1.50085,2.83532
169.344,1.5012,2.83567
170.341,1.50155,2.83602
171.337,1.50189,2.83636
172.334,1.50223,2.8367
173.331,1.50257,2.83703
174.328,1.5029,2.83736
175.324,1.50323,2.83768
176.321,1.50355,2.838
177.318,1.50387,2.83832
178.315,1.50419,2.83864
179.312,1.5045,2.83895
180.309,1.50481,2.83926
181.306,1.50512,2.83956
182.303,1.50542,2.83986
183.3,1.50572,2.84016
184.297,1.50602,2.84046
185.294,1.50631,2.84075
186.291,1.5066,2.84103
187.288,1.50689,2.84132
188.286,1.50718,2.8416
189.283,1.50746,2.84188
190.28,1.50774,2.84216
191.277,1.50801,2.84243
192.275,1.50828,2.8427
193.272,1.50855,2.84297
194.269,1.50882,2.84324
195.267,1.50909,2.8435
196.264,1.50935,2.84376
197.262,1.50961,2.84401
198.259,1.50986,2.84427
199.257,1.51012,2.84452
200.254,1.51037,2.84477
201.252,1.51062,2.84502
202.249,1.51086,2.84526
203.247,1.51111,2.8455
204.245,1.51135,2.84574
205.242,1.51159,2.84598
206.24,1.51182,2.84622
207.238,1.51206,2.84645
208.235,1.51229,2.84668
209.233,1.51252,2.84691
210.231,1.51275,2.84714
211.229,1.51297,2.84736
212.226,1.5132,2.84758
213.224,1.51342,2.8478
214.222,1.51364,2.84802
215.22,1.51386,2.84824
216.218,1.51407,2.84845
217.216,1.51428,2.84866
218.214,1.5145,2.84887
219.212,1.51471,2.84908
220.21,1.51491,2.84929
221.208,1.51512,2.84949
222.206,1.51532,2.84969
223.204,1.51552,2.8499
224.202,1.51572,2.85009
225.2,1.51592,2.85029
226.198,1.51612,2.85049
227.196,1.51631,2.85068
228.194,1.51651,2.85087
229.192,1.5167,2.85106
230.19,1.51689,2.85125
231.188,1.51708,2.85144
232.186,1.51726,2.85163
233.185,1.51745,2.85181
234.183,1.51763,2.85199
235.181,1.51781,2.85217
236.179,1.518,2.85235
237.177,1.51817,2.85253
238.176,1.51835,2.85271
239.174,1.51853,2.85288
240.172,1.5187,2.85305
241.171,1.51887,2.85323
242.169,1.51905,2.8534
243.167,1.51922,2.85357
244.166,1.51939,2.85373
245.164,1.51955,2.8539
246.162,1.51972,2.85407
247.161,1.51988,2.85423
248.159,1.52005,2.85439
249.157,1.52021,2.85455
250.156,1.52037,2.85471
251.154,1.52053,2.85487
252.153,1.52069,2.85503
253.151,1.52084,2.85519
254.15,1.521,2.85534
255.148,1.52115,2.85549
256.147,1.52131,2.85565
257.145,1.52146,2.8558
258.144,1.52161,2.85595
259.142,1.52176,2.8561
260.141,1.52191,2.85624
261.139,1.52206,2.85639
262.138,1.5222,2.85654
263.136,1.52235,2.85668
264.135,1.52249,2.85683
265.134,1.52263,2.85697
266.132,1.52278,2.85711
267.131,1.52292,2.85725
268.129,1.52306,2.85739
269.128,1.5232,2.85753
270.127,1.52333,2.85766
271.125,1.52347,2.8578
272.124,1.52361,2.85793
273.123,1.52374,2.85807
274.121,1.52387,2.8582
275.12,1.52401,2.85833
276.119,1.52414,2.85847
277.117,1.52427,2.8586
278.116,1.5244,2.85872
279.115,1.52453,2.85885
280.114,1.52466,2.85898
281.112,1.52478,2.85911
282.111,1.52491,2.85923
283.11,1.52504,2.85936
284.109,1.52516,2.85948
285.107,1.52528,2.85961
286.106,1.52541,2.85973
287.105,1.52553,2.85985
288.104,1.52565,2.85997
289.103,1.52577,2.86009
290.101,1.52589,2.86021
291.1,1.52601,2.86033
292.099,1.52612,2.86044
293.098,1.52624,2.86056
294.097,1.52636,2.86068
295.096,1.52647,2.86079
296.095,1.52659,2.8609
297.093,1.5267,2.86102
298.092,1.52681,2.86113
299.091,1.52693,2.86124
300.09,1.52704,2.86135
301.089,1.52715,2.86146
302.088,1.52726,2.86157
303.087,1.52737,2.86168
304.086,1.52748,2.86179
305.085,1.52759,2.8619
306.084,1.52769,2.862
307.083,1.5278,2.86211
308.082,1.5279,2.86222
309.08,1.52801,2.86232
310.079,1.52811,2.86243
311.078,1.52822,2.86253
312.077,1.52832,2.86263
313.076,1.52842,2.86273
314.075,1.52853,2.86283
315.074,1.52863,2.86294
316.073,1.52873,2.86304
317.072,1.52883,2.86314
318.071,1.52893,2.86323
319.07,1.52902,2.86333
320.069,1.52912,2.86343
321.069,1.52922,2.86353
322.068,1.52932,2.86362
323.067,1.52941,2.86372
324.066,1.52951,2.86382
325.065,1.5296,2.86391
326.064,1.5297,2.864
327.063,1.52979,2.8641
328.062,1.52989,2.86419
329.061,1.52998,2.86428
330.06,1.53007,2.86437
331.059,1.53016,2.86447
332.058,1.53025,2.86456
333.057,1.53034,2.86465
334.057,1.53043,2.86474
335.056,1.53052,2.86483
336.055,1.53061,2.86491
337.054,1.5307,2.865
338.053,1.53079,2.86509
339.052,1.53088,2.86518
340.051,1.53096,2.86526
341.05,1.53105,2.86535
342.05,1.53113,2.86544
343.049,1.53122,2.86552
344.048,1.5313,2.8656
345.047,1.53139,2.86569
346.046,1.53147,2.86577
347.045,1.53156,2.86586
348.045,1.53164,2.86594
349.044,1.53172,2.86602
350.043,1.5318,2.8661
351.042,1.53188,2.86618
352.041,1.53197,2.86626
353.041,1.53205,2.86634
354.04,1.53213,2.86642
355.039,1.53221,2.8665
356.038,1.53228,2.86658
357.037,1.53236,2.86666
358.037,1.53244,2.86674
359.036,1.53252,2.86682
360.035,1.5326,2.86689
361.034,1.53267,2.86697
362.034,1.53275,2.86705
363.033,1.53283,2.86712
364.032,1.5329,2.8672
365.031,1.53298,2.86727
366.031,1.53305,2.86735
367.03,1.53313,2.86742
368.029,1.5332,2.8675
369.028,1.53327,2.86757
370.028,1.53335,2.86764
371.027,1.53342,2.86772
372.026,1.53349,2.86779
373.026,1.53357,2.86786
374.025,1.53364,2.86793
375.024,1.53371,2.868
376.023,1.53378,2.86807
377.023,1.53385,2.86814
378.022,1.53392,2.86821
379.021,1.53399,2.86828
380.021,1.53406,2.86835
381.02,1.53413,2.86842
382.019,1.5342,2.86849
383.019,1.53427,2.86856
384.018,1.53433,2.86863
385.017,1.5344,2.86869
386.017,1.53447,2.86876
387.016,1.53454,2.86883
388.015,1.5346,2.86889
389.015,1.53467,2.86896
390.014,1.53474,2.86903
391.013,1.5348,2.86909
392.013,1.53487,2.86916
393.012,1.53493,2.86922
394.011,1.535,2.86929
395.011,1.53506,2.86935
396.01,1.53512,2.86941
397.009,1.53519,2.86948
398.009,1.53525,2.86954
399.008,1.53531,2.8696
400.008,1.53538,2.86967
401.007,1.53544,2.86973
402.006,1.5355,2.86979
403.006,1.53556,2.86985
404.005,1.53562,2.86991
405.005,1.53569,2.86997
406.004,1.53575,2.87003
407.003,1.53581,2.8701
408.003,1.53587,2.87016
409.002,1.53593,2.87022
410.002,1.53599,2.87027
411.001,1.53605,2.87033
412,1.53611,2.87039
413,1.53616,2.87045
413.999,1.53622,2.87051
414.999,1.53628,2.87057
415.998,1.53634,2.87063
416.997,1.5364,2.87068
417.997,1.53645,2.87074
418.996,1.53651,2.8708
419.996,1.53657,2.87085
420.995,1.53662,2.87091
421.995,1.53668,2.87097
422.994,1.53674,2.87102
423.994,1.53679,2.87108
424.993,1.53685,2.87113
425.992,1.5369,2.87119
426.992,1.53696,2.87124
427.991,1.53701,2.8713
428.991,1.53707,2.87135
429.99,1.53712,2.87141
430.99,1.53718,2.87146
431.989,1.53723,2.87152
432.989,1.53728,2.87157
433.988,1.53734,2.87162
434.988,1.53739,2.87167
435.987,1.53744,2.87173
436.987,1.53749,2.87178
437.986,1.53755,2.87183
438.986,1.5376,2.87188
439.985,1.53765,2.87194
440.985,1.5377,2.87199
441.984,1.53775,2.87204
442.983,1.5378,2.87209
443.983,1.53786,2.87214
444.982,1.53791,2.87219
445.982,1.53796,2.87224
446.981,1.53801,2.87229
447.981,1.53806,2.87234
448.98,1.53811,2.87239
449.98,1.53816,2.87244
450.98,1.53821,2.87249
451.979,1.53825,2.87254
452.979,1.5383,2.87259
453.978,1.53835,2.87264
454.978,1.5384,2.87268
455.977,1.53845,2.87273
456.977,1.5385,2.87278
457.976,1.53854,2.87283
458.976,1.53859,2.87288
459.975,1.53864,2.87292
460.975,1.53869,2.87297
461.974,1.53873,2.87302
462.974,1.53878,2.87306
463.973,1.53883,2.87311
464.973,1.53887,2.87316
465.972,1.53892,2.8732
466.972,1.53897,2.87325
467.972,1.53901,2.87329
468.971,1.53906,2.87334
469.971,1.5391,2.87338
470.97,1.53915,2.87343
471.97,1.53919,2.87347
472.969,1.53924,2.87352
473.969,1.53928,2.87356
474.968,1.53933,2.87361
475.968,1.53937,2.87365
476.968,1.53941,2.8737
477.967,1.53946,2.87374
478.967,1.5395,2.87378
479.966,1.53955,2.87383
480.966,1.53959,2.87387
481.965,1.53963,2.87391
482.965,1.53967,2.87396
483.965,1.53972,2.874
484.964,1.53976,2.87404
485.964,1.5398,2.87408
486.963,1.53985,2.87413
487.963,1.53989,2.87417
488.962,1.53993,2.87421
489.962,1.53997,2.87425
490.962,1.54001,2.87429
491.961,1.54005,2.87433
492.961,1.5401,2.87438
493.96,1.54014,2.87442
494.96,1.54018,2.87446
495.96,1.54022,2.8745
496.959,1.54026,2.87454
497.959,1.5403,2.87458
498.958,1.54034,2.87462
499.958,1.54038,2.87466
500.958,1.54042,2.8747
501.957,1.54046,2.87474
502.957,1.5405,2.87478
503.956,1.54054,2.87482
504.956,1.54058,2.87486
505.956,1.54062,2.8749
506.955,1.54066,2.87494
507.955,1.54069,2.87497
508.954,1.54073,2.87501
509.954,1.54077,2.87505
510.954,1.54081,2.87509
511.953,1.54085,2.87513
512.953,1.54089,2.87517
513.953,1.54092,2.8752
514.952,1.54096,2.87524
515.952,1.541,2.87528
516.951,1.54104,2.87532
517.951,1.54107,2.87535
518.951,1.54111,2.87539
519.95,1.54115,2.87543
520.95,1.54119,2.87547
521.95,1.54122,2.8755
522.949,1.54126,2.87554
523.949,1.5413,2.87558
524.948,1.54133,2.87561
525.948,1.54137,2.87565
526.948,1.5414,2.87568
527.947,1.54144,2.87572
528.947,1.54148,2.87576
529.947,1.54151,2.87579
530.946,1.54155,2.87583
531.946,1.54158,2.87586
532.946,1.54162,2.8759
533.945,1.54165,2.87593
534.945,1.54169,2.87597
535.945,1.54172,2.876
536.944,1.54176,2.87604
537.944,1.54179,2.87607
538.944,1.54183,2.87611
539.943,1.54186,2.87614
540.943,1.5419,2.87617
541.943,1.54193,2.87621
542.942,1.54196,2.87624
543.942,1.542,2.87628
544.942,1.54203,2.87631
545.941,1.54207,2.87634
546.941,1.5421,2.87638
547.941,1.54213,2.87641
548.94,1.54217,2.87644
549.94,1.5422,2.87648
550.94,1.54223,2.87651
551.939,1.54226,2.87654
552.939,1.5423,2.87658
553.939,1.54233,2.87661
554.938,1.54236,2.87664
555.938,1.54239,2.87667
556.938,1.54243,2.87671
557.937,1.54246,2.87674
558.937,1.54249,2.87677
559.937,1.54252,2.8768
560.936,1.54256,2.87683
561.936,1.54259,2.87686
562.936,1.54262,2.8769
563.935,1.54265,2.87693
564.935,1.54268,2.87696
565.935,1.54271,2.87699
566.934,1.54274,2.87702
567.934,1.54278,2.87705
568.934,1.54281,2.87708
569.934,1.54284,2.87711
570.933,1.54287,2.87715
571.933,1.5429,2.87718
572.933,1.54293,2.87721
573.932,1.54296,2.87724
574.932,1.54299,2.87727
575.932,1.54302,2.8773
576.931,1.54305,2.87733
577.931,1.54308,2.87736
578.931,1.54311,2.87739
579.931,1.54314,2.87742
580.93,1.54317,2.87745
581.93,1.5432,2.87748
582.93,1.54323,2.87751
583.929,1.54326,2.87753
584.929,1.54329,2.87756
585.929,1.54332,2.87759
586.928,1.54335,2.87762
587.928,1.54337,2.87765
588.928,1.5434,2.87768
589.928,1.54343,2.87771
590.927,1.54346,2.87774
591.927,1.54349,2.87777
592.927,1.54352,2.87779
593.926,1.54355,2.87782
594.926,1.54357,2.87785
595.926,1.5436,2.87788
596.926,1.54363,2.87791
597.925,1.54366,2.87794
598.925,1.54369,2.87796
599.925,1.54371,2.87799
600.925,1.54374,2.87802
601.924,1.54377,2.87805
602.924,1.5438,2.87807
603.924,1.54382,2.8781
604.923,1.54385,2.87813
605.923,1.54388,2.87816
606.923,1.54391,2.87818
607.923,1.54393,2.87821
608.922,1.54396,2.87824
609.922,1.54399,2.87826
610.922,1.54401,2.87829
611.922,1.54404,2.87832
612.921,1.54407,2.87834
613.921,1.54409,2.87837
614.921,1.54412,2.8784
615.92,1.54415,2.87842
616.92,1.54417,2.87845
617.92,1.5442,2.87848
618.92,1.54423,2.8785
619.919,1.54425,2.87853
620.919,1.54428,2.87855
621.919,1.5443,2.87858
622.919,1.54433,2.87861
623.918,1.54436,2.87863
624.918,1.54438,2.87866
625.918,1.54441,2.87868
626.918,1.54443,2.87871
627.917,1.54446,2.87873
628.917,1.54448,2.87876
629.917,1.54451,2.87878
630.917,1.54453,2.87881
631.916,1.54456,2.87884
632.916,1.54458,2.87886
633.916,1.54461,2.87888
634.916,1.54463,2.87891
635.915,1.54466,2.87893
636.915,1.54468,2.87896
637.915,1.54471,2.87898
638.915,1.54473,2.87901
639.914,1.54476,2.87903
640.914,1.54478,2.87906
641.914,1.54481,2.87908
642.914,1.54483,2.87911
643.913,1.54485,2.87913
644.913,1.54488,2.87915
645.913,1.5449,2.87918
646.913,1.54493,2.8792
647.912,1.54495,2.87923
648.912,1.54497,2.87925
649.912,1.545,2.87927
650.912,1.54502,2.8793
651.912,1.54504,2.87932
652.911,1.54507,2.87934
653.911,1.54509,2.87937
654.911,1.54511,2.87939
655.911,1.54514,2.87941
656.91,1.54516,2.87944
657.91,1.54518,2.87946
658.91,1.54521,2.87948
659.91,1.54523,2.87951
660.909,1.54525,2.87953
661.909,1.54528,2.87955
662.909,1.5453,2.87957
663.909,1.54532,2.8796
664.909,1.54534,2.87962
665.908,1.54537,2.87964
666.908,1.54539,2.87967
667.908,1.54541,2.87969
668.908,1.54543,2.87971
669.907,1.54546,2.87973
670.907,1.54548,2.87975
671.907,1.5455,2.87978
672.907,1.54552,2.8798
673.907,1.54555,2.87982
674.906,1.54557,2.87984
675.906,1.54559,2.87986
676.906,1.54561,2.87989
677.906,1.54563,2.87991
678.905,1.54565,2.87993
679.905,1.54568,2.87995
680.905,1.5457,2.87997
681.905,1.54572,2.88
682.905,1.54574,2.88002
683.904,1.54576,2.88004
684.904,1.54578,2.88006
685.904,1.5458,2.88008
686.904,1.54583,2.8801
687.904,1.54585,2.88012
688.903,1.54587,2.88014
689.903,1.54589,2.88017
690.903,1.54591,2.88019
691.903,1.54593,2.88021
692.903,1.54595,2.88023
693.902,1.54597,2.88025
694.902,1.54599,2.88027
695.902,1.54601,2.88029
696.902,1.54604,2.88031
697.901,1.54606,2.88033
698.901,1.54608,2.88035
699.901,1.5461,2.88037
700.901,1.54612,2.88039
701.901,1.54614,2.88041
702.9,1.54616,2.88043
703.9,1.54618,2.88045
704.9,1.5462,2.88047
705.9,1.54622,2.88049
706.9,1.54624,2.88051
707.899,1.54626,2.88053
708.899,1.54628,2.88055
709.899,1.5463,2.88057
710.899,1.54632,2.88059
711.899,1.54634,2.88061
712.898,1.54636,2.88063
713.898,1.54638,2.88065
714.898,1.5464,2.88067
715.898,1.54642,2.88069
716.898,1.54644,2.88071
717.898,1.54645,2.88073
718.897,1.54647,2.88075
719.897,1.54649,2.88077
720.897,1.54651,2.88079
721.897,1.54653,2.88081
722.897,1.54655,2.88083
723.896,1.54657,2.88085
724.896,1.54659,2.88086
725.896,1.54661,2.88088
726.896,1.54663,2.8809
727.896,1.54665,2.88092
728.895,1.54667,2.88094
729.895,1.54668,2.88096
730.895,1.5467,2.88098
731.895,1.54672,2.881
732.895,1.54674,2.88102
733.894,1.54676,2.88103
734.894,1.54678,2.88105
735.894,1.5468,2.88107
736.894,1.54681,2.88109
737.894,1.54683,2.88111
738.894,1.54685,2.88113
739.893,1.54687,2.88114
740.893,1.54689,2.88116
741.893,1.54691,2.88118
742.893,1.54692,2.8812
743.893,1.54694,2.88122
744.892,1.54696,2.88124
745.892,1.54698,2.88125
746.892,1.547,2.88127
747.892,1.54701,2.88129
748.892,1.54703,2.88131
749.892,1.54705,2.88132
750.891,1.54707,2.88134
751.891,1.54708,2.88136
752.891,1.5471,2.88138
753.891,1.54712,2.8814
754.891,1.54714,2.88141
755.891,1.54716,2.88143
756.89,1.54717,2.88145
757.89,1.54719,2.88147
758.89,1.54721,2.88148
759.89,1.54722,2.8815
760.89,1.54724,2.88152
761.89,1.54726,2.88153
762.889,1.54728,2.88155
763.889,1.54729,2.88157
764.889,1.54731,2.88159
765.889,1.54733,2.8816
766.889,1.54735,2.88162
767.888,1.54736,2.88164
768.888,1.54738,2.88165
769.888,1.5474,2.88167
770.888,1.54741,2.88169
771.888,1.54743,2.8817
772.888,1.54745,2.88172
773.887,1.54746,2.88174
774.887,1.54748,2.88175
775.887,1.5475,2.88177
776.887,1.54751,2.88179
777.887,1.54753,2.8818
778.887,1.54755,2.88182
779.886,1.54756,2.88184
780.886,1.54758,2.88185
781.886,1.5476,2.88187
782.886,1.54761,2.88189
783.886,1.54763,2.8819
784.886,1.54764,2.88192
785.886,1.54766,2.88194
786.885,1.54768,2.88195
787.885,1.54769,2.88197
788.885,1.54771,2.88198
789.885,1.54772,2.882
790.885,1.54774,2.88202
791.885,1.54776,2.88203
792.884,1.54777,2.88205
793.884,1.54779,2.88206
794.884,1.5478,2.88208
795.884,1.54782,2.8821
796.884,1.54784,2.88211
797.884,1.54785,2.88213
798.883,1.54787,2.88214
799.883,1.54788,2.88216
800.883,1.5479,2.88217
801.883,1.54791,2.88219
802.883,1.54793,2.88221
803.883,1.54795,2.88222
804.883,1.54796,2.88224
805.882,1.54798,2.88225
806.882,1.54799,2.88227
807.882,1.54801,2.88228
808.882,1.54802,2.8823
809.882,1.54804,2.88231
810.882,1.54805,2.88233
811.881,1.54807,2.88234
812.881,1.54808,2.88236
813.881,1.5481,2.88237
814.881,1.54811,2.88239
815.881,1.54813,2.8824
816.881,1.54814,2.88242
817.881,1.54816,2.88243
818.88,1.54817,2.88245
819.88,1.54819,2.88246
820.88,1.5482,2.88248
821.88,1.54822,2.88249
822.88,1.54823,2.88251
823.88,1.54825,2.88252
824.88,1.54826,2.88254
825.879,1.54828,2.88255
826.879,1.54829,2.88257
827.879,1.54831,2.88258
828.879,1.54832,2.8826
829.879,1.54834,2.88261
830.879,1.54835,2.88262
831.878,1.54836,2.88264
832.878,1.54838,2.88265
833.878,1.54839,2.88267
834.878,1.54841,2.88268
835.878,1.54842,2.8827
836.878,1.54844,2.88271
837.878,1.54845,2.88273
838.877,1.54846,2.88274
839.877,1.54848,2.88275
840.877,1.54849,2.88277
841.877,1.54851,2.88278
842.877,1.54852,2.8828
843.877,1.54854,2.88281
844.877,1.54855,2.88282
845.877,1.54856,2.88284
846.876,1.54858,2.88285
847.876,1.54859,2.88287
848.876,1.5486,2.88288
849.876,1.54862,2.88289
850.876,1.54863,2.88291
851.876,1.54865,2.88292
852.876,1.54866,2.88294
853.875,1.54867,2.88295
854.875,1.54869,2.88296
855.875,1.5487,2.88298
856.875,1.54871,2.88299
857.875,1.54873,2.883
858.875,1.54874,2.88302
859.875,1.54876,2.88303
860.874,1.54877,2.88304
861.874,1.54878,2.88306
862.874,1.5488,2.88307
863.874,1.54881,2.88308
864.874,1.54882,2.8831
865.874,1.54884,2.88311
866.874,1.54885,2.88312
867.874,1.54886,2.88314
868.873,1.54888,2.88315
869.873,1.54889,2.88316
870.873,1.5489,2.88318
871.873,1.54892,2.88319
872.873,1.54893,2.8832
873.873,1.54894,2.88322
874.873,1.54896,2.88323
875.872,1.54897,2.88324
876.872,1.54898,2.88326
877.872,1.54899,2.88327
878.872,1.54901,2.88328
879.872,1.54902,2.8833
880.872,1.54903,2.88331
881.872,1.54905,2.88332
882.872,1.54906,2.88333
883.871,1.54907,2.88335
884.871,1.54908,2.88336
885.871,1.5491,2.88337
886.871,1.54911,2.88339
887.871,1.54912,2.8834
888.871,1.54914,2.88341
889.871,1.54915,2.88342
890.871,1.54916,2.88344
891.87,1.54917,2.88345
892.87,1.54919,2.88346
893.87,1.5492,2.88347
894.87,1.54921,2.88349
895.87,1.54922,2.8835
896.87,1.54924,2.88351
897.87,1.54925,2.88352
898.87,1.54926,2.88354
899.869,1.54927,2.88355
900.869,1.54929,2.88356
901.869,1.5493,2.88357
902.869,1.54931,2.88358
903.869,1.54932,2.8836
904.869,1.54933,2.88361
905.869,1.54935,2.88362
906.869,1.54936,2.88363
907.868,1.54937,2.88365
908.868,1.54938,2.88366
909.868,1.54939,2.88367
910.868,1.54941,2.88368
911.868,1.54942,2.88369
912.868,1.54943,2.88371
913.868,1.54944,2.88372
914.868,1.54945,2.88373
915.868,1.54947,2.88374
916.867,1.54948,2.88375
917.867,1.54949,2.88377
918.867,1.5495,2.88378
919.867,1.54951,2.88379
920.867,1.54953,2.8838
921.867,1.54954,2.88381
922.867,1.54955,2.88383
923.867,1.54956,2.88384
924.866,1.54957,2.88385
925.866,1.54958,2.88386
926.866,1.5496,2.88387
927.866,1.54961,2.88388
928.866,1.54962,2.8839
929.866,1.54963,2.88391
930.866,1.54964,2.88392
931.866,1.54965,2.88393
932.866,1.54967,2.88394
933.865,1.54968,2.88395
934.865,1.54969,2.88396
935.865,1.5497,2.88398
936.865,1.54971,2.88399
937.865,1.54972,2.884
938.865,1.54973,2.88401
939.865,1.54975,2.88402
940.865,1.54976,2.88403
941.864,1.54977,2.88404
942.864,1.54978,2.88405
943.864,1.54979,2.88407
944.864,1.5498,2.88408
945.864,1.54981,2.88409
946.864,1.54982,2.8841
947.864,1.54984,2.88411
948.864,1.54985,2.88412
949.864,1.54986,2.88413
950.863,1.54987,2.88414
951.863,1.54988,2.88416
952.863,1.54989,2.88417
953.863,1.5499,2.88418
954.863,1.54991,2.88419
955.863,1.54992,2.8842
956.863,1.54993,2.88421
957.863,1.54995,2.88422
958.863,1.54996,2.88423
959.863,1.54997,2.88424
960.862,1.54998,2.88425
961.862,1.54999,2.88426
962.862,1.55,2.88428
963.862,1.55001,2.88429
964.862,1.55002,2.8843
965.862,1.55003,2.88431
966.862,1.55004,2.88432
967.862,1.55005,2.88433
968.862,1.55006,2.88434
969.861,1.55007,2.88435
970.861,1.55009,2.88436
971.861,1.5501,2.88437
972.861,1.55011,2.88438
973.861,1.55012,2.88439
974.861,1.55013,2.8844
975.861,1.55014,2.88441
976.861,1.55015,2.88442
977.861,1.55016,2.88443
978.86,1.55017,2.88445
979.86,1.55018,2.88446
980.86,1.55019,2.88447
981.86,1.5502,2.88448
982.86,1.55021,2.88449
983.86,1.55022,2.8845
984.86,1.55023,2.88451
985.86,1.55024,2.88452
986.86,1.55025,2.88453
987.86,1.55026,2.88454
988.859,1.55027,2.88455
989.859,1.55028,2.88456
990.859,1.55029,2.88457
991.859,1.5503,2.88458
992.859,1.55031,2.88459
993.859,1.55032,2.8846
994.859,1.55033,2.88461
995.859,1.55034,2.88462
996.859,1.55035,2.88463
997.859,1.55036,2.88464
998.858,1.55037,2.88465
999.858,1.55038,2.88466
1000.86,1.55039,2.88467
1001.86,1.5504,2.88468
