999.002,1.57079,0.0015808
998.002,1.57078,0.00159083
997.003,1.57077,0.00160088
996.003,1.57076,0.00161095
995.003,1.57075,0.00162104
994.003,1.57074,0.00163115
993.003,1.57073,0.00164128
992.003,1.57072,0.00165143
991.003,1.57071,0.0016616
990.003,1.5707,0.00167179
989.003,1.57069,0.00168201
988.003,1.57067,0.00169224
987.004,1.57066,0.00170249
986.004,1.57065,0.00171277
985.004,1.57064,0.00172306
984.004,1.57063,0.00173338
983.004,1.57062,0.00174372
982.004,1.57061,0.00175408
981.004,1.5706,0.00176445
980.004,1.57059,0.00177486
979.004,1.57058,0.00178528
978.004,1.57057,0.00179572
977.005,1.57056,0.00180618
976.005,1.57055,0.00181667
975.005,1.57054,0.00182718
974.005,1.57053,0.00183771
973.005,1.57052,0.00184826
972.005,1.57051,0.00185883
971.005,1.5705,0.00186942
970.005,1.57049,0.00188004
969.005,1.57048,0.00189068
968.006,1.57047,0.00190134
967.006,1.57046,0.00191202
966.006,1.57044,0.00192272
965.006,1.57043,0.00193345
964.006,1.57042,0.0019442
963.006,1.57041,0.00195497
962.006,1.5704,0.00196576
961.006,1.57039,0.00197658
960.006,1.57038,0.00198742
959.006,1.57037,0.00199828
958.007,1.57036,0.00200916
957.007,1.57035,0.00202007
956.007,1.57034,0.002031
955.007,1.57033,0.00204195
954.007,1.57031,0.00205292
953.007,1.5703,0.00206392
952.007,1.57029,0.00207494
951.007,1.57028,0.00208598
950.007,1.57027,0.00209705
949.008,1.57026,0.00210814
948.008,1.57025,0.00211926
947.008,1.57024,0.00213039
946.008,1.57023,0.00214156
945.008,1.57021,0.00215274
944.008,1.5702,0.00216395
943.008,1.57019,0.00217518
942.008,1.57018,0.00218644
941.008,1.57017,0.00219772
940.009,1.57016,0.00220902
939.009,1.57015,0.00222035
938.009,1.57014,0.0022317
937.009,1.57012,0.00224308
936.009,1.57011,0.00225448
935.009,1.5701,0.0022659
934.009,1.57009,0.00227735
933.009,1.57008,0.00228883
932.01,1.57007,0.00230032
931.01,1.57006,0.00231185
930.01,1.57004,0.0023234
929.01,1.57003,0.00233497
928.01,1.57002,0.00234657
927.01,1.57001,0.00235819
926.01,1.57,0.00236984
925.01,1.56999,0.00238151
924.01,1.56997,0.00239321
923.011,1.56996,0.00240493
922.011,1.56995,0.00241668
921.011,1.56994,0.00242846
920.011,1.56993,0.00244026
919.011,1.56992,0.00245208
918.011,1.5699,0.00246393
917.011,1.56989,0.00247581
916.011,1.56988,0.00248772
915.012,1.56987,0.00249965
914.012,1.56986,0.0025116
913.012,1.56984,0.00252358
912.012,1.56983,0.00253559
911.012,1.56982,0.00254763
910.012,1.56981,0.00255969
909.012,1.5698,0.00257177
908.012,1.56978,0.00258389
907.012,1.56977,0.00259603
906.013,1.56976,0.0026082
905.013,1.56975,0.00262039
904.013,1.56973,0.00263261
903.013,1.56972,0.00264486
902.013,1.56971,0.00265714
901.013,1.5697,0.00266944
900.013,1.56969,0.00268177
899.013,1.56967,0.00269413
898.014,1.56966,0.00270651
897.014,1.56965,0.00271892
896.014,1.56964,0.00273136
895.014,1.56962,0.00274383
894.014,1.56961,0.00275633
893.014,1.5696,0.00276885
892.014,1.56959,0.0027814
891.014,1.56957,0.00279399
890.015,1.56956,0.00280659
889.015,1.56955,0.00281923
888.015,1.56954,0.0028319
887.015,1.56952,0.00284459
886.015,1.56951,0.00285731
885.015,1.5695,0.00287006
884.015,1.56948,0.00288284
883.015,1.56947,0.00289565
882.016,1.56946,0.00290849
881.016,1.56945,0.00292136
880.016,1.56943,0.00293426
879.016,1.56942,0.00294718
878.016,1.56941,0.00296014
877.016,1.56939,0.00297312
876.016,1.56938,0.00298614
875.016,1.56937,0.00299918
874.017,1.56935,0.00301225
873.017,1.56934,0.00302536
872.017,1.56933,0.00303849
871.017,1.56932,0.00305166
870.017,1.5693,0.00306485
869.017,1.56929,0.00307808
868.017,1.56928,0.00309133
867.018,1.56926,0.00310462
866.018,1.56925,0.00311793
865.018,1.56924,0.00313128
864.018,1.56922,0.00314466
863.018,1.56921,0.00315807
862.018,1.5692,0.00317151
861.018,1.56918,0.00318498
860.018,1.56917,0.00319848
859.019,1.56916,0.00321202
858.019,1.56914,0.00322558
857.019,1.56913,0.00323918
856.019,1.56911,0.00325281
855.019,1.5691,0.00326647
854.019,1.56909,0.00328016
853.019,1.56907,0.00329389
852.02,1.56906,0.00330765
851.02,1.56905,0.00332144
850.02,1.56903,0.00333526
849.02,1.56902,0.00334911
848.02,1.569,0.003363
847.02,1.56899,0.00337692
846.02,1.56898,0.00339087
845.021,1.56896,0.00340486
844.021,1.56895,0.00341888
843.021,1.56893,0.00343293
842.021,1.56892,0.00344702
841.021,1.56891,0.00346114
840.021,1.56889,0.00347529
839.021,1.56888,0.00348948
838.022,1.56886,0.0035037
837.022,1.56885,0.00351795
836.022,1.56883,0.00353224
835.022,1.56882,0.00354656
834.022,1.56881,0.00356092
833.022,1.56879,0.00357531
832.022,1.56878,0.00358974
831.023,1.56876,0.0036042
830.023,1.56875,0.00361869
829.023,1.56873,0.00363322
828.023,1.56872,0.00364779
827.023,1.5687,0.00366239
826.023,1.56869,0.00367703
825.023,1.56868,0.0036917
824.024,1.56866,0.00370641
823.024,1.56865,0.00372115
822.024,1.56863,0.00373593
821.024,1.56862,0.00375074
820.024,1.5686,0.00376559
819.024,1.56859,0.00378048
818.024,1.56857,0.00379541
817.025,1.56856,0.00381037
816.025,1.56854,0.00382536
815.025,1.56853,0.0038404
814.025,1.56851,0.00385547
813.025,1.5685,0.00387057
812.025,1.56848,0.00388572
811.025,1.56847,0.0039009
810.026,1.56845,0.00391612
809.026,1.56844,0.00393138
808.026,1.56842,0.00394667
807.026,1.56841,0.00396201
806.026,1.56839,0.00397738
805.026,1.56837,0.00399279
804.027,1.56836,0.00400823
803.027,1.56834,0.00402372
802.027,1.56833,0.00403925
801.027,1.56831,0.00405481
800.027,1.5683,0.00407041
799.027,1.56828,0.00408605
798.027,1.56827,0.00410173
797.028,1.56825,0.00411745
796.028,1.56823,0.00413321
795.028,1.56822,0.00414901
794.028,1.5682,0.00416485
793.028,1.56819,0.00418073
792.028,1.56817,0.00419665
791.029,1.56815,0.00421261
790.029,1.56814,0.00422861
789.029,1.56812,0.00424465
788.029,1.56811,0.00426073
787.029,1.56809,0.00427685
786.029,1.56807,0.00429301
785.03,1.56806,0.00430921
784.03,1.56804,0.00432546
783.03,1.56803,0.00434174
782.03,1.56801,0.00435807
781.03,1.56799,0.00437444
780.03,1.56798,0.00439085
779.031,1.56796,0.00440731
778.031,1.56794,0.0044238
777.031,1.56793,0.00444034
776.031,1.56791,0.00445692
775.031,1.56789,0.00447355
774.031,1.56788,0.00449022
773.032,1.56786,0.00450693
772.032,1.56784,0.00452368
771.032,1.56783,0.00454048
770.032,1.56781,0.00455732
769.032,1.56779,0.0045742
768.032,1.56778,0.00459113
767.033,1.56776,0.0046081
766.033,1.56774,0.00462512
765.033,1.56772,0.00464218
764.033,1.56771,0.00465929
763.033,1.56769,0.00467644
762.033,1.56767,0.00469363
761.034,1.56766,0.00471087
760.034,1.56764,0.00472816
759.034,1.56762,0.00474549
758.034,1.5676,0.00476287
757.034,1.56759,0.00478029
756.034,1.56757,0.00479776
755.035,1.56755,0.00481528
754.035,1.56753,0.00483284
753.035,1.56752,0.00485045
752.035,1.5675,0.0048681
751.035,1.56748,0.0048858
750.035,1.56746,0.00490355
749.036,1.56745,0.00492135
748.036,1.56743,0.0049392
747.036,1.56741,0.00495709
746.036,1.56739,0.00497503
745.036,1.56737,0.00499302
744.037,1.56736,0.00501105
743.037,1.56734,0.00502914
742.037,1.56732,0.00504727
741.037,1.5673,0.00506546
740.037,1.56728,0.00508369
739.037,1.56727,0.00510197
738.038,1.56725,0.0051203
737.038,1.56723,0.00513868
736.038,1.56721,0.00515711
735.038,1.56719,0.00517559
734.038,1.56717,0.00519413
733.039,1.56715,0.00521271
732.039,1.56714,0.00523134
731.039,1.56712,0.00525002
730.039,1.5671,0.00526876
729.039,1.56708,0.00528754
728.039,1.56706,0.00530638
727.04,1.56704,0.00532527
726.04,1.56702,0.00534421
725.04,1.567,0.00536321
724.04,1.56698,0.00538225
723.04,1.56697,0.00540135
722.041,1.56695,0.0054205
721.041,1.56693,0.00543971
720.041,1.56691,0.00545897
719.041,1.56689,0.00547828
718.041,1.56687,0.00549764
717.042,1.56685,0.00551706
716.042,1.56683,0.00553654
715.042,1.56681,0.00555606
714.042,1.56679,0.00557565
713.042,1.56677,0.00559528
712.043,1.56675,0.00561498
711.043,1.56673,0.00563473
710.043,1.56671,0.00565453
709.043,1.56669,0.00567439
708.043,1.56667,0.0056943
707.044,1.56665,0.00571428
706.044,1.56663,0.00573431
705.044,1.56661,0.00575439
704.044,1.56659,0.00577453
703.044,1.56657,0.00579473
702.045,1.56655,0.00581499
701.045,1.56653,0.00583531
700.045,1.56651,0.00585568
699.045,1.56649,0.00587611
698.045,1.56647,0.0058966
697.046,1.56645,0.00591715
696.046,1.56643,0.00593776
695.046,1.56641,0.00595842
694.046,1.56639,0.00597915
693.046,1.56637,0.00599994
692.047,1.56635,0.00602078
691.047,1.56633,0.00604169
690.047,1.5663,0.00606266
689.047,1.56628,0.00608368
688.047,1.56626,0.00610477
687.048,1.56624,0.00612592
686.048,1.56622,0.00614714
685.048,1.5662,0.00616841
684.048,1.56618,0.00618975
683.049,1.56616,0.00621115
682.049,1.56613,0.00623261
681.049,1.56611,0.00625413
680.049,1.56609,0.00627572
679.049,1.56607,0.00629737
678.05,1.56605,0.00631909
677.05,1.56603,0.00634087
676.05,1.566,0.00636271
675.05,1.56598,0.00638462
674.05,1.56596,0.00640659
673.051,1.56594,0.00642863
672.051,1.56592,0.00645073
671.051,1.56589,0.0064729
670.051,1.56587,0.00649514
669.052,1.56585,0.00651744
668.052,1.56583,0.00653981
667.052,1.5658,0.00656225
666.052,1.56578,0.00658475
665.052,1.56576,0.00660732
664.053,1.56574,0.00662996
663.053,1.56571,0.00665267
662.053,1.56569,0.00667545
661.053,1.56567,0.00669829
660.054,1.56565,0.00672121
659.054,1.56562,0.00674419
658.054,1.5656,0.00676725
657.054,1.56558,0.00679037
656.055,1.56555,0.00681356
655.055,1.56553,0.00683683
654.055,1.56551,0.00686016
653.055,1.56548,0.00688357
652.055,1.56546,0.00690705
651.056,1.56544,0.0069306
650.056,1.56541,0.00695423
649.056,1.56539,0.00697792
648.056,1.56537,0.00700169
647.057,1.56534,0.00702554
646.057,1.56532,0.00704946
645.057,1.56529,0.00707345
644.057,1.56527,0.00709751
643.058,1.56525,0.00712165
642.058,1.56522,0.00714587
641.058,1.5652,0.00717016
640.058,1.56517,0.00719453
639.059,1.56515,0.00721897
638.059,1.56512,0.00724349
637.059,1.5651,0.00726809
636.059,1.56507,0.00729276
635.06,1.56505,0.00731751
634.06,1.56502,0.00734234
633.06,1.565,0.00736725
632.06,1.56497,0.00739224
631.061,1.56495,0.00741731
630.061,1.56492,0.00744245
629.061,1.5649,0.00746768
628.061,1.56487,0.00749298
627.062,1.56485,0.00751837
626.062,1.56482,0.00754384
625.062,1.5648,0.00756939
624.062,1.56477,0.00759502
623.063,1.56475,0.00762073
622.063,1.56472,0.00764653
621.063,1.56469,0.00767241
620.063,1.56467,0.00769837
619.064,1.56464,0.00772442
618.064,1.56462,0.00775055
617.064,1.56459,0.00777676
616.064,1.56456,0.00780306
615.065,1.56454,0.00782945
614.065,1.56451,0.00785592
613.065,1.56448,0.00788248
612.065,1.56446,0.00790913
611.066,1.56443,0.00793586
610.066,1.5644,0.00796268
609.066,1.56438,0.00798959
608.067,1.56435,0.00801658
607.067,1.56432,0.00804367
606.067,1.5643,0.00807084
605.067,1.56427,0.00809811
604.068,1.56424,0.00812546
603.068,1.56421,0.00815291
602.068,1.56419,0.00818044
601.068,1.56416,0.00820807
600.069,1.56413,0.00823579
599.069,1.5641,0.0082636
598.069,1.56408,0.00829151
597.07,1.56405,0.00831951
596.07,1.56402,0.0083476
595.07,1.56399,0.00837579
594.07,1.56396,0.00840407
593.071,1.56393,0.00843245
592.071,1.56391,0.00846092
591.071,1.56388,0.00848949
590.072,1.56385,0.00851816
589.072,1.56382,0.00854692
588.072,1.56379,0.00857578
587.072,1.56376,0.00860474
586.073,1.56373,0.0086338
585.073,1.5637,0.00866296
584.073,1.56367,0.00869222
583.074,1.56365,0.00872157
582.074,1.56362,0.00875103
581.074,1.56359,0.00878059
580.074,1.56356,0.00881026
579.075,1.56353,0.00884002
578.075,1.5635,0.00886989
577.075,1.56347,0.00889986
576.076,1.56344,0.00892993
575.076,1.56341,0.00896011
574.076,1.56338,0.0089904
573.077,1.56335,0.00902079
572.077,1.56332,0.00905128
571.077,1.56328,0.00908189
570.077,1.56325,0.0091126
569.078,1.56322,0.00914342
568.078,1.56319,0.00917434
567.078,1.56316,0.00920538
566.079,1.56313,0.00923653
565.079,1.5631,0.00926778
564.079,1.56307,0.00929915
563.08,1.56304,0.00933063
562.08,1.563,0.00936222
561.08,1.56297,0.00939392
560.081,1.56294,0.00942573
559.081,1.56291,0.00945766
558.081,1.56288,0.00948971
557.082,1.56284,0.00952187
556.082,1.56281,0.00955414
555.082,1.56278,0.00958653
554.082,1.56275,0.00961904
553.083,1.56272,0.00965166
552.083,1.56268,0.00968441
551.083,1.56265,0.00971727
550.084,1.56262,0.00975025
549.084,1.56258,0.00978335
548.084,1.56255,0.00981657
547.085,1.56252,0.00984992
546.085,1.56248,0.00988338
545.085,1.56245,0.00991697
544.086,1.56242,0.00995068
543.086,1.56238,0.00998452
542.086,1.56235,0.0100185
541.087,1.56231,0.0100526
540.087,1.56228,0.0100868
539.087,1.56225,0.0101211
538.088,1.56221,0.0101556
537.088,1.56218,0.0101902
536.089,1.56214,0.0102249
535.089,1.56211,0.0102598
534.089,1.56207,0.0102947
533.09,1.56204,0.0103299
532.09,1.562,0.0103651
531.09,1.56197,0.0104005
530.091,1.56193,0.010436
529.091,1.5619,0.0104716
528.091,1.56186,0.0105074
527.092,1.56182,0.0105434
526.092,1.56179,0.0105794
525.092,1.56175,0.0106156
524.093,1.56171,0.0106519
523.093,1.56168,0.0106884
522.094,1.56164,0.010725
521.094,1.5616,0.0107618
520.094,1.56157,0.0107986
519.095,1.56153,0.0108357
518.095,1.56149,0.0108729
517.095,1.56146,0.0109102
516.096,1.56142,0.0109476
515.096,1.56138,0.0109852
514.096,1.56134,0.011023
513.097,1.56131,0.0110609
512.097,1.56127,0.011099
511.098,1.56123,0.0111372
510.098,1.56119,0.0111755
509.098,1.56115,0.011214
508.099,1.56111,0.0112527
507.099,1.56108,0.0112915
506.1,1.56104,0.0113304
505.1,1.561,0.0113695
504.1,1.56096,0.0114088
503.101,1.56092,0.0114482
502.101,1.56088,0.0114878
501.102,1.56084,0.0115275
500.102,1.5608,0.0115674
499.102,1.56076,0.0116075
498.103,1.56072,0.0116477
497.103,1.56068,0.0116881
496.104,1.56064,0.0117286
495.104,1.5606,0.0117693
494.104,1.56056,0.0118102
493.105,1.56052,0.0118512
492.105,1.56047,0.0118924
491.106,1.56043,0.0119338
490.106,1.56039,0.0119753
489.106,1.56035,0.012017
488.107,1.56031,0.0120589
487.107,1.56027,0.012101
486.108,1.56022,0.0121432
485.108,1.56018,0.0121856
484.108,1.56014,0.0122282
483.109,1.5601,0.0122709
482.109,1.56005,0.0123138
481.11,1.56001,0.012357
480.11,1.55997,0.0124002
479.111,1.55992,0.0124437
478.111,1.55988,0.0124873
477.111,1.55984,0.0125312
476.112,1.55979,0.0125752
475.112,1.55975,0.0126194
474.113,1.5597,0.0126638
473.113,1.55966,0.0127083
472.114,1.55961,0.0127531
471.114,1.55957,0.0127981
470.115,1.55952,0.0128432
469.115,1.55948,0.0128885
468.116,1.55943,0.0129341
467.116,1.55939,0.0129798
466.116,1.55934,0.0130257
465.117,1.55929,0.0130718
464.117,1.55925,0.0131181
463.118,1.5592,0.0131647
462.118,1.55916,0.0132114
461.119,1.55911,0.0132583
460.119,1.55906,0.0133054
459.12,1.55901,0.0133527
458.12,1.55897,0.0134003
457.121,1.55892,0.013448
456.121,1.55887,0.013496
455.122,1.55882,0.0135441
454.122,1.55877,0.0135925
453.123,1.55873,0.0136411
452.123,1.55868,0.0136899
451.124,1.55863,0.0137389
450.124,1.55858,0.0137882
449.125,1.55853,0.0138376
448.125,1.55848,0.0138873
447.125,1.55843,0.0139372
446.126,1.55838,0.0139873
445.126,1.55833,0.0140377
444.127,1.55828,0.0140882
443.128,1.55823,0.014139
442.128,1.55818,0.0141901
441.129,1.55813,0.0142413
440.129,1.55807,0.0142928
439.13,1.55802,0.0143446
438.13,1.55797,0.0143965
437.131,1.55792,0.0144487
436.131,1.55787,0.0145012
435.132,1.55781,0.0145538
434.132,1.55776,0.0146068
433.133,1.55771,0.0146599
432.133,1.55765,0.0147134
431.134,1.5576,0.014767
430.134,1.55755,0.0148209
429.135,1.55749,0.0148751
428.135,1.55744,0.0149295
427.136,1.55738,0.0149842
426.136,1.55733,0.0150391
425.137,1.55727,0.0150943
424.138,1.55722,0.0151498
423.138,1.55716,0.0152055
422.139,1.55711,0.0152614
421.139,1.55705,0.0153177
420.14,1.55699,0.0153742
419.14,1.55694,0.015431
418.141,1.55688,0.015488
417.142,1.55682,0.0155453
416.142,1.55676,0.0156029
415.143,1.55671,0.0156608
414.143,1.55665,0.015719
413.144,1.55659,0.0157774
412.144,1.55653,0.0158361
411.145,1.55647,0.0158951
410.146,1.55641,0.0159544
409.146,1.55635,0.016014
408.147,1.55629,0.0160739
407.147,1.55623,0.016134
406.148,1.55617,0.0161945
405.149,1.55611,0.0162553
404.149,1.55605,0.0163163
403.15,1.55599,0.0163777
402.15,1.55593,0.0164393
401.151,1.55587,0.0165013
400.152,1.5558,0.0165636
399.152,1.55574,0.0166262
398.153,1.55568,0.0166891
397.154,1.55561,0.0167523
396.154,1.55555,0.0168159
395.155,1.55549,0.0168798
394.155,1.55542,0.016944
393.156,1.55536,0.0170085
392.157,1.55529,0.0170733
391.157,1.55523,0.0171385
390.158,1.55516,0.017204
389.159,1.5551,0.0172699
388.159,1.55503,0.0173361
387.16,1.55496,0.0174026
386.161,1.5549,0.0174695
385.161,1.55483,0.0175367
384.162,1.55476,0.0176043
383.163,1.55469,0.0176722
382.163,1.55463,0.0177405
381.164,1.55456,0.0178091
380.165,1.55449,0.0178781
379.165,1.55442,0.0179475
378.166,1.55435,0.0180172
377.167,1.55428,0.0180873
376.167,1.55421,0.0181578
375.168,1.55414,0.0182286
374.169,1.55407,0.0182999
373.17,1.554,0.0183715
372.17,1.55392,0.0184435
371.171,1.55385,0.0185158
370.172,1.55378,0.0185886
369.173,1.5537,0.0186618
368.173,1.55363,0.0187353
367.174,1.55356,0.0188093
366.175,1.55348,0.0188837
365.175,1.55341,0.0189584
364.176,1.55333,0.0190336
363.177,1.55326,0.0191092
362.178,1.55318,0.0191852
361.178,1.55311,0.0192617
360.179,1.55303,0.0193385
359.18,1.55295,0.0194158
358.181,1.55287,0.0194935
357.182,1.5528,0.0195717
356.182,1.55272,0.0196503
355.183,1.55264,0.0197293
354.184,1.55256,0.0198088
353.185,1.55248,0.0198887
352.186,1.5524,0.0199691
351.186,1.55232,0.0200499
350.187,1.55224,0.0201312
349.188,1.55215,0.020213
348.189,1.55207,0.0202953
347.19,1.55199,0.020378
346.19,1.55191,0.0204612
345.191,1.55182,0.0205448
344.192,1.55174,0.020629
343.193,1.55165,0.0207136
342.194,1.55157,0.0207988
341.195,1.55148,0.0208844
340.195,1.5514,0.0209706
339.196,1.55131,0.0210572
338.197,1.55122,0.0211444
337.198,1.55113,0.021232
336.199,1.55105,0.0213202
335.2,1.55096,0.021409
334.201,1.55087,0.0214982
333.202,1.55078,0.021588
332.202,1.55069,0.0216784
331.203,1.5506,0.0217692
330.204,1.55051,0.0218607
329.205,1.55041,0.0219526
328.206,1.55032,0.0220452
327.207,1.55023,0.0221383
326.208,1.55014,0.022232
325.209,1.55004,0.0223262
324.21,1.54995,0.0224211
323.211,1.54985,0.0225165
322.212,1.54975,0.0226125
321.213,1.54966,0.0227091
320.214,1.54956,0.0228063
319.215,1.54946,0.0229042
318.216,1.54936,0.0230026
317.217,1.54927,0.0231017
316.218,1.54917,0.0232013
315.219,1.54907,0.0233017
314.22,1.54896,0.0234026
313.221,1.54886,0.0235042
312.222,1.54876,0.0236065
311.223,1.54866,0.0237094
310.224,1.54855,0.0238129
309.225,1.54845,0.0239172
308.226,1.54835,0.0240221
307.227,1.54824,0.0241277
306.228,1.54813,0.024234
305.229,1.54803,0.024341
304.23,1.54792,0.0244486
303.231,1.54781,0.024557
302.232,1.5477,0.0246662
301.233,1.54759,0.024776
300.234,1.54748,0.0248866
299.235,1.54737,0.0249979
298.237,1.54726,0.0251099
297.238,1.54715,0.0252227
296.239,1.54703,0.0253363
295.24,1.54692,0.0254506
294.241,1.5468,0.0255657
293.242,1.54669,0.0256816
292.243,1.54657,0.0257983
291.245,1.54645,0.0259158
290.246,1.54633,0.0260341
289.247,1.54622,0.0261532
288.248,1.5461,0.0262732
287.249,1.54597,0.0263939
286.251,1.54585,0.0265156
285.252,1.54573,0.026638
284.253,1.54561,0.0267614
283.254,1.54548,0.0268856
282.255,1.54536,0.0270106
281.257,1.54523,0.0271366
280.258,1.54511,0.0272635
279.259,1.54498,0.0273913
278.261,1.54485,0.02752
277.262,1.54472,0.0276496
276.263,1.54459,0.0277801
275.264,1.54446,0.0279117
274.266,1.54433,0.0280441
273.267,1.54419,0.0281776
272.268,1.54406,0.028312
271.27,1.54392,0.0284474
270.271,1.54379,0.0285838
269.272,1.54365,0.0287212
268.274,1.54351,0.0288596
267.275,1.54337,0.0289991
266.277,1.54323,0.0291397
265.278,1.54309,0.0292812
264.279,1.54295,0.0294239
263.281,1.5428,0.0295676
262.282,1.54266,0.0297125
261.284,1.54251,0.0298584
260.285,1.54236,0.0300055
259.287,1.54222,0.0301537
258.288,1.54207,0.030303
257.29,1.54192,0.0304535
256.291,1.54177,0.0306052
255.293,1.54161,0.030758
254.294,1.54146,0.0309121
253.296,1.5413,0.0310674
252.297,1.54115,0.0312239
251.299,1.54099,0.0313816
250.3,1.54083,0.0315407
249.302,1.54067,0.0317009
248.304,1.54051,0.0318625
247.305,1.54035,0.0320254
246.307,1.54018,0.0321896
245.308,1.54002,0.0323551
244.31,1.53985,0.032522
243.312,1.53968,0.0326903
242.313,1.53951,0.03286
241.315,1.53934,0.033031
240.317,1.53917,0.0332035
239.319,1.539,0.0333774
238.32,1.53882,0.0335528
237.322,1.53864,0.0337297
236.324,1.53847,0.033908
235.326,1.53829,0.0340879
234.327,1.5381,0.0342693
233.329,1.53792,0.0344522
232.331,1.53774,0.0346368
231.333,1.53755,0.0348229
230.335,1.53736,0.0350106
229.337,1.53717,0.0352
228.339,1.53698,0.035391
227.34,1.53679,0.0355838
226.342,1.5366,0.0357782
225.344,1.5364,0.0359743
224.346,1.5362,0.0361722
223.348,1.536,0.0363718
222.35,1.5358,0.0365733
221.352,1.5356,0.0367765
220.354,1.53539,0.0369817
219.356,1.53519,0.0371886
218.358,1.53498,0.0373975
217.361,1.53477,0.0376083
216.363,1.53456,0.037821
215.365,1.53434,0.0380357
214.367,1.53413,0.0382525
213.369,1.53391,0.0384712
212.371,1.53369,0.038692
211.373,1.53346,0.0389149
210.376,1.53324,0.0391399
209.378,1.53301,0.039367
208.38,1.53278,0.0395964
207.383,1.53255,0.0398279
206.385,1.53232,0.0400617
205.387,1.53208,0.0402978
204.39,1.53184,0.0405361
203.392,1.5316,0.0407768
202.394,1.53136,0.0410199
201.397,1.53112,0.0412654
200.399,1.53087,0.0415133
199.402,1.53062,0.0417638
198.404,1.53037,0.0420167
197.407,1.53011,0.0422722
196.409,1.52985,0.0425303
195.412,1.52959,0.0427911
194.414,1.52933,0.0430545
193.417,1.52906,0.0433206
192.42,1.5288,0.0435896
191.422,1.52853,0.0438613
190.425,1.52825,0.0441358
189.428,1.52797,0.0444133
188.431,1.52769,0.0446937
187.433,1.52741,0.0449771
186.436,1.52713,0.0452635
185.439,1.52684,0.0455531
184.442,1.52654,0.0458457
183.445,1.52625,0.0461416
182.448,1.52595,0.0464406
181.451,1.52565,0.046743
180.454,1.52534,0.0470487
179.457,1.52504,0.0473579
178.46,1.52472,0.0476704
177.463,1.52441,0.0479865
176.466,1.52409,0.0483062
175.47,1.52377,0.0486296
174.473,1.52344,0.0489566
173.476,1.52311,0.0492874
172.479,1.52278,0.049622
171.483,1.52244,0.0499605
170.486,1.5221,0.050303
169.49,1.52175,0.0506495
168.493,1.5214,0.0510002
167.496,1.52105,0.051355
166.5,1.52069,0.051714
165.504,1.52033,0.0520775
164.507,1.51996,0.0524453
163.511,1.51959,0.0528176
162.515,1.51921,0.0531945
161.518,1.51883,0.053576
160.522,1.51845,0.0539623
159.526,1.51806,0.0543535
158.53,1.51766,0.0547495
157.534,1.51726,0.0551506
156.538,1.51686,0.0555568
155.542,1.51645,0.0559683
154.546,1.51603,0.056385
153.55,1.51561,0.0568072
152.554,1.51519,0.0572348
151.559,1.51475,0.0576682
150.563,1.51432,0.0581072
149.567,1.51387,0.0585522
148.572,1.51342,0.0590031
147.576,1.51297,0.0594601
146.581,1.51251,0.0599234
145.586,1.51204,0.060393
144.59,1.51157,0.0608691
143.595,1.51108,0.0613518
142.6,1.5106,0.0618413
141.605,1.5101,0.0623377
140.61,1.5096,0.0628411
139.615,1.50909,0.0633517
138.62,1.50858,0.0638697
137.625,1.50805,0.0643952
136.63,1.50752,0.0649284
135.636,1.50699,0.0654695
134.641,1.50644,0.0660186
133.646,1.50588,0.0665758
132.652,1.50532,0.0671415
131.658,1.50475,0.0677158
130.663,1.50417,0.0682988
129.669,1.50358,0.0688908
128.675,1.50298,0.069492
127.681,1.50238,0.0701026
126.687,1.50176,0.0707228
125.693,1.50113,0.0713529
124.7,1.5005,0.071993
123.706,1.49985,0.0726435
122.713,1.49919,0.0733046
121.719,1.49852,0.0739766
120.726,1.49785,0.0746596
119.733,1.49716,0.075354
118.74,1.49645,0.0760602
117.747,1.49574,0.0767783
116.754,1.49502,0.0775086
115.761,1.49428,0.0782516
114.769,1.49353,0.0790075
113.776,1.49276,0.0797767
112.784,1.49199,0.0805595
111.792,1.4912,0.0813562
110.8,1.49039,0.0821674
109.808,1.48957,0.0829933
108.816,1.48874,0.0838343
107.824,1.48789,0.0846909
106.833,1.48702,0.0855635
105.841,1.48614,0.0864526
104.85,1.48525,0.0873586
103.859,1.48433,0.088282
102.869,1.4834,0.0892234
101.878,1.48245,0.0901832
100.888,1.48148,0.091162
99.8973,1.48049,0.0921603
98.9072,1.47948,0.0931788
97.9174,1.47845,0.0942181
96.9277,1.4774,0.0952788
95.9383,1.47633,0.0963615
94.9491,1.47524,0.0974671
93.9601,1.47413,0.0985961
92.9713,1.47299,0.0997493
91.9828,1.47182,0.100928
90.9945,1.47063,0.102132
90.0065,1.46942,0.103363
89.0188,1.46818,0.104621
88.0313,1.46691,0.105908
87.0441,1.46561,0.107224
86.0572,1.46428,0.108571
85.0706,1.46292,0.10995
84.0843,1.46153,0.111361
83.0983,1.46011,0.112807
82.1127,1.45866,0.114287
81.1274,1.45716,0.115804
80.1425,1.45564,0.117359
79.158,1.45407,0.118952
78.1738,1.45246,0.120587
77.19,1.45082,0.122264
76.2067,1.44913,0.123984
75.2238,1.4474,0.125751
74.2413,1.44562,0.127564
73.2593,1.4438,0.129428
72.2778,1.44193,0.131342
71.2968,1.44,0.133311
70.3163,1.43802,0.135335
69.3364,1.43599,0.137417
68.357,1.4339,0.13956
67.3783,1.43175,0.141767
66.4001,1.42954,0.14404
65.4227,1.42726,0.146382
64.4458,1.42491,0.148797
63.4697,1.42249,0.151288
62.4944,1.42,0.153858
61.5198,1.41743,0.156512
60.546,1.41478,0.159253
59.5731,1.41204,0.162086
58.6011,1.40921,0.165016
57.63,1.40629,0.168047
56.6599,1.40327,0.171184
55.6909,1.40015,0.174434
54.7229,1.39691,0.177803
53.7561,1.39357,0.181297
52.7905,1.3901,0.184922
51.8262,1.3865,0.188688
50.8632,1.38278,0.192601
49.9016,1.37891,0.19667
48.9416,1.37489,0.200906
47.9831,1.37072,0.205318
47.0263,1.36638,0.209917
46.0714,1.36186,0.214715
45.1183,1.35716,0.219725
44.1672,1.35226,0.224962
43.2183,1.34715,0.230441
42.2717,1.34182,0.236179
41.3276,1.33626,0.242193
40.386,1.33044,0.248506
39.4473,1.32436,0.255137
38.5115,1.31798,0.262112
37.579,1.31131,0.269458
36.6499,1.30431,0.277205
35.7245,1.29696,0.285384
34.8031,1.28925,0.294033
33.886,1.28113,0.303192
32.9736,1.27259,0.312906
32.0662,1.2636,0.323225
31.1643,1.25411,0.334205
30.2683,1.2441,0.345911
29.3788,1.23353,0.358413
28.4963,1.22235,0.371792
27.6215,1.21053,0.38614
26.755,1.19801,0.401559
25.8978,1.18475,0.418168
25.0507,1.1707,0.436103
24.2148,1.15579,0.455517
23.391,1.13999,0.476588
22.5808,1.12323,0.499521
21.7856,1.10547,0.524552
21.0068,1.08667,0.551953
20.2465,1.0668,0.582038
19.5064,1.04583,0.615171
18.789,1.0238,0.651771
18.0966,1.00074,0.692319
17.4321,0.976765,0.737358
16.7985,0.952041,0.787501
16.1992,0.926835,0.843414
15.6377,0.901528,0.905805
15.1179,0.876642,0.975374
14.6438,0.85286,1.05275
14.2196,0.831036,1.13836
13.8493,0.812173,1.23233
13.5368,0.797375,1.33425
13.286,0.787746,1.44307
13.0998,0.784251,1.55699
12.9807,0.787563,1.67361
12.9304,0.797933,1.79014
12.9497,0.815131,1.90383
13.0382,0.838482,2.01232
13.1947,0.866976,2.11391
13.4172,0.899422,2.20761
13.7029,0.934598,2.29307
14.0482,0.971369,2.37044
14.4493,1.00875,2.44017
14.9021,1.04596,2.50286
15.4026,1.08238,2.5592
15.9465,1.11759,2.60988
16.53,1.1513,2.65555
17.1494,1.18332,2.69679
17.8011,1.21359,2.73412
18.4819,1.24208,2.76802
19.189,1.26882,2.79889
19.9198,1.29386,2.82707
20.6718,1.3173,2.85289
21.443,1.33921,2.87659
22.2315,1.35969,2.89842
23.0356,1.37885,2.91857
23.8538,1.39677,2.93723
24.6848,1.41354,2.95453
25.5273,1.42925,2.97063
26.3804,1.44399,2.98562
27.2431,1.45782,2.99963
28.1144,1.47082,3.01273
28.9938,1.48305,3.02502
29.8804,1.49456,3.03655
30.7738,1.50542,3.04741
31.6733,1.51567,3.05764
32.5784,1.52536,3.06729
33.4887,1.53453,3.07641
34.4039,1.54321,3.08505
35.3235,1.55144,3.09323
36.2473,1.55926,3.101
37.1748,1.56668,3.10837
38.106,1.57375,3.1154
39.0404,1.58047,3.12208
39.9779,1.58688,3.12846
40.9183,1.593,3.13454
41.8614,1.59884,3.14035
42.807,1.60442,3.14591
43.7549,1.60975,3.15123
44.7051,1.61486,3.15633
45.6573,1.61976,3.16122
46.6115,1.62445,3.16591
47.5675,1.62896,3.17041
48.5252,1.63329,3.17474
49.4846,1.63744,3.17891
50.4456,1.64144,3.18291
51.4079,1.64529,3.18678
52.3717,1.64899,3.1905
53.3368,1.65256,3.19409
54.3031,1.656,3.19755
55.2706,1.65932,3.20089
56.2392,1.66253,3.20413
57.2088,1.66562,3.20725
58.1795,1.66861,3.21027
59.1511,1.67151,3.2132
60.1236,1.6743,3.21603
61.097,1.67701,3.21877
62.0713,1.67963,3.22143
63.0463,1.68217,3.22401
64.0221,1.68464,3.22651
64.9986,1.68702,3.22894
65.9758,1.68934,3.2313
66.9537,1.69159,3.23359
67.9321,1.69377,3.23581
68.9112,1.69589,3.23797
69.8909,1.69795,3.24008
70.8712,1.69995,3.24212
71.852,1.7019,3.24412
72.8332,1.70379,3.24606
73.815,1.70564,3.24795
74.7973,1.70743,3.24979
75.78,1.70918,3.25158
76.7632,1.71088,3.25333
77.7468,1.71254,3.25503
78.7307,1.71416,3.2567
79.7151,1.71573,3.25832
80.6999,1.71727,3.2599
81.685,1.71877,3.26145
82.6705,1.72024,3.26296
83.6563,1.72167,3.26444
84.6425,1.72306,3.26588
85.6289,1.72443,3.26729
86.6157,1.72576,3.26866
87.6028,1.72706,3.27001
88.5901,1.72833,3.27133
89.5777,1.72958,3.27262
90.5656,1.73079,3.27388
91.5538,1.73198,3.27512
92.5422,1.73315,3.27633
93.5309,1.73429,3.27751
94.5197,1.7354,3.27867
95.5089,1.7365,3.27981
96.4982,1.73757,3.28092
97.4878,1.73861,3.28201
98.4775,1.73964,3.28308
99.4675,1.74065,3.28413
100.458,1.74163,3.28516
101.448,1.7426,3.28617
102.439,1.74355,3.28716
103.429,1.74448,3.28813
104.42,1.74539,3.28908
105.411,1.74628,3.29001
106.402,1.74716,3.29093
107.394,1.74802,3.29183
108.385,1.74887,3.29272
109.377,1.7497,3.29359
110.369,1.75051,3.29444
111.361,1.75131,3.29528
112.353,1.7521,3.29611
113.345,1.75287,3.29692
114.338,1.75363,3.29771
115.33,1.75437,3.2985
116.323,1.7551,3.29927
117.316,1.75582,3.30002
118.309,1.75653,3.30077
119.302,1.75723,3.3015
120.295,1.75791,3.30222
121.288,1.75859,3.30293
122.281,1.75925,3.30363
123.275,1.7599,3.30431
124.268,1.76054,3.30499
125.262,1.76117,3.30566
126.256,1.76179,3.30631
127.25,1.7624,3.30696
128.244,1.763,3.30759
129.238,1.76359,3.30822
130.232,1.76418,3.30883
131.226,1.76475,3.30944
132.22,1.76532,3.31004
133.215,1.76587,3.31063
134.209,1.76642,3.31121
135.204,1.76696,3.31178
136.198,1.76749,3.31234
137.193,1.76802,3.3129
138.188,1.76854,3.31345
139.183,1.76904,3.31399
140.178,1.76955,3.31452
141.173,1.77004,3.31504
142.168,1.77053,3.31556
143.163,1.77101,3.31607
144.158,1.77149,3.31658
145.153,1.77195,3.31707
146.149,1.77242,3.31756
147.144,1.77287,3.31805
148.14,1.77332,3.31852
149.135,1.77376,3.319
150.131,1.7742,3.31946
151.126,1.77463,3.31992
152.122,1.77506,3.32037
153.118,1.77548,3.32082
154.114,1.77589,3.32126
155.11,1.7763,3.3217
156.106,1.7767,3.32213
157.101,1.7771,3.32255
158.098,1.7775,3.32297
159.094,1.77789,3.32339
160.09,1.77827,3.3238
161.086,1.77865,3.3242
162.082,1.77902,3.3246
163.078,1.77939,3.325
164.075,1.77976,3.32539
165.071,1.78012,3.32577
166.067,1.78048,3.32615
167.064,1.78083,3.32653
168.06,1.78118,3.3269
169.057,1.78152,3.32727
170.053,1.78186,3.32763
171.05,1.7822,3.32799
172.047,1.78253,3.32835
173.043,1.78286,3.3287
174.04,1.78318,3.32904
175.037,1.7835,3.32939
176.034,1.78382,3.32973
177.03,1.78413,3.33006
178.027,1.78444,3.33039
179.024,1.78475,3.33072
180.021,1.78505,3.33105
181.018,1.78535,3.33137
182.015,1.78565,3.33169
183.012,1.78594,3.332
184.009,1.78623,3.33231
185.006,1.78652,3.33262
186.003,1.7868,3.33292
187,1.78708,3.33322
187.998,1.78736,3.33352
188.995,1.78763,3.33382
189.992,1.7879,3.33411
190.989,1.78817,3.3344
191.987,1.78844,3.33468
192.984,1.7887,3.33497
193.981,1.78896,3.33525
194.979,1.78922,3.33552
195.976,1.78947,3.3358
196.974,1.78973,3.33607
197.971,1.78998,3.33634
198.969,1.79022,3.3366
199.966,1.79047,3.33687
200.964,1.79071,3.33713
201.961,1.79095,3.33739
202.959,1.79119,3.33764
203.956,1.79143,3.3379
204.954,1.79166,3.33815
205.952,1.79189,3.3384
206.949,1.79212,3.33864
207.947,1.79235,3.33889
208.945,1.79257,3.33913
209.942,1.79279,3.33937
210.94,1.79301,3.33961
211.938,1.79323,3.33984
212.936,1.79345,3.34007
213.934,1.79366,3.3403
214.931,1.79387,3.34053
215.929,1.79408,3.34076
216.927,1.79429,3.34098
217.925,1.79449,3.34121
218.923,1.7947,3.34143
219.921,1.7949,3.34164
220.919,1.7951,3.34186
221.917,1.7953,3.34207
222.915,1.7955,3.34229
223.913,1.79569,3.3425
224.911,1.79589,3.34271
225.909,1.79608,3.34291
226.907,1.79627,3.34312
227.905,1.79646,3.34332
228.903,1.79664,3.34352
229.901,1.79683,3.34372
230.899,1.79701,3.34392
231.898,1.79719,3.34412
232.896,1.79737,3.34431
233.894,1.79755,3.34451
234.892,1.79773,3.3447
235.89,1.7979,3.34489
236.889,1.79808,3.34508
237.887,1.79825,3.34526
238.885,1.79842,3.34545
239.883,1.79859,3.34563
240.882,1.79876,3.34581
241.88,1.79893,3.346
242.878,1.79909,3.34617
243.877,1.79926,3.34635
244.875,1.79942,3.34653
245.873,1.79958,3.3467
246.872,1.79974,3.34688
247.87,1.7999,3.34705
248.868,1.80006,3.34722
249.867,1.80021,3.34739
250.865,1.80037,3.34756
251.864,1.80052,3.34772
252.862,1.80068,3.34789
253.861,1.80083,3.34805
254.859,1.80098,3.34822
255.857,1.80113,3.34838
256.856,1.80127,3.34854
257.854,1.80142,3.3487
258.853,1.80157,3.34886
259.852,1.80171,3.34901
260.85,1.80186,3.34917
261.849,1.802,3.34932
262.847,1.80214,3.34948
263.846,1.80228,3.34963
264.844,1.80242,3.34978
265.843,1.80256,3.34993
266.841,1.80269,3.35008
267.84,1.80283,3.35023
268.839,1.80296,3.35037
269.837,1.8031,3.35052
270.836,1.80323,3.35066
271.835,1.80336,3.35081
272.833,1.80349,3.35095
273.832,1.80362,3.35109
274.831,1.80375,3.35123
275.829,1.80388,3.35137
276.828,1.80401,3.35151
277.827,1.80413,3.35164
278.825,1.80426,3.35178
279.824,1.80438,3.35192
280.823,1.80451,3.35205
281.822,1.80463,3.35218
282.82,1.80475,3.35232
283.819,1.80487,3.35245
284.818,1.80499,3.35258
285.817,1.80511,3.35271
286.816,1.80523,3.35284
287.814,1.80535,3.35297
288.813,1.80547,3.35309
289.812,1.80558,3.35322
290.811,1.8057,3.35334
291.81,1.80581,3.35347
292.808,1.80593,3.35359
293.807,1.80604,3.35372
294.806,1.80615,3.35384
295.805,1.80626,3.35396
296.804,1.80637,3.35408
297.803,1.80648,3.3542
298.802,1.80659,3.35432
299.801,1.8067,3.35444
300.799,1.80681,3.35455
301.798,1.80691,3.35467
302.797,1.80702,3.35478
303.796,1.80713,3.3549
304.795,1.80723,3.35501
305.794,1.80734,3.35513
306.793,1.80744,3.35524
307.792,1.80754,3.35535
308.791,1.80764,3.35546
309.79,1.80775,3.35557
310.789,1.80785,3.35568
311.788,1.80795,3.35579
312.787,1.80805,3.3559
313.786,1.80814,3.35601
314.785,1.80824,3.35612
315.784,1.80834,3.35622
316.783,1.80844,3.35633
317.782,1.80853,3.35643
318.781,1.80863,3.35654
319.78,1.80872,3.35664
320.779,1.80882,3.35674
321.778,1.80891,3.35685
322.777,1.80901,3.35695
323.776,1.8091,3.35705
324.775,1.80919,3.35715
325.774,1.80928,3.35725
326.773,1.80937,3.35735
327.772,1.80947,3.35745
328.771,1.80956,3.35755
329.77,1.80965,3.35765
330.769,1.80973,3.35774
331.769,1.80982,3.35784
332.768,1.80991,3.35794
333.767,1.81,3.35803
334.766,1.81008,3.35813
335.765,1.81017,3.35822
336.764,1.81026,3.35831
337.763,1.81034,3.35841
338.762,1.81043,3.3585
339.761,1.81051,3.35859
340.761,1.81059,3.35868
341.76,1.81068,3.35877
342.759,1.81076,3.35886
343.758,1.81084,3.35895
344.757,1.81092,3.35904
345.756,1.81101,3.35913
346.756,1.81109,3.35922
347.755,1.81117,3.35931
348.754,1.81125,3.3594
349.753,1.81133,3.35948
350.752,1.81141,3.35957
351.751,1.81148,3.35965
352.751,1.81156,3.35974
353.75,1.81164,3.35983
354.749,1.81172,3.35991
355.748,1.81179,3.35999
356.748,1.81187,3.36008
357.747,1.81195,3.36016
358.746,1.81202,3.36024
359.745,1.8121,3.36032
360.744,1.81217,3.36041
361.744,1.81225,3.36049
362.743,1.81232,3.36057
363.742,1.81239,3.36065
364.741,1.81247,3.36073
365.741,1.81254,3.36081
366.74,1.81261,3.36089
367.739,1.81268,3.36097
368.738,1.81276,3.36104
369.738,1.81283,3.36112
370.737,1.8129,3.3612
371.736,1.81297,3.36128
372.736,1.81304,3.36135
373.735,1.81311,3.36143
374.734,1.81318,3.3615
375.733,1.81324,3.36158
376.733,1.81331,3.36165
377.732,1.81338,3.36173
378.731,1.81345,3.3618
379.731,1.81352,3.36188
380.73,1.81358,3.36195
381.729,1.81365,3.36202
382.729,1.81372,3.3621
383.728,1.81378,3.36217
384.727,1.81385,3.36224
385.727,1.81391,3.36231
386.726,1.81398,3.36238
387.725,1.81404,3.36245
388.725,1.81411,3.36252
389.724,1.81417,3.36259
390.723,1.81423,3.36266
391.723,1.8143,3.36273
392.722,1.81436,3.3628
393.721,1.81442,3.36287
394.721,1.81449,3.36294
395.72,1.81455,3.36301
396.719,1.81461,3.36307
397.719,1.81467,3.36314
398.718,1.81473,3.36321
399.718,1.81479,3.36328
400.717,1.81485,3.36334
401.716,1.81491,3.36341
402.716,1.81497,3.36347
403.715,1.81503,3.36354
404.714,1.81509,3.3636
405.714,1.81515,3.36367
406.713,1.81521,3.36373
407.713,1.81527,3.3638
408.712,1.81533,3.36386
409.711,1.81538,3.36392
410.711,1.81544,3.36399
411.71,1.8155,3.36405
412.71,1.81556,3.36411
413.709,1.81561,3.36417
414.709,1.81567,3.36424
415.708,1.81573,3.3643
416.707,1.81578,3.36436
417.707,1.81584,3.36442
418.706,1.81589,3.36448
419.706,1.81595,3.36454
420.705,1.816,3.3646
421.705,1.81606,3.36466
422.704,1.81611,3.36472
423.703,1.81617,3.36478
424.703,1.81622,3.36484
425.702,1.81627,3.3649
426.702,1.81633,3.36496
427.701,1.81638,3.36502
428.701,1.81643,3.36507
429.7,1.81648,3.36513
430.7,1.81654,3.36519
431.699,1.81659,3.36525
432.699,1.81664,3.3653
433.698,1.81669,3.36536
434.697,1.81674,3.36542
435.697,1.81679,3.36547
436.696,1.81685,3.36553
437.696,1.8169,3.36558
438.695,1.81695,3.36564
439.695,1.817,3.36569
440.694,1.81705,3.36575
441.694,1.8171,3.3658
442.693,1.81715,3.36586
443.693,1.8172,3.36591
444.692,1.81724,3.36597
445.692,1.81729,3.36602
446.691,1.81734,3.36607
447.691,1.81739,3.36613
448.69,1.81744,3.36618
449.69,1.81749,3.36623
450.689,1.81753,3.36628
451.689,1.81758,3.36634
452.688,1.81763,3.36639
453.688,1.81768,3.36644
454.687,1.81772,3.36649
455.687,1.81777,3.36654
456.686,1.81782,3.36659
457.686,1.81786,3.36664
458.685,1.81791,3.36669
459.685,1.81795,3.36675
460.685,1.818,3.3668
461.684,1.81805,3.36685
462.684,1.81809,3.3669
463.683,1.81814,3.36694
464.683,1.81818,3.36699
465.682,1.81823,3.36704
466.682,1.81827,3.36709
467.681,1.81832,3.36714
468.681,1.81836,3.36719
469.68,1.8184,3.36724
470.68,1.81845,3.36729
471.679,1.81849,3.36733
472.679,1.81853,3.36738
473.679,1.81858,3.36743
474.678,1.81862,3.36748
475.678,1.81866,3.36752
476.677,1.81871,3.36757
477.677,1.81875,3.36762
478.676,1.81879,3.36766
479.676,1.81883,3.36771
480.676,1.81887,3.36776
481.675,1.81892,3.3678
482.675,1.81896,3.36785
483.674,1.819,3.36789
484.674,1.81904,3.36794
485.673,1.81908,3.36798
486.673,1.81912,3.36803
487.673,1.81916,3.36807
488.672,1.8192,3.36812
489.672,1.81924,3.36816
490.671,1.81928,3.36821
491.671,1.81932,3.36825
492.67,1.81936,3.3683
493.67,1.8194,3.36834
494.67,1.81944,3.36838
495.669,1.81948,3.36843
496.669,1.81952,3.36847
497.668,1.81956,3.36851
498.668,1.8196,3.36856
499.668,1.81964,3.3686
500.667,1.81968,3.36864
501.667,1.81972,3.36868
502.666,1.81976,3.36872
503.666,1.81979,3.36877
504.666,1.81983,3.36881
505.665,1.81987,3.36885
506.665,1.81991,3.36889
507.665,1.81995,3.36893
508.664,1.81998,3.36897
509.664,1.82002,3.36902
510.663,1.82006,3.36906
511.663,1.82009,3.3691
512.663,1.82013,3.36914
513.662,1.82017,3.36918
514.662,1.8202,3.36922
515.661,1.82024,3.36926
516.661,1.82028,3.3693
517.661,1.82031,3.36934
518.66,1.82035,3.36938
519.66,1.82039,3.36942
520.66,1.82042,3.36946
521.659,1.82046,3.3695
522.659,1.82049,3.36954
523.659,1.82053,3.36957
524.658,1.82056,3.36961
525.658,1.8206,3.36965
526.657,1.82063,3.36969
527.657,1.82067,3.36973
528.657,1.8207,3.36977
529.656,1.82074,3.3698
530.656,1.82077,3.36984
531.656,1.82081,3.36988
532.655,1.82084,3.36992
533.655,1.82087,3.36996
534.655,1.82091,3.36999
535.654,1.82094,3.37003
536.654,1.82097,3.37007
537.654,1.82101,3.3701
538.653,1.82104,3.37014
539.653,1.82107,3.37018
540.653,1.82111,3.37021
541.652,1.82114,3.37025
542.652,1.82117,3.37029
543.652,1.82121,3.37032
544.651,1.82124,3.37036
545.651,1.82127,3.37039
546.651,1.8213,3.37043
547.65,1.82134,3.37047
548.65,1.82137,3.3705
549.65,1.8214,3.37054
550.649,1.82143,3.37057
551.649,1.82146,3.37061
552.649,1.8215,3.37064
553.648,1.82153,3.37068
554.648,1.82156,3.37071
555.648,1.82159,3.37075
556.647,1.82162,3.37078
557.647,1.82165,3.37081
558.647,1.82168,3.37085
559.646,1.82172,3.37088
560.646,1.82175,3.37092
561.646,1.82178,3.37095
562.645,1.82181,3.37098
563.645,1.82184,3.37102
564.645,1.82187,3.37105
565.644,1.8219,3.37108
566.644,1.82193,3.37112
567.644,1.82196,3.37115
568.643,1.82199,3.37118
569.643,1.82202,3.37122
570.643,1.82205,3.37125
571.643,1.82208,3.37128
572.642,1.82211,3.37131
573.642,1.82214,3.37135
574.642,1.82217,3.37138
575.641,1.8222,3.37141
576.641,1.82222,3.37144
577.641,1.82225,3.37148
578.64,1.82228,3.37151
579.64,1.82231,3.37154
580.64,1.82234,3.37157
581.64,1.82237,3.3716
582.639,1.8224,3.37163
583.639,1.82243,3.37167
584.639,1.82245,3.3717
585.638,1.82248,3.37173
586.638,1.82251,3.37176
587.638,1.82254,3.37179
588.638,1.82257,3.37182
589.637,1.82259,3.37185
590.637,1.82262,3.37188
591.637,1.82265,3.37191
592.636,1.82268,3.37194
593.636,1.8227,3.37197
594.636,1.82273,3.372
595.636,1.82276,3.37203
596.635,1.82279,3.37206
597.635,1.82281,3.37209
598.635,1.82284,3.37212
599.634,1.82287,3.37215
600.634,1.82289,3.37218
601.634,1.82292,3.37221
602.634,1.82295,3.37224
603.633,1.82297,3.37227
604.633,1.823,3.3723
605.633,1.82303,3.37233
606.632,1.82305,3.37236
607.632,1.82308,3.37239
608.632,1.82311,3.37242
609.632,1.82313,3.37244
610.631,1.82316,3.37247
611.631,1.82318,3.3725
612.631,1.82321,3.37253
613.631,1.82323,3.37256
614.63,1.82326,3.37259
615.63,1.82329,3.37262
616.63,1.82331,3.37264
617.63,1.82334,3.37267
618.629,1.82336,3.3727
619.629,1.82339,3.37273
620.629,1.82341,3.37275
621.629,1.82344,3.37278
622.628,1.82346,3.37281
623.628,1.82349,3.37284
624.628,1.82351,3.37286
625.627,1.82354,3.37289
626.627,1.82356,3.37292
627.627,1.82359,3.37295
628.627,1.82361,3.37297
629.626,1.82364,3.373
630.626,1.82366,3.37303
631.626,1.82368,3.37305
632.626,1.82371,3.37308
633.625,1.82373,3.37311
634.625,1.82376,3.37313
635.625,1.82378,3.37316
636.625,1.8238,3.37319
637.624,1.82383,3.37321
638.624,1.82385,3.37324
639.624,1.82388,3.37327
640.624,1.8239,3.37329
641.624,1.82392,3.37332
642.623,1.82395,3.37334
643.623,1.82397,3.37337
644.623,1.82399,3.37339
645.623,1.82402,3.37342
646.622,1.82404,3.37345
647.622,1.82406,3.37347
648.622,1.82408,3.3735
649.622,1.82411,3.37352
650.621,1.82413,3.37355
651.621,1.82415,3.37357
652.621,1.82418,3.3736
653.621,1.8242,3.37362
654.62,1.82422,3.37365
655.62,1.82424,3.37367
656.62,1.82427,3.3737
657.62,1.82429,3.37372
658.619,1.82431,3.37375
659.619,1.82433,3.37377
660.619,1.82436,3.3738
661.619,1.82438,3.37382
662.619,1.8244,3.37384
663.618,1.82442,3.37387
664.618,1.82444,3.37389
665.618,1.82447,3.37392
666.618,1.82449,3.37394
667.617,1.82451,3.37396
668.617,1.82453,3.37399
669.617,1.82455,3.37401
670.617,1.82457,3.37404
671.617,1.82459,3.37406
672.616,1.82462,3.37408
673.616,1.82464,3.37411
674.616,1.82466,3.37413
675.616,1.82468,3.37415
676.615,1.8247,3.37418
677.615,1.82472,3.3742
678.615,1.82474,3.37422
679.615,1.82476,3.37425
680.615,1.82478,3.37427
681.614,1.82481,3.37429
682.614,1.82483,3.37432
683.614,1.82485,3.37434
684.614,1.82487,3.37436
685.614,1.82489,3.37438
686.613,1.82491,3.37441
687.613,1.82493,3.37443
688.613,1.82495,3.37445
689.613,1.82497,3.37447
690.612,1.82499,3.3745
691.612,1.82501,3.37452
692.612,1.82503,3.37454
693.612,1.82505,3.37456
694.612,1.82507,3.37459
695.611,1.82509,3.37461
696.611,1.82511,3.37463
697.611,1.82513,3.37465
698.611,1.82515,3.37467
699.611,1.82517,3.3747
700.61,1.82519,3.37472
701.61,1.82521,3.37474
702.61,1.82523,3.37476
703.61,1.82525,3.37478
704.61,1.82527,3.3748
705.609,1.82529,3.37483
706.609,1.82531,3.37485
707.609,1.82533,3.37487
708.609,1.82535,3.37489
709.609,1.82536,3.37491
710.608,1.82538,3.37493
711.608,1.8254,3.37495
712.608,1.82542,3.37497
713.608,1.82544,3.375
714.608,1.82546,3.37502
715.607,1.82548,3.37504
716.607,1.8255,3.37506
717.607,1.82552,3.37508
718.607,1.82554,3.3751
719.607,1.82555,3.37512
720.606,1.82557,3.37514
721.606,1.82559,3.37516
722.606,1.82561,3.37518
723.606,1.82563,3.3752
724.606,1.82565,3.37522
725.606,1.82566,3.37524
726.605,1.82568,3.37526
727.605,1.8257,3.37528
728.605,1.82572,3.3753
729.605,1.82574,3.37532
730.605,1.82576,3.37534
731.604,1.82577,3.37536
732.604,1.82579,3.37538
733.604,1.82581,3.3754
734.604,1.82583,3.37542
735.604,1.82585,3.37544
736.603,1.82586,3.37546
737.603,1.82588,3.37548
738.603,1.8259,3.3755
739.603,1.82592,3.37552
740.603,1.82593,3.37554
741.603,1.82595,3.37556
742.602,1.82597,3.37558
743.602,1.82599,3.3756
744.602,1.826,3.37562
745.602,1.82602,3.37564
746.602,1.82604,3.37566
747.601,1.82606,3.37568
748.601,1.82607,3.37569
749.601,1.82609,3.37571
750.601,1.82611,3.37573
751.601,1.82613,3.37575
752.601,1.82614,3.37577
753.6,1.82616,3.37579
754.6,1.82618,3.37581
755.6,1.82619,3.37583
756.6,1.82621,3.37585
757.6,1.82623,3.37586
758.6,1.82624,3.37588
759.599,1.82626,3.3759
760.599,1.82628,3.37592
761.599,1.82629,3.37594
762.599,1.82631,3.37596
763.599,1.82633,3.37597
764.598,1.82634,3.37599
765.598,1.82636,3.37601
766.598,1.82638,3.37603
767.598,1.82639,3.37605
768.598,1.82641,3.37607
769.598,1.82643,3.37608
770.597,1.82644,3.3761
771.597,1.82646,3.37612
772.597,1.82647,3.37614
773.597,1.82649,3.37616
774.597,1.82651,3.37617
775.597,1.82652,3.37619
776.596,1.82654,3.37621
777.596,1.82655,3.37623
778.596,1.82657,3.37624
779.596,1.82659,3.37626
780.596,1.8266,3.37628
781.596,1.82662,3.3763
782.595,1.82663,3.37631
783.595,1.82665,3.37633
784.595,1.82667,3.37635
785.595,1.82668,3.37637
786.595,1.8267,3.37638
787.595,1.82671,3.3764
788.595,1.82673,3.37642
789.594,1.82674,3.37644
790.594,1.82676,3.37645
791.594,1.82677,3.37647
792.594,1.82679,3.37649
793.594,1.82681,3.3765
794.594,1.82682,3.37652
795.593,1.82684,3.37654
796.593,1.82685,3.37655
797.593,1.82687,3.37657
798.593,1.82688,3.37659
799.593,1.8269,3.3766
800.593,1.82691,3.37662
801.592,1.82693,3.37664
802.592,1.82694,3.37665
803.592,1.82696,3.37667
804.592,1.82697,3.37669
805.592,1.82699,3.3767
806.592,1.827,3.37672
807.592,1.82702,3.37674
808.591,1.82703,3.37675
809.591,1.82705,3.37677
810.591,1.82706,3.37679
811.591,1.82707,3.3768
812.591,1.82709,3.37682
813.591,1.8271,3.37683
814.59,1.82712,3.37685
815.59,1.82713,3.37687
816.59,1.82715,3.37688
817.59,1.82716,3.3769
818.59,1.82718,3.37692
819.59,1.82719,3.37693
820.59,1.82721,3.37695
821.589,1.82722,3.37696
822.589,1.82723,3.37698
823.589,1.82725,3.37699
824.589,1.82726,3.37701
825.589,1.82728,3.37703
826.589,1.82729,3.37704
827.589,1.8273,3.37706
828.588,1.82732,3.37707
829.588,1.82733,3.37709
830.588,1.82735,3.3771
831.588,1.82736,3.37712
832.588,1.82737,3.37713
833.588,1.82739,3.37715
834.588,1.8274,3.37717
835.587,1.82742,3.37718
836.587,1.82743,3.3772
837.587,1.82744,3.37721
838.587,1.82746,3.37723
839.587,1.82747,3.37724
840.587,1.82749,3.37726
841.587,1.8275,3.37727
842.586,1.82751,3.37729
843.586,1.82753,3.3773
844.586,1.82754,3.37732
845.586,1.82755,3.37733
846.586,1.82757,3.37735
847.586,1.82758,3.37736
848.586,1.82759,3.37738
849.585,1.82761,3.37739
850.585,1.82762,3.37741
851.585,1.82763,3.37742
852.585,1.82765,3.37744
853.585,1.82766,3.37745
854.585,1.82767,3.37746
855.585,1.82769,3.37748
856.584,1.8277,3.37749
857.584,1.82771,3.37751
858.584,1.82773,3.37752
859.584,1.82774,3.37754
860.584,1.82775,3.37755
861.584,1.82777,3.37757
862.584,1.82778,3.37758
863.584,1.82779,3.3776
864.583,1.8278,3.37761
865.583,1.82782,3.37762
866.583,1.82783,3.37764
867.583,1.82784,3.37765
868.583,1.82786,3.37767
869.583,1.82787,3.37768
870.583,1.82788,3.37769
871.582,1.82789,3.37771
872.582,1.82791,3.37772
873.582,1.82792,3.37774
874.582,1.82793,3.37775
875.582,1.82794,3.37777
876.582,1.82796,3.37778
877.582,1.82797,3.37779
878.582,1.82798,3.37781
879.581,1.82799,3.37782
880.581,1.82801,3.37783
881.581,1.82802,3.37785
882.581,1.82803,3.37786
883.581,1.82804,3.37788
884.581,1.82806,3.37789
885.581,1.82807,3.3779
886.581,1.82808,3.37792
887.58,1.82809,3.37793
888.58,1.82811,3.37794
889.58,1.82812,3.37796
890.58,1.82813,3.37797
891.58,1.82814,3.37798
892.58,1.82815,3.378
893.58,1.82817,3.37801
894.58,1.82818,3.37802
895.579,1.82819,3.37804
896.579,1.8282,3.37805
897.579,1.82821,3.37806
898.579,1.82823,3.37808
899.579,1.82824,3.37809
900.579,1.82825,3.3781
901.579,1.82826,3.37812
902.579,1.82827,3.37813
903.578,1.82829,3.37814
904.578,1.8283,3.37816
905.578,1.82831,3.37817
906.578,1.82832,3.37818
907.578,1.82833,3.3782
908.578,1.82834,3.37821
909.578,1.82836,3.37822
910.578,1.82837,3.37823
911.577,1.82838,3.37825
912.577,1.82839,3.37826
913.577,1.8284,3.37827
914.577,1.82841,3.37829
915.577,1.82843,3.3783
916.577,1.82844,3.37831
917.577,1.82845,3.37832
918.577,1.82846,3.37834
919.576,1.82847,3.37835
920.576,1.82848,3.37836
921.576,1.82849,3.37837
922.576,1.82851,3.37839
923.576,1.82852,3.3784
924.576,1.82853,3.37841
925.576,1.82854,3.37842
926.576,1.82855,3.37844
927.576,1.82856,3.37845
928.575,1.82857,3.37846
929.575,1.82858,3.37847
930.575,1.8286,3.37849
931.575,1.82861,3.3785
932.575,1.82862,3.37851
933.575,1.82863,3.37852
934.575,1.82864,3.37854
935.575,1.82865,3.37855
936.575,1.82866,3.37856
937.574,1.82867,3.37857
938.574,1.82868,3.37858
939.574,1.82869,3.3786
940.574,1.82871,3.37861
941.574,1.82872,3.37862
942.574,1.82873,3.37863
943.574,1.82874,3.37865
944.574,1.82875,3.37866
945.574,1.82876,3.37867
946.573,1.82877,3.37868
947.573,1.82878,3.37869
948.573,1.82879,3.3787
949.573,1.8288,3.37872
950.573,1.82881,3.37873
951.573,1.82882,3.37874
952.573,1.82883,3.37875
953.573,1.82885,3.37876
954.573,1.82886,3.37878
955.572,1.82887,3.37879
956.572,1.82888,3.3788
957.572,1.82889,3.37881
958.572,1.8289,3.37882
959.572,1.82891,3.37883
960.572,1.82892,3.37885
961.572,1.82893,3.37886
962.572,1.82894,3.37887
963.572,1.82895,3.37888
964.571,1.82896,3.37889
965.571,1.82897,3.3789
966.571,1.82898,3.37891
967.571,1.82899,3.37893
968.571,1.829,3.37894
969.571,1.82901,3.37895
970.571,1.82902,3.37896
971.571,1.82903,3.37897
972.571,1.82904,3.37898
973.57,1.82905,3.37899
974.57,1.82906,3.37901
975.57,1.82907,3.37902
976.57,1.82908,3.37903
977.57,1.82909,3.37904
978.57,1.8291,3.37905
979.57,1.82911,3.37906
980.57,1.82912,3.37907
981.57,1.82913,3.37908
982.57,1.82914,3.3791
983.569,1.82915,3.37911
984.569,1.82916,3.37912
985.569,1.82917,3.37913
986.569,1.82918,3.37914
987.569,1.82919,3.37915
988.569,1.8292,3.37916
989.569,1.82921,3.37917
990.569,1.82922,3.37918
991.569,1.82923,3.37919
992.569,1.82924,3.3792
993.568,1.82925,3.37922
994.568,1.82926,3.37923
995.568,1.82927,3.37924
996.568,1.82928,3.37925
997.568,1.82929,3.37926
