999.106,1.57079,0.00167039
998.111,1.57078,0.00177019
997.116,1.57077,0.00187019
996.121,1.57076,0.00197038
995.126,1.57075,0.00207078
994.131,1.57074,0.00217138
993.136,1.57073,0.00227218
992.142,1.57072,0.00237318
991.147,1.57071,0.00247438
990.152,1.5707,0.00257579
989.157,1.57069,0.0026774
988.162,1.57068,0.00277921
987.167,1.57067,0.00288124
986.172,1.57066,0.00298346
985.177,1.57064,0.0030859
984.183,1.57063,0.00318854
983.188,1.57062,0.00329138
982.193,1.57061,0.00339444
981.198,1.5706,0.00349771
980.203,1.57059,0.00360118
979.209,1.57058,0.00370487
978.214,1.57057,0.00380876
977.219,1.57056,0.00391287
976.224,1.57055,0.00401719
975.229,1.57054,0.00412172
974.235,1.57053,0.00422647
973.24,1.57052,0.00433143
972.245,1.57051,0.0044366
971.251,1.5705,0.00454199
970.256,1.57049,0.0046476
969.261,1.57048,0.00475342
968.267,1.57047,0.00485946
967.272,1.57046,0.00496572
966.277,1.57045,0.00507219
965.283,1.57044,0.00517889
964.288,1.57042,0.00528581
963.293,1.57041,0.00539295
962.299,1.5704,0.0055003
961.304,1.57039,0.00560788
960.31,1.57038,0.00571569
959.315,1.57037,0.00582372
958.321,1.57036,0.00593197
957.326,1.57035,0.00604044
956.331,1.57034,0.00614914
955.337,1.57033,0.00625807
954.342,1.57032,0.00636723
953.348,1.57031,0.00647661
952.353,1.57029,0.00658622
951.359,1.57028,0.00669606
950.364,1.57027,0.00680613
949.37,1.57026,0.00691643
948.376,1.57025,0.00702697
947.381,1.57024,0.00713773
946.387,1.57023,0.00724873
945.392,1.57022,0.00735996
944.398,1.57021,0.00747142
943.404,1.5702,0.00758312
942.409,1.57018,0.00769506
941.415,1.57017,0.00780723
940.42,1.57016,0.00791964
939.426,1.57015,0.00803228
938.432,1.57014,0.00814517
937.438,1.57013,0.0082583
936.443,1.57012,0.00837166
935.449,1.5701,0.00848527
934.455,1.57009,0.00859911
933.46,1.57008,0.0087132
932.466,1.57007,0.00882754
931.472,1.57006,0.00894212
930.478,1.57005,0.00905694
929.483,1.57004,0.00917201
928.489,1.57002,0.00928732
927.495,1.57001,0.00940288
926.501,1.57,0.00951869
925.507,1.56999,0.00963475
924.513,1.56998,0.00975106
923.518,1.56997,0.00986762
922.524,1.56995,0.00998443
921.53,1.56994,0.0101015
920.536,1.56993,0.0102188
919.542,1.56992,0.0103364
918.548,1.56991,0.0104542
917.554,1.5699,0.0105723
916.56,1.56988,0.0106906
915.566,1.56987,0.0108092
914.572,1.56986,0.010928
913.578,1.56985,0.0110472
912.584,1.56984,0.0111665
911.59,1.56982,0.0112861
910.596,1.56981,0.011406
909.602,1.5698,0.0115262
908.608,1.56979,0.0116466
907.614,1.56978,0.0117673
906.62,1.56976,0.0118882
905.626,1.56975,0.0120094
904.632,1.56974,0.0121309
903.638,1.56973,0.0122526
902.645,1.56972,0.0123746
901.651,1.5697,0.0124969
900.657,1.56969,0.0126195
899.663,1.56968,0.0127423
898.669,1.56967,0.0128654
897.675,1.56965,0.0129887
896.682,1.56964,0.0131124
895.688,1.56963,0.0132363
894.694,1.56962,0.0133605
893.7,1.5696,0.0134849
892.707,1.56959,0.0136097
891.713,1.56958,0.0137347
890.719,1.56957,0.01386
889.726,1.56955,0.0139855
888.732,1.56954,0.0141114
887.738,1.56953,0.0142375
886.745,1.56952,0.014364
885.751,1.5695,0.0144907
884.757,1.56949,0.0146177
883.764,1.56948,0.0147449
882.77,1.56947,0.0148725
881.777,1.56945,0.0150003
880.783,1.56944,0.0151285
879.79,1.56943,0.0152569
878.796,1.56941,0.0153856
877.802,1.5694,0.0155146
876.809,1.56939,0.0156439
875.816,1.56938,0.0157735
874.822,1.56936,0.0159034
873.829,1.56935,0.0160336
872.835,1.56934,0.0161641
871.842,1.56932,0.0162948
870.848,1.56931,0.0164259
869.855,1.5693,0.0165573
868.862,1.56928,0.016689
867.868,1.56927,0.0168209
866.875,1.56926,0.0169532
865.882,1.56924,0.0170858
864.888,1.56923,0.0172187
863.895,1.56922,0.0173519
862.902,1.5692,0.0174854
861.908,1.56919,0.0176192
860.915,1.56918,0.0177533
859.922,1.56916,0.0178877
858.929,1.56915,0.0180224
857.935,1.56914,0.0181575
856.942,1.56912,0.0182928
855.949,1.56911,0.0184285
854.956,1.5691,0.0185645
853.963,1.56908,0.0187008
852.97,1.56907,0.0188374
851.977,1.56906,0.0189744
850.983,1.56904,0.0191116
849.99,1.56903,0.0192492
848.997,1.56901,0.0193871
848.004,1.569,0.0195254
847.011,1.56899,0.0196639
846.018,1.56897,0.0198028
845.025,1.56896,0.019942
844.032,1.56895,0.0200815
843.039,1.56893,0.0202214
842.046,1.56892,0.0203616
841.053,1.5689,0.0205021
840.06,1.56889,0.0206429
839.068,1.56888,0.0207841
838.075,1.56886,0.0209256
837.082,1.56885,0.0210675
836.089,1.56883,0.0212097
835.096,1.56882,0.0213522
834.103,1.5688,0.0214951
833.111,1.56879,0.0216383
832.118,1.56878,0.0217818
831.125,1.56876,0.0219257
830.132,1.56875,0.02207
829.14,1.56873,0.0222145
828.147,1.56872,0.0223595
827.154,1.5687,0.0225048
826.161,1.56869,0.0226504
825.169,1.56867,0.0227964
824.176,1.56866,0.0229427
823.184,1.56864,0.0230894
822.191,1.56863,0.0232364
821.198,1.56862,0.0233838
820.206,1.5686,0.0235315
819.213,1.56859,0.0236796
818.221,1.56857,0.0238281
817.228,1.56856,0.0239769
816.236,1.56854,0.0241261
815.243,1.56853,0.0242757
814.251,1.56851,0.0244256
813.258,1.5685,0.0245759
812.266,1.56848,0.0247265
811.274,1.56847,0.0248775
810.281,1.56845,0.0250289
809.289,1.56844,0.0251807
808.296,1.56842,0.0253328
807.304,1.5684,0.0254853
806.312,1.56839,0.0256382
805.32,1.56837,0.0257915
804.327,1.56836,0.0259451
803.335,1.56834,0.0260991
802.343,1.56833,0.0262535
801.351,1.56831,0.0264083
800.358,1.5683,0.0265634
799.366,1.56828,0.026719
798.374,1.56827,0.0268749
797.382,1.56825,0.0270312
796.39,1.56823,0.0271879
795.398,1.56822,0.027345
794.406,1.5682,0.0275025
793.414,1.56819,0.0276604
792.422,1.56817,0.0278187
791.43,1.56816,0.0279774
790.438,1.56814,0.0281365
789.446,1.56812,0.0282959
788.454,1.56811,0.0284558
787.462,1.56809,0.0286161
786.47,1.56808,0.0287768
785.478,1.56806,0.0289379
784.486,1.56804,0.0290994
783.494,1.56803,0.0292613
782.502,1.56801,0.0294236
781.511,1.56799,0.0295863
780.519,1.56798,0.0297495
779.527,1.56796,0.029913
778.535,1.56795,0.030077
777.544,1.56793,0.0302414
776.552,1.56791,0.0304062
775.56,1.5679,0.0305715
774.568,1.56788,0.0307371
773.577,1.56786,0.0309032
772.585,1.56785,0.0310697
771.594,1.56783,0.0312366
770.602,1.56781,0.031404
769.61,1.5678,0.0315718
768.619,1.56778,0.03174
767.627,1.56776,0.0319087
766.636,1.56775,0.0320778
765.644,1.56773,0.0322473
764.653,1.56771,0.0324173
763.662,1.56769,0.0325877
762.67,1.56768,0.0327586
761.679,1.56766,0.0329299
760.687,1.56764,0.0331017
759.696,1.56763,0.0332739
758.705,1.56761,0.0334465
757.714,1.56759,0.0336196
756.722,1.56757,0.0337932
755.731,1.56756,0.0339672
754.74,1.56754,0.0341417
753.749,1.56752,0.0343166
752.757,1.5675,0.034492
751.766,1.56749,0.0346678
750.775,1.56747,0.0348442
749.784,1.56745,0.0350209
748.793,1.56743,0.0351982
747.802,1.56742,0.0353759
746.811,1.5674,0.0355541
745.82,1.56738,0.0357328
744.829,1.56736,0.0359119
743.838,1.56734,0.0360915
742.847,1.56733,0.0362716
741.856,1.56731,0.0364522
740.865,1.56729,0.0366333
739.874,1.56727,0.0368148
738.884,1.56725,0.0369968
737.893,1.56724,0.0371794
736.902,1.56722,0.0373624
735.911,1.5672,0.0375459
734.92,1.56718,0.0377299
733.93,1.56716,0.0379144
732.939,1.56714,0.0380994
731.948,1.56713,0.0382849
730.958,1.56711,0.0384709
729.967,1.56709,0.0386574
728.977,1.56707,0.0388444
727.986,1.56705,0.0390319
726.996,1.56703,0.0392199
726.005,1.56701,0.0394085
725.015,1.56699,0.0395975
724.024,1.56698,0.0397871
723.034,1.56696,0.0399772
722.043,1.56694,0.0401678
721.053,1.56692,0.0403589
720.063,1.5669,0.0405506
719.072,1.56688,0.0407428
718.082,1.56686,0.0409355
717.092,1.56684,0.0411288
716.101,1.56682,0.0413226
715.111,1.5668,0.0415169
714.121,1.56678,0.0417118
713.131,1.56676,0.0419072
712.141,1.56674,0.0421031
711.151,1.56672,0.0422996
710.161,1.5667,0.0424967
709.17,1.56668,0.0426943
708.18,1.56666,0.0428924
707.19,1.56665,0.0430911
706.2,1.56663,0.0432904
705.211,1.56661,0.0434902
704.221,1.56659,0.0436906
703.231,1.56657,0.0438915
702.241,1.56655,0.044093
701.251,1.56652,0.0442951
700.261,1.5665,0.0444977
699.272,1.56648,0.044701
698.282,1.56646,0.0449048
697.292,1.56644,0.0451091
696.302,1.56642,0.0453141
695.313,1.5664,0.0455196
694.323,1.56638,0.0457258
693.334,1.56636,0.0459325
692.344,1.56634,0.0461398
691.354,1.56632,0.0463477
690.365,1.5663,0.0465562
689.376,1.56628,0.0467653
688.386,1.56626,0.046975
687.397,1.56624,0.0471853
686.407,1.56621,0.0473962
685.418,1.56619,0.0476077
684.429,1.56617,0.0478198
683.439,1.56615,0.0480326
682.45,1.56613,0.0482459
681.461,1.56611,0.0484599
680.472,1.56609,0.0486745
679.483,1.56607,0.0488897
678.493,1.56604,0.0491056
677.504,1.56602,0.0493221
676.515,1.566,0.0495392
675.526,1.56598,0.0497569
674.537,1.56596,0.0499753
673.548,1.56594,0.0501943
672.559,1.56591,0.050414
671.57,1.56589,0.0506343
670.582,1.56587,0.0508553
669.593,1.56585,0.0510769
668.604,1.56583,0.0512992
667.615,1.5658,0.0515221
666.626,1.56578,0.0517457
665.638,1.56576,0.05197
664.649,1.56574,0.0521949
663.66,1.56571,0.0524205
662.672,1.56569,0.0526468
661.683,1.56567,0.0528737
660.695,1.56564,0.0531014
659.706,1.56562,0.0533297
658.718,1.5656,0.0535587
657.729,1.56558,0.0537884
656.741,1.56555,0.0540187
655.753,1.56553,0.0542498
654.764,1.56551,0.0544816
653.776,1.56548,0.054714
652.788,1.56546,0.0549472
651.8,1.56544,0.0551811
650.811,1.56541,0.0554157
649.823,1.56539,0.055651
648.835,1.56537,0.055887
647.847,1.56534,0.0561237
646.859,1.56532,0.0563612
645.871,1.5653,0.0565994
644.883,1.56527,0.0568383
643.895,1.56525,0.0570779
642.907,1.56522,0.0573183
641.919,1.5652,0.0575595
640.932,1.56518,0.0578013
639.944,1.56515,0.0580439
638.956,1.56513,0.0582873
637.968,1.5651,0.0585314
636.981,1.56508,0.0587763
635.993,1.56505,0.0590219
635.005,1.56503,0.0592683
634.018,1.565,0.0595155
633.03,1.56498,0.0597635
632.043,1.56495,0.0600122
631.056,1.56493,0.0602617
630.068,1.5649,0.0605119
629.081,1.56488,0.060763
628.094,1.56485,0.0610148
627.106,1.56483,0.0612675
626.119,1.5648,0.0615209
625.132,1.56478,0.0617752
624.145,1.56475,0.0620302
623.158,1.56473,0.0622861
622.171,1.5647,0.0625427
621.184,1.56468,0.0628002
620.197,1.56465,0.0630585
619.21,1.56462,0.0633176
618.223,1.5646,0.0635776
617.236,1.56457,0.0638384
616.249,1.56455,0.0641
615.262,1.56452,0.0643624
614.276,1.56449,0.0646257
613.289,1.56447,0.0648899
612.302,1.56444,0.0651549
611.316,1.56441,0.0654207
610.329,1.56439,0.0656874
609.343,1.56436,0.065955
608.356,1.56433,0.0662234
607.37,1.56431,0.0664928
606.383,1.56428,0.066763
605.397,1.56425,0.067034
604.411,1.56423,0.067306
603.424,1.5642,0.0675788
602.438,1.56417,0.0678526
601.452,1.56414,0.0681272
600.466,1.56412,0.0684027
599.48,1.56409,0.0686792
598.494,1.56406,0.0689565
597.508,1.56403,0.0692348
596.522,1.56401,0.069514
595.536,1.56398,0.0697941
594.55,1.56395,0.0700751
593.565,1.56392,0.0703571
592.579,1.56389,0.07064
591.593,1.56387,0.0709239
590.608,1.56384,0.0712087
589.622,1.56381,0.0714945
588.636,1.56378,0.0717812
587.651,1.56375,0.0720688
586.665,1.56372,0.0723575
585.68,1.56369,0.0726471
584.695,1.56366,0.0729377
583.709,1.56364,0.0732293
582.724,1.56361,0.0735218
581.739,1.56358,0.0738154
580.754,1.56355,0.0741099
579.769,1.56352,0.0744054
578.784,1.56349,0.074702
577.799,1.56346,0.0749996
576.814,1.56343,0.0752981
575.829,1.5634,0.0755977
574.844,1.56337,0.0758984
573.859,1.56334,0.0762
572.875,1.56331,0.0765027
571.89,1.56328,0.0768064
570.905,1.56325,0.0771112
569.921,1.56322,0.0774171
568.936,1.56319,0.077724
567.952,1.56316,0.0780319
566.967,1.56313,0.0783409
565.983,1.56309,0.078651
564.999,1.56306,0.0789622
564.014,1.56303,0.0792745
563.03,1.563,0.0795879
562.046,1.56297,0.0799023
561.062,1.56294,0.0802179
560.078,1.56291,0.0805345
559.094,1.56288,0.0808523
558.11,1.56284,0.0811712
557.126,1.56281,0.0814913
556.143,1.56278,0.0818124
555.159,1.56275,0.0821347
554.175,1.56272,0.0824582
553.192,1.56268,0.0827828
552.208,1.56265,0.0831085
551.224,1.56262,0.0834354
550.241,1.56258,0.0837635
549.258,1.56255,0.0840928
548.274,1.56252,0.0844232
547.291,1.56249,0.0847549
546.308,1.56245,0.0850877
545.325,1.56242,0.0854217
544.342,1.56239,0.0857569
543.359,1.56235,0.0860934
542.376,1.56232,0.086431
541.393,1.56229,0.0867699
540.41,1.56225,0.08711
539.427,1.56222,0.0874514
538.445,1.56218,0.087794
537.462,1.56215,0.0881378
536.479,1.56211,0.088483
535.497,1.56208,0.0888293
534.514,1.56205,0.089177
533.532,1.56201,0.0895259
532.55,1.56198,0.0898762
531.567,1.56194,0.0902277
530.585,1.56191,0.0905805
529.603,1.56187,0.0909346
528.621,1.56183,0.0912901
527.639,1.5618,0.0916468
526.657,1.56176,0.0920049
525.675,1.56173,0.0923644
524.694,1.56169,0.0927251
523.712,1.56166,0.0930873
522.73,1.56162,0.0934508
521.749,1.56158,0.0938156
520.767,1.56155,0.0941819
519.786,1.56151,0.0945495
518.804,1.56147,0.0949185
517.823,1.56144,0.0952889
516.842,1.5614,0.0956607
515.861,1.56136,0.0960339
514.88,1.56132,0.0964086
513.899,1.56129,0.0967847
512.918,1.56125,0.0971622
511.937,1.56121,0.0975412
510.956,1.56117,0.0979216
509.975,1.56114,0.0983035
508.995,1.5611,0.0986868
508.014,1.56106,0.0990717
507.034,1.56102,0.099458
506.053,1.56098,0.0998458
505.073,1.56094,0.100235
504.093,1.5609,0.100626
503.113,1.56087,0.101018
502.133,1.56083,0.101412
501.153,1.56079,0.101808
500.173,1.56075,0.102205
499.193,1.56071,0.102603
498.213,1.56067,0.103003
497.233,1.56063,0.103405
496.254,1.56059,0.103808
495.274,1.56055,0.104213
494.295,1.56051,0.10462
493.315,1.56047,0.105028
492.336,1.56043,0.105437
491.357,1.56039,0.105849
490.378,1.56034,0.106262
489.399,1.5603,0.106676
488.42,1.56026,0.107093
487.441,1.56022,0.107511
486.462,1.56018,0.10793
485.483,1.56014,0.108352
484.505,1.56009,0.108775
483.526,1.56005,0.109199
482.548,1.56001,0.109626
481.569,1.55997,0.110054
480.591,1.55992,0.110484
479.613,1.55988,0.110916
478.635,1.55984,0.111349
477.657,1.55979,0.111785
476.679,1.55975,0.112222
475.701,1.55971,0.11266
474.724,1.55966,0.113101
473.746,1.55962,0.113544
472.768,1.55958,0.113988
471.791,1.55953,0.114434
470.814,1.55949,0.114882
469.836,1.55944,0.115332
468.859,1.5594,0.115784
467.882,1.55935,0.116237
466.905,1.55931,0.116693
465.928,1.55926,0.11715
464.952,1.55922,0.117609
463.975,1.55917,0.118071
462.999,1.55912,0.118534
462.022,1.55908,0.118999
461.046,1.55903,0.119466
460.069,1.55898,0.119935
459.093,1.55894,0.120407
458.117,1.55889,0.12088
457.141,1.55884,0.121355
456.165,1.5588,0.121832
455.19,1.55875,0.122311
454.214,1.5587,0.122793
453.239,1.55865,0.123276
452.263,1.5586,0.123761
451.288,1.55856,0.124249
450.313,1.55851,0.124739
449.338,1.55846,0.12523
448.363,1.55841,0.125724
447.388,1.55836,0.12622
446.413,1.55831,0.126719
445.438,1.55826,0.127219
444.464,1.55821,0.127722
443.489,1.55816,0.128227
442.515,1.55811,0.128734
441.541,1.55806,0.129243
440.567,1.55801,0.129754
439.593,1.55796,0.130268
438.619,1.55791,0.130784
437.645,1.55786,0.131303
436.672,1.5578,0.131823
435.698,1.55775,0.132347
434.725,1.5577,0.132872
433.751,1.55765,0.1334
432.778,1.5576,0.13393
431.805,1.55754,0.134462
430.832,1.55749,0.134997
429.86,1.55744,0.135534
428.887,1.55738,0.136074
427.915,1.55733,0.136616
426.942,1.55727,0.137161
425.97,1.55722,0.137708
424.998,1.55717,0.138258
424.026,1.55711,0.13881
423.054,1.55706,0.139365
422.082,1.557,0.139922
421.111,1.55695,0.140482
420.139,1.55689,0.141044
419.168,1.55683,0.14161
418.196,1.55678,0.142177
417.225,1.55672,0.142748
416.254,1.55666,0.14332
415.284,1.55661,0.143896
414.313,1.55655,0.144475
413.343,1.55649,0.145056
412.372,1.55643,0.145639
411.402,1.55638,0.146226
410.432,1.55632,0.146815
409.462,1.55626,0.147407
408.492,1.5562,0.148002
407.522,1.55614,0.1486
406.553,1.55608,0.149201
405.584,1.55602,0.149804
404.614,1.55596,0.150411
403.645,1.5559,0.15102
402.676,1.55584,0.151632
401.708,1.55578,0.152247
400.739,1.55572,0.152866
399.77,1.55566,0.153487
398.802,1.5556,0.154111
397.834,1.55553,0.154738
396.866,1.55547,0.155368
395.898,1.55541,0.156002
394.931,1.55535,0.156638
393.963,1.55528,0.157278
392.996,1.55522,0.157921
392.028,1.55516,0.158566
391.061,1.55509,0.159216
390.095,1.55503,0.159868
389.128,1.55496,0.160523
388.161,1.5549,0.161182
387.195,1.55483,0.161844
386.229,1.55477,0.16251
385.263,1.5547,0.163179
384.297,1.55463,0.163851
383.331,1.55457,0.164526
382.366,1.5545,0.165205
381.401,1.55443,0.165888
380.435,1.55436,0.166573
379.471,1.5543,0.167263
378.506,1.55423,0.167956
377.541,1.55416,0.168652
376.577,1.55409,0.169352
375.613,1.55402,0.170055
374.649,1.55395,0.170763
373.685,1.55388,0.171473
372.721,1.55381,0.172188
371.758,1.55374,0.172906
370.794,1.55367,0.173628
369.831,1.5536,0.174354
368.868,1.55353,0.175083
367.906,1.55345,0.175816
366.943,1.55338,0.176554
365.981,1.55331,0.177295
365.019,1.55323,0.17804
364.057,1.55316,0.178788
363.095,1.55309,0.179541
362.134,1.55301,0.180298
361.173,1.55294,0.181059
360.212,1.55286,0.181824
359.251,1.55279,0.182593
358.29,1.55271,0.183366
357.33,1.55263,0.184143
356.37,1.55256,0.184925
355.41,1.55248,0.185711
354.45,1.5524,0.1865
353.49,1.55232,0.187295
352.531,1.55224,0.188093
351.572,1.55217,0.188896
350.613,1.55209,0.189704
349.655,1.55201,0.190515
348.696,1.55193,0.191332
347.738,1.55185,0.192152
346.78,1.55176,0.192978
345.822,1.55168,0.193807
344.865,1.5516,0.194642
343.908,1.55152,0.195481
342.951,1.55144,0.196325
341.994,1.55135,0.197173
341.038,1.55127,0.198026
340.082,1.55118,0.198885
339.126,1.5511,0.199747
338.17,1.55101,0.200615
337.214,1.55093,0.201488
336.259,1.55084,0.202366
335.304,1.55076,0.203248
334.35,1.55067,0.204136
333.395,1.55058,0.205029
332.441,1.55049,0.205927
331.487,1.5504,0.20683
330.534,1.55032,0.207738
329.58,1.55023,0.208652
328.627,1.55014,0.20957
327.675,1.55005,0.210495
326.722,1.54995,0.211424
325.77,1.54986,0.212359
324.818,1.54977,0.2133
323.866,1.54968,0.214246
322.915,1.54959,0.215197
321.964,1.54949,0.216155
321.013,1.5494,0.217118
320.063,1.5493,0.218086
319.113,1.54921,0.219061
318.163,1.54911,0.220041
317.213,1.54902,0.221027
316.264,1.54892,0.222019
315.315,1.54882,0.223017
314.367,1.54872,0.224021
313.418,1.54862,0.225031
312.47,1.54853,0.226047
311.523,1.54843,0.22707
310.576,1.54833,0.228098
309.629,1.54822,0.229133
308.682,1.54812,0.230175
307.736,1.54802,0.231222
306.79,1.54792,0.232277
305.844,1.54781,0.233337
304.899,1.54771,0.234405
303.954,1.54761,0.235479
303.009,1.5475,0.236559
302.065,1.54739,0.237647
301.121,1.54729,0.238741
300.178,1.54718,0.239842
299.235,1.54707,0.24095
298.292,1.54696,0.242065
297.349,1.54686,0.243187
296.407,1.54675,0.244316
295.466,1.54664,0.245453
294.525,1.54652,0.246596
293.584,1.54641,0.247748
292.643,1.5463,0.248906
291.703,1.54619,0.250072
290.764,1.54607,0.251245
289.824,1.54596,0.252426
288.885,1.54584,0.253615
287.947,1.54573,0.254812
287.009,1.54561,0.256016
286.071,1.54549,0.257228
285.134,1.54537,0.258449
284.197,1.54526,0.259677
283.261,1.54514,0.260913
282.325,1.54502,0.262158
281.39,1.54489,0.263411
280.455,1.54477,0.264672
279.52,1.54465,0.265942
278.586,1.54453,0.26722
277.652,1.5444,0.268507
276.719,1.54428,0.269802
275.786,1.54415,0.271107
274.854,1.54402,0.27242
273.922,1.5439,0.273742
272.991,1.54377,0.275073
272.06,1.54364,0.276413
271.13,1.54351,0.277763
270.2,1.54338,0.279121
269.27,1.54325,0.280489
268.342,1.54311,0.281867
267.413,1.54298,0.283254
266.485,1.54285,0.284651
265.558,1.54271,0.286058
264.631,1.54257,0.287474
263.705,1.54244,0.2889
262.779,1.5423,0.290337
261.854,1.54216,0.291784
260.93,1.54202,0.29324
260.006,1.54188,0.294708
259.082,1.54174,0.296185
258.159,1.5416,0.297674
257.237,1.54145,0.299173
256.315,1.54131,0.300683
255.394,1.54116,0.302203
254.473,1.54102,0.303735
253.553,1.54087,0.305278
252.634,1.54072,0.306832
251.715,1.54057,0.308397
250.797,1.54042,0.309974
249.88,1.54027,0.311563
248.963,1.54012,0.313163
248.046,1.53996,0.314775
247.131,1.53981,0.316399
246.216,1.53965,0.318035
245.302,1.5395,0.319683
244.388,1.53934,0.321344
243.475,1.53918,0.323017
242.563,1.53902,0.324703
241.651,1.53886,0.326401
240.74,1.53869,0.328113
239.83,1.53853,0.329837
238.921,1.53837,0.331575
238.012,1.5382,0.333325
237.104,1.53803,0.33509
236.197,1.53786,0.336867
235.29,1.5377,0.338659
234.384,1.53752,0.340464
233.479,1.53735,0.342283
232.575,1.53718,0.344117
231.672,1.53701,0.345965
230.769,1.53683,0.347827
229.867,1.53665,0.349704
228.966,1.53648,0.351596
228.066,1.5363,0.353503
227.167,1.53612,0.355424
226.268,1.53593,0.357362
225.37,1.53575,0.359314
224.474,1.53557,0.361282
223.578,1.53538,0.363266
222.683,1.53519,0.365266
221.788,1.535,0.367283
220.895,1.53481,0.369315
220.003,1.53462,0.371364
219.111,1.53443,0.37343
218.221,1.53423,0.375512
217.331,1.53404,0.377612
216.443,1.53384,0.379729
215.555,1.53364,0.381863
214.668,1.53344,0.384015
213.783,1.53324,0.386185
212.898,1.53304,0.388373
212.014,1.53283,0.39058
211.132,1.53263,0.392804
210.25,1.53242,0.395048
209.37,1.53221,0.39731
208.49,1.532,0.399592
207.612,1.53179,0.401892
206.735,1.53157,0.404213
205.859,1.53136,0.406553
204.984,1.53114,0.408913
204.11,1.53092,0.411294
203.237,1.5307,0.413695
202.365,1.53048,0.416116
201.495,1.53025,0.418559
200.626,1.53003,0.421023
199.758,1.5298,0.423508
198.891,1.52957,0.426015
198.026,1.52934,0.428544
197.162,1.52911,0.431095
196.299,1.52887,0.433669
195.437,1.52864,0.436265
194.577,1.5284,0.438885
193.718,1.52816,0.441528
192.86,1.52792,0.444194
192.004,1.52768,0.446884
191.149,1.52743,0.449598
190.296,1.52718,0.452337
189.444,1.52693,0.4551
188.593,1.52668,0.457889
187.744,1.52643,0.460702
186.897,1.52617,0.463542
186.05,1.52592,0.466407
185.206,1.52566,0.469298
184.363,1.5254,0.472216
183.521,1.52513,0.475161
182.681,1.52487,0.478133
181.843,1.5246,0.481132
181.006,1.52433,0.484159
180.171,1.52406,0.487215
179.338,1.52379,0.490298
178.506,1.52351,0.493411
177.677,1.52324,0.496553
176.848,1.52296,0.499724
176.022,1.52268,0.502925
175.197,1.52239,0.506157
174.375,1.52211,0.509419
173.554,1.52182,0.512712
172.735,1.52153,0.516036
171.918,1.52123,0.519392
171.102,1.52094,0.52278
170.289,1.52064,0.526201
169.478,1.52034,0.529655
168.669,1.52004,0.533141
167.861,1.51974,0.536662
167.056,1.51943,0.540216
166.253,1.51912,0.543805
165.452,1.51881,0.547429
164.654,1.5185,0.551088
163.857,1.51818,0.554783
163.063,1.51786,0.558514
162.271,1.51754,0.562282
161.481,1.51722,0.566086
160.693,1.5169,0.569928
159.908,1.51657,0.573808
159.125,1.51624,0.577727
158.345,1.51591,0.581684
157.567,1.51557,0.58568
156.792,1.51523,0.589716
156.019,1.51489,0.593792
155.249,1.51455,0.597909
154.481,1.51421,0.602067
153.716,1.51386,0.606267
152.954,1.51351,0.610508
152.195,1.51316,0.614793
151.438,1.5128,0.61912
150.684,1.51245,0.623491
149.933,1.51209,0.627905
149.185,1.51173,0.632365
148.439,1.51136,0.636869
147.697,1.511,0.641419
146.958,1.51063,0.646015
146.222,1.51025,0.650657
145.489,1.50988,0.655347
144.759,1.5095,0.660084
144.032,1.50912,0.664869
143.309,1.50874,0.669702
142.589,1.50836,0.674585
141.872,1.50797,0.679518
141.159,1.50758,0.684501
140.449,1.50719,0.689534
139.743,1.5068,0.694619
139.04,1.5064,0.699755
138.341,1.50601,0.704943
137.645,1.50561,0.710185
136.954,1.5052,0.71548
136.266,1.5048,0.720828
135.582,1.50439,0.726231
134.902,1.50398,0.731689
134.225,1.50357,0.737202
133.553,1.50316,0.742771
132.885,1.50274,0.748397
132.221,1.50233,0.754079
131.562,1.50191,0.759819
130.906,1.50149,0.765617
130.255,1.50106,0.771474
129.608,1.50064,0.777389
128.966,1.50021,0.783364
128.329,1.49978,0.789398
127.696,1.49935,0.795493
127.067,1.49892,0.801649
126.443,1.49849,0.807866
125.825,1.49805,0.814145
125.211,1.49762,0.820486
124.602,1.49718,0.826889
123.998,1.49674,0.833356
123.399,1.4963,0.839886
122.805,1.49586,0.84648
122.216,1.49542,0.853138
121.633,1.49497,0.85986
121.056,1.49453,0.866647
120.483,1.49409,0.8735
119.916,1.49364,0.880418
119.355,1.4932,0.887402
118.8,1.49275,0.894451
118.25,1.4923,0.901568
117.707,1.49186,0.90875
117.169,1.49141,0.916
116.637,1.49097,0.923316
116.111,1.49052,0.930699
115.592,1.49008,0.93815
115.079,1.48963,0.945668
114.572,1.48919,0.953253
114.071,1.48874,0.960906
113.578,1.4883,0.968627
113.09,1.48786,0.976414
112.61,1.48742,0.98427
112.136,1.48698,0.992192
111.669,1.48655,1.00018
111.209,1.48611,1.00824
110.756,1.48568,1.01636
110.31,1.48525,1.02455
109.872,1.48482,1.03281
109.441,1.48439,1.04113
109.017,1.48397,1.04952
108.6,1.48355,1.05798
108.191,1.48313,1.0665
107.79,1.48272,1.07508
107.397,1.48231,1.08373
107.011,1.4819,1.09244
106.633,1.4815,1.10122
106.263,1.4811,1.11005
105.901,1.48071,1.11895
105.548,1.48032,1.12791
105.202,1.47993,1.13693
104.865,1.47955,1.14601
104.536,1.47918,1.15515
104.216,1.47881,1.16434
103.904,1.47844,1.17359
103.601,1.47809,1.1829
103.307,1.47774,1.19226
103.021,1.47739,1.20167
102.744,1.47705,1.21114
102.476,1.47672,1.22066
102.217,1.47639,1.23023
101.967,1.47608,1.23984
101.726,1.47577,1.2495
101.494,1.47546,1.25921
101.272,1.47517,1.26896
101.059,1.47488,1.27876
100.855,1.4746,1.28859
100.661,1.47433,1.29847
100.476,1.47407,1.30838
100.3,1.47381,1.31833
100.134,1.47357,1.32831
99.9778,1.47333,1.33832
99.8312,1.4731,1.34837
99.6942,1.47289,1.35845
99.567,1.47268,1.36855
99.4495,1.47248,1.37868
99.3418,1.47229,1.38883
99.244,1.47211,1.399
99.156,1.47194,1.40919
99.078,1.47179,1.4194
99.0098,1.47164,1.42962
98.9516,1.4715,1.43986
98.9033,1.47137,1.45011
98.8649,1.47125,1.46037
98.8366,1.47115,1.47063
98.8182,1.47105,1.4809
98.8098,1.47096,1.49118
98.8115,1.47089,1.50145
98.8231,1.47082,1.51172
98.8447,1.47077,1.52199
98.8762,1.47073,1.53226
98.9178,1.47069,1.54251
98.9693,1.47067,1.55276
99.0307,1.47066,1.563
99.1021,1.47066,1.57322
99.1834,1.47067,1.58342
99.2745,1.47069,1.59361
99.3756,1.47072,1.60378
99.4864,1.47076,1.61393
99.607,1.47081,1.62405
99.7374,1.47087,1.63415
99.8775,1.47095,1.64422
100.027,1.47103,1.65426
100.187,1.47112,1.66427
100.356,1.47122,1.67425
100.534,1.47133,1.68419
100.722,1.47145,1.6941
100.92,1.47158,1.70396
101.127,1.47172,1.71379
101.343,1.47186,1.72358
101.568,1.47202,1.73332
101.803,1.47219,1.74302
102.047,1.47236,1.75268
102.3,1.47254,1.76228
102.562,1.47273,1.77184
102.833,1.47293,1.78135
103.112,1.47313,1.79081
103.401,1.47335,1.80021
103.698,1.47357,1.80957
104.004,1.4738,1.81886
104.319,1.47403,1.8281
104.642,1.47427,1.83729
104.973,1.47452,1.84642
105.313,1.47477,1.85548
105.661,1.47504,1.86449
106.017,1.4753,1.87344
106.382,1.47557,1.88233
106.754,1.47585,1.89116
107.135,1.47614,1.89992
107.523,1.47643,1.90862
107.919,1.47672,1.91726
108.323,1.47702,1.92583
108.734,1.47732,1.93434
109.153,1.47763,1.94278
109.579,1.47794,1.95116
110.013,1.47826,1.95947
110.454,1.47857,1.96772
110.902,1.4789,1.9759
111.357,1.47922,1.98401
111.819,1.47955,1.99206
112.288,1.47989,2.00003
112.764,1.48022,2.00794
113.247,1.48056,2.01579
113.736,1.4809,2.02356
114.232,1.48125,2.03127
114.735,1.48159,2.03891
115.244,1.48194,2.04649
115.759,1.48229,2.05399
116.28,1.48264,2.06143
116.808,1.483,2.06881
117.342,1.48335,2.07611
117.881,1.48371,2.08335
118.427,1.48406,2.09052
118.979,1.48442,2.09762
119.536,1.48478,2.10466
120.099,1.48514,2.11163
120.667,1.4855,2.11854
121.241,1.48587,2.12538
121.821,1.48623,2.13216
122.406,1.48659,2.13887
122.996,1.48695,2.14552
123.591,1.48732,2.1521
124.192,1.48768,2.15862
124.797,1.48804,2.16507
125.408,1.48841,2.17147
126.024,1.48877,2.1778
126.644,1.48913,2.18406
127.269,1.48949,2.19027
127.899,1.48985,2.19642
128.534,1.49021,2.2025
129.173,1.49057,2.20852
129.817,1.49093,2.21449
130.465,1.49129,2.22039
131.117,1.49165,2.22624
131.774,1.49201,2.23203
132.435,1.49236,2.23776
133.1,1.49272,2.24343
133.77,1.49307,2.24905
134.443,1.49342,2.2546
135.12,1.49378,2.26011
135.802,1.49413,2.26556
136.487,1.49448,2.27095
137.176,1.49482,2.27629
137.869,1.49517,2.28157
138.566,1.49551,2.28681
139.266,1.49586,2.29199
139.97,1.4962,2.29711
140.677,1.49654,2.30219
141.388,1.49688,2.30721
142.103,1.49722,2.31219
142.82,1.49755,2.31711
143.542,1.49789,2.32198
144.266,1.49822,2.32681
144.994,1.49855,2.33159
145.725,1.49888,2.33632
146.459,1.49921,2.341
147.196,1.49953,2.34563
147.936,1.49986,2.35022
148.679,1.50018,2.35476
149.425,1.5005,2.35926
150.175,1.50082,2.36371
150.927,1.50113,2.36811
151.681,1.50145,2.37248
152.439,1.50176,2.3768
153.2,1.50207,2.38107
153.963,1.50238,2.38531
154.728,1.50269,2.3895
155.497,1.50299,2.39365
156.268,1.5033,2.39776
157.042,1.5036,2.40183
157.818,1.5039,2.40586
158.596,1.5042,2.40985
159.377,1.50449,2.4138
160.161,1.50479,2.41771
160.947,1.50508,2.42158
161.735,1.50537,2.42542
162.525,1.50566,2.42922
163.318,1.50595,2.43298
164.113,1.50623,2.4367
164.911,1.50651,2.44039
165.71,1.50679,2.44404
166.512,1.50707,2.44766
167.315,1.50735,2.45124
168.121,1.50763,2.45479
168.929,1.5079,2.45831
169.739,1.50817,2.46179
170.551,1.50844,2.46524
171.365,1.50871,2.46865
172.181,1.50898,2.47203
172.998,1.50924,2.47538
173.818,1.5095,2.4787
174.639,1.50976,2.48199
175.463,1.51002,2.48525
176.288,1.51028,2.48847
177.115,1.51053,2.49167
177.944,1.51079,2.49483
178.774,1.51104,2.49797
179.606,1.51129,2.50108
180.44,1.51154,2.50416
181.276,1.51179,2.50721
182.113,1.51203,2.51023
182.952,1.51227,2.51322
183.792,1.51251,2.51619
184.634,1.51275,2.51913
185.478,1.51299,2.52204
186.323,1.51323,2.52493
187.169,1.51346,2.52779
188.017,1.5137,2.53063
188.867,1.51393,2.53344
189.718,1.51416,2.53622
190.57,1.51439,2.53898
191.424,1.51461,2.54171
192.28,1.51484,2.54442
193.136,1.51506,2.54711
193.994,1.51528,2.54977
194.854,1.5155,2.55241
195.714,1.51572,2.55502
196.576,1.51594,2.55762
197.44,1.51615,2.56019
198.304,1.51637,2.56273
199.17,1.51658,2.56526
200.037,1.51679,2.56776
200.906,1.517,2.57024
201.775,1.51721,2.5727
202.646,1.51741,2.57514
203.518,1.51762,2.57756
204.391,1.51782,2.57996
205.265,1.51802,2.58233
206.14,1.51822,2.58469
207.017,1.51842,2.58703
207.895,1.51862,2.58934
208.773,1.51882,2.59164
209.653,1.51901,2.59392
210.534,1.51921,2.59618
211.416,1.5194,2.59842
212.299,1.51959,2.60064
213.183,1.51978,2.60284
214.068,1.51997,2.60503
214.954,1.52016,2.60719
215.841,1.52034,2.60934
216.728,1.52053,2.61147
217.617,1.52071,2.61359
218.507,1.52089,2.61568
219.398,1.52107,2.61776
220.29,1.52125,2.61983
221.182,1.52143,2.62187
222.076,1.52161,2.6239
222.971,1.52178,2.62592
223.866,1.52196,2.62791
224.762,1.52213,2.62989
225.659,1.5223,2.63186
226.557,1.52247,2.63381
227.456,1.52264,2.63574
228.356,1.52281,2.63766
229.256,1.52298,2.63957
230.157,1.52314,2.64146
231.06,1.52331,2.64333
231.962,1.52347,2.64519
232.866,1.52364,2.64704
233.771,1.5238,2.64887
234.676,1.52396,2.65068
235.582,1.52412,2.65249
236.489,1.52428,2.65427
237.396,1.52443,2.65605
238.304,1.52459,2.65781
239.213,1.52474,2.65956
240.123,1.5249,2.6613
241.033,1.52505,2.66302
241.944,1.5252,2.66473
242.856,1.52536,2.66642
243.769,1.52551,2.66811
244.682,1.52566,2.66978
245.596,1.5258,2.67144
246.51,1.52595,2.67308
247.425,1.5261,2.67472
248.341,1.52624,2.67634
249.258,1.52639,2.67795
250.175,1.52653,2.67954
251.093,1.52667,2.68113
252.011,1.52681,2.68271
252.93,1.52695,2.68427
253.849,1.52709,2.68582
254.77,1.52723,2.68736
255.69,1.52737,2.68889
256.612,1.52751,2.69041
257.534,1.52764,2.69192
258.456,1.52778,2.69342
259.379,1.52791,2.6949
260.303,1.52805,2.69638
261.227,1.52818,2.69784
262.152,1.52831,2.6993
263.077,1.52844,2.70074
264.003,1.52857,2.70218
264.93,1.5287,2.7036
265.856,1.52883,2.70502
266.784,1.52896,2.70642
267.712,1.52909,2.70782
268.64,1.52921,2.7092
269.569,1.52934,2.71058
270.499,1.52946,2.71194
271.429,1.52958,2.7133
272.359,1.52971,2.71465
273.29,1.52983,2.71599
274.222,1.52995,2.71732
275.154,1.53007,2.71864
276.086,1.53019,2.71995
277.019,1.53031,2.72125
277.953,1.53043,2.72255
278.886,1.53055,2.72383
279.821,1.53066,2.72511
280.755,1.53078,2.72638
281.691,1.5309,2.72764
282.626,1.53101,2.72889
283.562,1.53113,2.73013
284.499,1.53124,2.73136
285.436,1.53135,2.73259
286.373,1.53146,2.73381
287.311,1.53158,2.73502
288.249,1.53169,2.73622
289.187,1.5318,2.73742
290.126,1.53191,2.73861
291.066,1.53201,2.73979
292.006,1.53212,2.74096
292.946,1.53223,2.74212
293.886,1.53234,2.74328
294.827,1.53244,2.74443
295.769,1.53255,2.74557
296.711,1.53265,2.74671
297.653,1.53276,2.74784
298.595,1.53286,2.74896
299.538,1.53296,2.75007
300.481,1.53307,2.75118
301.425,1.53317,2.75228
302.369,1.53327,2.75337
303.313,1.53337,2.75446
304.258,1.53347,2.75553
305.203,1.53357,2.75661
306.148,1.53367,2.75767
307.094,1.53377,2.75873
308.04,1.53387,2.75979
308.986,1.53396,2.76083
309.933,1.53406,2.76187
310.88,1.53416,2.76291
311.828,1.53425,2.76393
312.775,1.53435,2.76496
313.723,1.53444,2.76597
314.672,1.53454,2.76698
315.621,1.53463,2.76798
316.57,1.53472,2.76898
317.519,1.53482,2.76997
318.468,1.53491,2.77096
319.418,1.535,2.77193
320.369,1.53509,2.77291
321.319,1.53518,2.77388
322.27,1.53527,2.77484
323.221,1.53536,2.77579
324.173,1.53545,2.77674
325.124,1.53554,2.77769
326.076,1.53563,2.77863
327.029,1.53571,2.77956
327.981,1.5358,2.78049
328.934,1.53589,2.78141
329.887,1.53597,2.78233
330.84,1.53606,2.78324
331.794,1.53614,2.78415
332.748,1.53623,2.78505
333.702,1.53631,2.78595
334.657,1.5364,2.78684
335.612,1.53648,2.78773
336.567,1.53656,2.78861
337.522,1.53664,2.78949
338.477,1.53673,2.79036
339.433,1.53681,2.79123
340.389,1.53689,2.79209
341.345,1.53697,2.79295
342.302,1.53705,2.7938
343.259,1.53713,2.79465
344.216,1.53721,2.79549
345.173,1.53729,2.79633
346.131,1.53737,2.79716
347.088,1.53745,2.79799
348.046,1.53752,2.79881
349.005,1.5376,2.79963
349.963,1.53768,2.80045
350.922,1.53775,2.80126
351.881,1.53783,2.80207
352.84,1.53791,2.80287
353.799,1.53798,2.80367
354.759,1.53806,2.80446
355.718,1.53813,2.80525
356.679,1.53821,2.80603
357.639,1.53828,2.80682
358.599,1.53835,2.80759
359.56,1.53843,2.80836
360.521,1.5385,2.80913
361.482,1.53857,2.8099
362.443,1.53864,2.81066
363.405,1.53871,2.81141
364.366,1.53879,2.81216
365.328,1.53886,2.81291
366.291,1.53893,2.81366
367.253,1.539,2.8144
368.215,1.53907,2.81513
369.178,1.53914,2.81587
370.141,1.53921,2.8166
371.104,1.53927,2.81732
372.068,1.53934,2.81804
373.031,1.53941,2.81876
373.995,1.53948,2.81947
374.959,1.53955,2.82018
375.923,1.53961,2.82089
376.887,1.53968,2.82159
377.851,1.53975,2.82229
378.816,1.53981,2.82299
379.781,1.53988,2.82368
380.746,1.53994,2.82437
381.711,1.54001,2.82505
382.676,1.54007,2.82573
383.642,1.54014,2.82641
384.608,1.5402,2.82709
385.574,1.54027,2.82776
386.54,1.54033,2.82843
387.506,1.54039,2.82909
388.472,1.54046,2.82975
389.439,1.54052,2.83041
390.406,1.54058,2.83107
391.373,1.54065,2.83172
392.34,1.54071,2.83237
393.307,1.54077,2.83301
394.274,1.54083,2.83365
395.242,1.54089,2.83429
396.21,1.54095,2.83493
397.177,1.54101,2.83556
398.145,1.54107,2.83619
399.114,1.54113,2.83682
400.082,1.54119,2.83744
401.051,1.54125,2.83806
402.019,1.54131,2.83868
402.988,1.54137,2.8393
403.957,1.54143,2.83991
404.926,1.54149,2.84052
405.895,1.54154,2.84112
406.865,1.5416,2.84172
407.834,1.54166,2.84232
408.804,1.54172,2.84292
409.774,1.54177,2.84352
410.744,1.54183,2.84411
411.714,1.54189,2.8447
412.684,1.54194,2.84528
413.655,1.542,2.84587
414.625,1.54205,2.84645
415.596,1.54211,2.84702
416.567,1.54216,2.8476
417.538,1.54222,2.84817
418.509,1.54227,2.84874
419.48,1.54233,2.84931
420.452,1.54238,2.84987
421.423,1.54244,2.85044
422.395,1.54249,2.85099
423.366,1.54254,2.85155
424.338,1.5426,2.85211
425.31,1.54265,2.85266
426.283,1.5427,2.85321
427.255,1.54275,2.85375
428.227,1.54281,2.8543
429.2,1.54286,2.85484
430.173,1.54291,2.85538
431.145,1.54296,2.85592
432.118,1.54301,2.85645
433.091,1.54306,2.85698
434.065,1.54312,2.85751
435.038,1.54317,2.85804
436.011,1.54322,2.85856
436.985,1.54327,2.85909
437.958,1.54332,2.85961
438.932,1.54337,2.86012
439.906,1.54342,2.86064
440.88,1.54347,2.86115
441.854,1.54351,2.86167
442.828,1.54356,2.86217
443.803,1.54361,2.86268
444.777,1.54366,2.86318
445.752,1.54371,2.86369
446.726,1.54376,2.86419
447.701,1.54381,2.86469
448.676,1.54385,2.86518
449.651,1.5439,2.86567
450.626,1.54395,2.86617
451.602,1.544,2.86665
452.577,1.54404,2.86714
453.552,1.54409,2.86763
454.528,1.54414,2.86811
455.504,1.54418,2.86859
456.479,1.54423,2.86907
457.455,1.54427,2.86955
458.431,1.54432,2.87002
459.407,1.54437,2.87049
460.383,1.54441,2.87096
461.36,1.54446,2.87143
462.336,1.5445,2.8719
463.313,1.54455,2.87237
464.289,1.54459,2.87283
465.266,1.54463,2.87329
466.243,1.54468,2.87375
467.22,1.54472,2.87421
468.197,1.54477,2.87466
469.174,1.54481,2.87511
470.151,1.54485,2.87556
471.128,1.5449,2.87601
472.105,1.54494,2.87646
473.083,1.54498,2.87691
474.06,1.54503,2.87735
475.038,1.54507,2.87779
476.016,1.54511,2.87823
476.994,1.54516,2.87867
477.972,1.5452,2.87911
478.95,1.54524,2.87954
479.928,1.54528,2.87998
480.906,1.54532,2.88041
481.884,1.54536,2.88084
482.863,1.54541,2.88127
483.841,1.54545,2.88169
484.82,1.54549,2.88212
485.798,1.54553,2.88254
486.777,1.54557,2.88296
487.756,1.54561,2.88338
488.735,1.54565,2.8838
489.714,1.54569,2.88421
490.693,1.54573,2.88463
491.672,1.54577,2.88504
492.651,1.54581,2.88545
493.63,1.54585,2.88586
494.61,1.54589,2.88627
495.589,1.54593,2.88667
496.569,1.54597,2.88708
497.548,1.54601,2.88748
498.528,1.54605,2.88788
499.508,1.54609,2.88828
500.488,1.54612,2.88868
501.468,1.54616,2.88908
502.448,1.5462,2.88947
503.428,1.54624,2.88987
504.408,1.54628,2.89026
505.388,1.54631,2.89065
506.369,1.54635,2.89104
507.349,1.54639,2.89143
508.33,1.54643,2.89181
509.31,1.54646,2.8922
510.291,1.5465,2.89258
511.272,1.54654,2.89296
512.252,1.54658,2.89334
513.233,1.54661,2.89372
514.214,1.54665,2.8941
515.195,1.54669,2.89447
516.176,1.54672,2.89485
517.157,1.54676,2.89522
518.139,1.54679,2.89559
519.12,1.54683,2.89596
520.101,1.54687,2.89633
521.083,1.5469,2.8967
522.064,1.54694,2.89706
523.046,1.54697,2.89743
524.028,1.54701,2.89779
525.009,1.54704,2.89815
525.991,1.54708,2.89851
526.973,1.54711,2.89887
527.955,1.54715,2.89923
528.937,1.54718,2.89959
529.919,1.54722,2.89994
530.901,1.54725,2.9003
531.883,1.54729,2.90065
532.866,1.54732,2.901
533.848,1.54735,2.90135
534.83,1.54739,2.9017
535.813,1.54742,2.90205
536.795,1.54746,2.90239
537.778,1.54749,2.90274
538.761,1.54752,2.90308
539.743,1.54756,2.90342
540.726,1.54759,2.90377
541.709,1.54762,2.90411
542.692,1.54765,2.90444
543.675,1.54769,2.90478
544.658,1.54772,2.90512
545.641,1.54775,2.90545
546.624,1.54779,2.90579
547.607,1.54782,2.90612
548.591,1.54785,2.90645
549.574,1.54788,2.90678
550.557,1.54791,2.90711
551.541,1.54795,2.90744
552.524,1.54798,2.90776
553.508,1.54801,2.90809
554.492,1.54804,2.90841
555.475,1.54807,2.90874
556.459,1.5481,2.90906
557.443,1.54814,2.90938
558.427,1.54817,2.9097
559.411,1.5482,2.91002
560.395,1.54823,2.91034
561.379,1.54826,2.91065
562.363,1.54829,2.91097
563.347,1.54832,2.91128
564.331,1.54835,2.9116
565.315,1.54838,2.91191
566.3,1.54841,2.91222
567.284,1.54844,2.91253
568.268,1.54847,2.91284
569.253,1.5485,2.91315
570.237,1.54853,2.91345
571.222,1.54856,2.91376
572.207,1.54859,2.91406
573.191,1.54862,2.91437
574.176,1.54865,2.91467
575.161,1.54868,2.91497
576.146,1.54871,2.91527
577.131,1.54874,2.91557
578.116,1.54877,2.91587
579.101,1.5488,2.91617
580.086,1.54883,2.91646
581.071,1.54885,2.91676
582.056,1.54888,2.91705
583.041,1.54891,2.91734
584.026,1.54894,2.91764
585.012,1.54897,2.91793
585.997,1.549,2.91822
586.982,1.54903,2.91851
587.968,1.54905,2.9188
588.953,1.54908,2.91908
589.939,1.54911,2.91937
590.925,1.54914,2.91966
591.91,1.54917,2.91994
592.896,1.54919,2.92022
593.882,1.54922,2.92051
594.867,1.54925,2.92079
595.853,1.54928,2.92107
596.839,1.5493,2.92135
597.825,1.54933,2.92163
598.811,1.54936,2.92191
599.797,1.54938,2.92218
600.783,1.54941,2.92246
601.769,1.54944,2.92274
602.755,1.54947,2.92301
603.742,1.54949,2.92328
604.728,1.54952,2.92356
605.714,1.54954,2.92383
606.701,1.54957,2.9241
607.687,1.5496,2.92437
608.673,1.54962,2.92464
609.66,1.54965,2.92491
610.646,1.54968,2.92517
611.633,1.5497,2.92544
612.62,1.54973,2.92571
613.606,1.54975,2.92597
614.593,1.54978,2.92623
615.58,1.54981,2.9265
616.566,1.54983,2.92676
617.553,1.54986,2.92702
618.54,1.54988,2.92728
619.527,1.54991,2.92754
620.514,1.54993,2.9278
621.501,1.54996,2.92806
622.488,1.54998,2.92832
623.475,1.55001,2.92857
624.462,1.55003,2.92883
625.449,1.55006,2.92908
626.437,1.55008,2.92934
627.424,1.55011,2.92959
628.411,1.55013,2.92984
629.398,1.55016,2.9301
630.386,1.55018,2.93035
631.373,1.55021,2.9306
632.361,1.55023,2.93085
633.348,1.55026,2.93109
634.336,1.55028,2.93134
635.323,1.5503,2.93159
636.311,1.55033,2.93184
637.298,1.55035,2.93208
638.286,1.55038,2.93233
639.274,1.5504,2.93257
640.261,1.55042,2.93281
641.249,1.55045,2.93306
642.237,1.55047,2.9333
643.225,1.55049,2.93354
644.213,1.55052,2.93378
645.201,1.55054,2.93402
646.189,1.55057,2.93426
647.177,1.55059,2.93449
648.165,1.55061,2.93473
649.153,1.55063,2.93497
650.141,1.55066,2.9352
651.129,1.55068,2.93544
652.117,1.5507,2.93567
653.106,1.55073,2.93591
654.094,1.55075,2.93614
655.082,1.55077,2.93637
656.07,1.5508,2.9366
657.059,1.55082,2.93684
658.047,1.55084,2.93707
659.036,1.55086,2.9373
660.024,1.55089,2.93752
661.013,1.55091,2.93775
662.001,1.55093,2.93798
662.99,1.55095,2.93821
663.978,1.55097,2.93843
664.967,1.551,2.93866
665.956,1.55102,2.93888
666.944,1.55104,2.93911
667.933,1.55106,2.93933
668.922,1.55108,2.93955
669.911,1.55111,2.93978
670.9,1.55113,2.94
671.888,1.55115,2.94022
672.877,1.55117,2.94044
673.866,1.55119,2.94066
674.855,1.55121,2.94088
675.844,1.55124,2.94109
676.833,1.55126,2.94131
677.822,1.55128,2.94153
678.812,1.5513,2.94175
679.801,1.55132,2.94196
680.79,1.55134,2.94218
681.779,1.55136,2.94239
682.768,1.55138,2.9426
683.758,1.5514,2.94282
684.747,1.55143,2.94303
685.736,1.55145,2.94324
686.726,1.55147,2.94345
687.715,1.55149,2.94366
688.704,1.55151,2.94387
689.694,1.55153,2.94408
690.683,1.55155,2.94429
691.673,1.55157,2.9445
692.662,1.55159,2.94471
693.652,1.55161,2.94492
694.641,1.55163,2.94512
695.631,1.55165,2.94533
696.621,1.55167,2.94553
697.61,1.55169,2.94574
698.6,1.55171,2.94594
699.59,1.55173,2.94615
700.58,1.55175,2.94635
701.569,1.55177,2.94655
702.559,1.55179,2.94676
703.549,1.55181,2.94696
704.539,1.55183,2.94716
705.529,1.55185,2.94736
706.519,1.55187,2.94756
707.509,1.55189,2.94776
708.499,1.55191,2.94796
709.489,1.55193,2.94815
710.479,1.55195,2.94835
711.469,1.55197,2.94855
712.459,1.55199,2.94874
713.449,1.55201,2.94894
714.439,1.55202,2.94914
715.43,1.55204,2.94933
716.42,1.55206,2.94952
717.41,1.55208,2.94972
718.4,1.5521,2.94991
719.391,1.55212,2.9501
720.381,1.55214,2.9503
721.371,1.55216,2.95049
722.362,1.55218,2.95068
723.352,1.55219,2.95087
724.343,1.55221,2.95106
725.333,1.55223,2.95125
726.324,1.55225,2.95144
727.314,1.55227,2.95163
728.305,1.55229,2.95181
729.295,1.55231,2.952
730.286,1.55232,2.95219
731.276,1.55234,2.95237
732.267,1.55236,2.95256
733.258,1.55238,2.95275
734.248,1.5524,2.95293
735.239,1.55242,2.95311
736.23,1.55243,2.9533
737.221,1.55245,2.95348
738.211,1.55247,2.95367
739.202,1.55249,2.95385
740.193,1.55251,2.95403
741.184,1.55252,2.95421
742.175,1.55254,2.95439
743.166,1.55256,2.95457
744.157,1.55258,2.95475
745.148,1.55259,2.95493
746.139,1.55261,2.95511
747.13,1.55263,2.95529
748.121,1.55265,2.95547
749.112,1.55266,2.95565
750.103,1.55268,2.95582
751.094,1.5527,2.956
752.085,1.55272,2.95618
753.076,1.55273,2.95635
754.067,1.55275,2.95653
755.059,1.55277,2.9567
756.05,1.55279,2.95688
757.041,1.5528,2.95705
758.032,1.55282,2.95722
759.024,1.55284,2.9574
760.015,1.55285,2.95757
761.006,1.55287,2.95774
761.998,1.55289,2.95791
762.989,1.5529,2.95808
763.98,1.55292,2.95825
764.972,1.55294,2.95842
765.963,1.55295,2.95859
766.955,1.55297,2.95876
767.946,1.55299,2.95893
768.938,1.553,2.9591
769.929,1.55302,2.95927
770.921,1.55304,2.95944
771.913,1.55305,2.9596
772.904,1.55307,2.95977
773.896,1.55309,2.95994
774.887,1.5531,2.9601
775.879,1.55312,2.96027
776.871,1.55314,2.96043
777.862,1.55315,2.9606
778.854,1.55317,2.96076
779.846,1.55318,2.96093
780.838,1.5532,2.96109
781.83,1.55322,2.96125
782.821,1.55323,2.96142
783.813,1.55325,2.96158
784.805,1.55326,2.96174
785.797,1.55328,2.9619
786.789,1.5533,2.96206
787.781,1.55331,2.96222
788.773,1.55333,2.96238
789.765,1.55334,2.96254
790.757,1.55336,2.9627
791.749,1.55337,2.96286
792.741,1.55339,2.96302
793.733,1.55341,2.96318
794.725,1.55342,2.96334
795.717,1.55344,2.96349
796.709,1.55345,2.96365
797.701,1.55347,2.96381
798.693,1.55348,2.96396
799.685,1.5535,2.96412
800.678,1.55351,2.96428
801.67,1.55353,2.96443
802.662,1.55354,2.96459
803.654,1.55356,2.96474
804.646,1.55357,2.96489
805.639,1.55359,2.96505
806.631,1.5536,2.9652
807.623,1.55362,2.96535
808.616,1.55363,2.96551
809.608,1.55365,2.96566
810.6,1.55366,2.96581
811.593,1.55368,2.96596
812.585,1.55369,2.96611
813.578,1.55371,2.96626
814.57,1.55372,2.96641
815.562,1.55374,2.96656
816.555,1.55375,2.96671
817.547,1.55377,2.96686
818.54,1.55378,2.96701
819.533,1.5538,2.96716
820.525,1.55381,2.96731
821.518,1.55383,2.96745
822.51,1.55384,2.9676
823.503,1.55386,2.96775
824.495,1.55387,2.96789
825.488,1.55388,2.96804
826.481,1.5539,2.96819
827.473,1.55391,2.96833
828.466,1.55393,2.96848
829.459,1.55394,2.96862
830.452,1.55396,2.96877
831.444,1.55397,2.96891
832.437,1.55398,2.96905
833.43,1.554,2.9692
834.423,1.55401,2.96934
835.416,1.55403,2.96948
836.408,1.55404,2.96963
837.401,1.55405,2.96977
838.394,1.55407,2.96991
839.387,1.55408,2.97005
840.38,1.5541,2.97019
841.373,1.55411,2.97033
842.366,1.55412,2.97047
843.359,1.55414,2.97061
844.352,1.55415,2.97075
845.345,1.55417,2.97089
846.338,1.55418,2.97103
847.331,1.55419,2.97117
848.324,1.55421,2.97131
849.317,1.55422,2.97145
850.31,1.55423,2.97159
851.303,1.55425,2.97172
852.296,1.55426,2.97186
853.289,1.55427,2.972
854.282,1.55429,2.97213
855.275,1.5543,2.97227
856.269,1.55432,2.97241
857.262,1.55433,2.97254
858.255,1.55434,2.97268
859.248,1.55436,2.97281
860.241,1.55437,2.97295
861.235,1.55438,2.97308
862.228,1.55439,2.97322
863.221,1.55441,2.97335
864.214,1.55442,2.97348
865.208,1.55443,2.97362
866.201,1.55445,2.97375
867.194,1.55446,2.97388
868.188,1.55447,2.97401
869.181,1.55449,2.97415
870.174,1.5545,2.97428
871.168,1.55451,2.97441
872.161,1.55453,2.97454
873.155,1.55454,2.97467
874.148,1.55455,2.9748
875.142,1.55456,2.97493
876.135,1.55458,2.97506
877.129,1.55459,2.97519
878.122,1.5546,2.97532
879.116,1.55462,2.97545
880.109,1.55463,2.97558
881.103,1.55464,2.9757
882.096,1.55465,2.97583
883.09,1.55467,2.97596
884.083,1.55468,2.97609
885.077,1.55469,2.97622
886.071,1.5547,2.97634
887.064,1.55472,2.97647
888.058,1.55473,2.9766
889.052,1.55474,2.97672
890.045,1.55475,2.97685
891.039,1.55477,2.97697
892.033,1.55478,2.9771
893.026,1.55479,2.97722
894.02,1.5548,2.97735
895.014,1.55481,2.97747
896.008,1.55483,2.9776
897.001,1.55484,2.97772
897.995,1.55485,2.97784
898.989,1.55486,2.97797
899.983,1.55488,2.97809
900.977,1.55489,2.97821
901.97,1.5549,2.97834
902.964,1.55491,2.97846
903.958,1.55492,2.97858
904.952,1.55494,2.9787
905.946,1.55495,2.97882
906.94,1.55496,2.97894
907.934,1.55497,2.97906
908.928,1.55498,2.97919
909.922,1.555,2.97931
910.916,1.55501,2.97943
911.909,1.55502,2.97955
912.903,1.55503,2.97967
913.897,1.55504,2.97978
914.891,1.55505,2.9799
915.886,1.55507,2.98002
916.88,1.55508,2.98014
917.874,1.55509,2.98026
918.868,1.5551,2.98038
919.862,1.55511,2.98049
920.856,1.55512,2.98061
921.85,1.55514,2.98073
922.844,1.55515,2.98085
923.838,1.55516,2.98096
924.832,1.55517,2.98108
925.826,1.55518,2.9812
926.821,1.55519,2.98131
927.815,1.55521,2.98143
928.809,1.55522,2.98154
929.803,1.55523,2.98166
930.797,1.55524,2.98177
931.792,1.55525,2.98189
932.786,1.55526,2.982
933.78,1.55527,2.98212
934.774,1.55528,2.98223
935.769,1.5553,2.98235
936.763,1.55531,2.98246
937.757,1.55532,2.98257
938.752,1.55533,2.98269
939.746,1.55534,2.9828
940.74,1.55535,2.98291
941.735,1.55536,2.98302
942.729,1.55537,2.98313
943.723,1.55539,2.98325
944.718,1.5554,2.98336
945.712,1.55541,2.98347
946.707,1.55542,2.98358
947.701,1.55543,2.98369
948.695,1.55544,2.9838
949.69,1.55545,2.98391
950.684,1.55546,2.98402
951.679,1.55547,2.98413
952.673,1.55548,2.98424
953.668,1.55549,2.98435
954.662,1.55551,2.98446
955.657,1.55552,2.98457
956.651,1.55553,2.98468
957.646,1.55554,2.98479
958.64,1.55555,2.9849
959.635,1.55556,2.98501
960.63,1.55557,2.98511
961.624,1.55558,2.98522
962.619,1.55559,2.98533
963.613,1.5556,2.98544
964.608,1.55561,2.98554
965.603,1.55562,2.98565
966.597,1.55563,2.98576
967.592,1.55564,2.98586
968.587,1.55565,2.98597
969.581,1.55566,2.98608
970.576,1.55568,2.98618
971.571,1.55569,2.98629
972.565,1.5557,2.98639
973.56,1.55571,2.9865
974.555,1.55572,2.9866
975.549,1.55573,2.98671
976.544,1.55574,2.98681
977.539,1.55575,2.98692
978.534,1.55576,2.98702
979.528,1.55577,2.98712
980.523,1.55578,2.98723
981.518,1.55579,2.98733
982.513,1.5558,2.98743
983.508,1.55581,2.98754
984.503,1.55582,2.98764
985.497,1.55583,2.98774
986.492,1.55584,2.98784
987.487,1.55585,2.98795
988.482,1.55586,2.98805
989.477,1.55587,2.98815
990.472,1.55588,2.98825
991.467,1.55589,2.98835
992.462,1.5559,2.98845
993.456,1.55591,2.98856
994.451,1.55592,2.98866
995.446,1.55593,2.98876
996.441,1.55594,2.98886
997.436,1.55595,2.98896
998.431,1.55596,2.98906
999.426,1.55597,2.98916
1000.42,1.55598,2.98926
1001.42,1.55599,2.98936
1002.41,1.556,2.98946
1003.41,1.55601,2.98955
1004.4,1.55602,2.98965
1005.4,1.55603,2.98975
1006.39,1.55604,2.98985
1007.39,1.55605,2.98995
