999.101,1.57079,0.0015708
998.101,1.57078,0.00157079
997.101,1.57077,0.00157079
996.101,1.57076,0.00157079
995.101,1.57075,0.00157079
994.102,1.57074,0.00157079
993.102,1.57073,0.00157079
992.102,1.57072,0.00157079
991.102,1.57071,0.00157079
990.102,1.5707,0.00157079
989.102,1.57069,0.00157079
988.102,1.57067,0.00157079
987.102,1.57066,0.00157079
986.102,1.57065,0.00157079
985.102,1.57064,0.00157079
984.102,1.57063,0.00157079
983.102,1.57062,0.00157079
982.102,1.57061,0.00157079
981.102,1.5706,0.00157079
980.102,1.57059,0.00157079
979.102,1.57058,0.00157079
978.102,1.57057,0.00157079
977.102,1.57056,0.00157079
976.102,1.57055,0.00157079
975.103,1.57054,0.00157079
974.103,1.57053,0.00157079
973.103,1.57052,0.00157079
972.103,1.57051,0.00157079
971.103,1.5705,0.00157079
970.103,1.57049,0.00157079
969.103,1.57048,0.00157078
968.103,1.57047,0.00157078
967.103,1.57046,0.00157078
966.103,1.57044,0.00157078
965.103,1.57043,0.00157078
964.103,1.57042,0.00157078
963.103,1.57041,0.00157078
962.103,1.5704,0.00157078
961.103,1.57039,0.00157078
960.103,1.57038,0.00157078
959.103,1.57037,0.00157078
958.103,1.57036,0.00157078
957.103,1.57035,0.00157077
956.104,1.57034,0.00157077
955.104,1.57033,0.00157077
954.104,1.57031,0.00157077
953.104,1.5703,0.00157077
952.104,1.57029,0.00157077
951.104,1.57028,0.00157077
950.104,1.57027,0.00157077
949.104,1.57026,0.00157077
948.104,1.57025,0.00157076
947.104,1.57024,0.00157076
946.104,1.57023,0.00157076
945.104,1.57021,0.00157076
944.104,1.5702,0.00157076
943.104,1.57019,0.00157076
942.104,1.57018,0.00157076
941.104,1.57017,0.00157076
940.104,1.57016,0.00157075
939.104,1.57015,0.00157075
938.105,1.57014,0.00157075
937.105,1.57012,0.00157075
936.105,1.57011,0.00157075
935.105,1.5701,0.00157075
934.105,1.57009,0.00157074
933.105,1.57008,0.00157074
932.105,1.57007,0.00157074
931.105,1.57006,0.00157074
930.105,1.57004,0.00157074
929.105,1.57003,0.00157074
928.105,1.57002,0.00157073
927.105,1.57001,0.00157073
926.105,1.57,0.00157073
925.105,1.56999,0.00157073
924.105,1.56997,0.00157073
923.105,1.56996,0.00157073
922.105,1.56995,0.00157072
921.105,1.56994,0.00157072
920.106,1.56993,0.00157072
919.106,1.56991,0.00157072
918.106,1.5699,0.00157071
917.106,1.56989,0.00157071
916.106,1.56988,0.00157071
915.106,1.56987,0.00157071
914.106,1.56986,0.00157071
913.106,1.56984,0.0015707
912.106,1.56983,0.0015707
911.106,1.56982,0.0015707
910.106,1.56981,0.0015707
909.106,1.5698,0.00157069
908.106,1.56978,0.00157069
907.106,1.56977,0.00157069
906.106,1.56976,0.00157069
905.106,1.56975,0.00157068
904.107,1.56973,0.00157068
903.107,1.56972,0.00157068
902.107,1.56971,0.00157068
901.107,1.5697,0.00157067
900.107,1.56969,0.00157067
899.107,1.56967,0.00157067
898.107,1.56966,0.00157067
897.107,1.56965,0.00157066
896.107,1.56964,0.00157066
895.107,1.56962,0.00157066
894.107,1.56961,0.00157065
893.107,1.5696,0.00157065
892.107,1.56959,0.00157065
891.107,1.56957,0.00157064
890.107,1.56956,0.00157064
889.107,1.56955,0.00157064
888.108,1.56954,0.00157064
887.108,1.56952,0.00157063
886.108,1.56951,0.00157063
885.108,1.5695,0.00157063
884.108,1.56948,0.00157062
883.108,1.56947,0.00157062
882.108,1.56946,0.00157062
881.108,1.56945,0.00157061
880.108,1.56943,0.00157061
879.108,1.56942,0.0015706
878.108,1.56941,0.0015706
877.108,1.56939,0.0015706
876.108,1.56938,0.00157059
875.108,1.56937,0.00157059
874.108,1.56935,0.00157059
873.108,1.56934,0.00157058
872.109,1.56933,0.00157058
871.109,1.56932,0.00157057
870.109,1.5693,0.00157057
869.109,1.56929,0.00157057
868.109,1.56928,0.00157056
867.109,1.56926,0.00157056
866.109,1.56925,0.00157055
865.109,1.56924,0.00157055
864.109,1.56922,0.00157055
863.109,1.56921,0.00157054
862.109,1.5692,0.00157054
861.109,1.56918,0.00157053
860.109,1.56917,0.00157053
859.109,1.56915,0.00157052
858.109,1.56914,0.00157052
857.11,1.56913,0.00157052
856.11,1.56911,0.00157051
855.11,1.5691,0.00157051
854.11,1.56909,0.0015705
853.11,1.56907,0.0015705
852.11,1.56906,0.00157049
851.11,1.56905,0.00157049
850.11,1.56903,0.00157048
849.11,1.56902,0.00157048
848.11,1.569,0.00157047
847.11,1.56899,0.00157047
846.11,1.56898,0.00157046
845.11,1.56896,0.00157046
844.11,1.56895,0.00157045
843.111,1.56893,0.00157045
842.111,1.56892,0.00157044
841.111,1.56891,0.00157044
840.111,1.56889,0.00157043
839.111,1.56888,0.00157043
838.111,1.56886,0.00157042
837.111,1.56885,0.00157041
836.111,1.56883,0.00157041
835.111,1.56882,0.0015704
834.111,1.56881,0.0015704
833.111,1.56879,0.00157039
832.111,1.56878,0.00157039
831.111,1.56876,0.00157038
830.111,1.56875,0.00157037
829.111,1.56873,0.00157037
828.112,1.56872,0.00157036
827.112,1.5687,0.00157036
826.112,1.56869,0.00157035
825.112,1.56868,0.00157034
824.112,1.56866,0.00157034
823.112,1.56865,0.00157033
822.112,1.56863,0.00157032
821.112,1.56862,0.00157032
820.112,1.5686,0.00157031
819.112,1.56859,0.0015703
818.112,1.56857,0.0015703
817.112,1.56856,0.00157029
816.112,1.56854,0.00157028
815.113,1.56853,0.00157028
814.113,1.56851,0.00157027
813.113,1.5685,0.00157026
812.113,1.56848,0.00157026
811.113,1.56847,0.00157025
810.113,1.56845,0.00157024
809.113,1.56844,0.00157024
808.113,1.56842,0.00157023
807.113,1.5684,0.00157022
806.113,1.56839,0.00157021
805.113,1.56837,0.00157021
804.113,1.56836,0.0015702
803.113,1.56834,0.00157019
802.114,1.56833,0.00157018
801.114,1.56831,0.00157018
800.114,1.5683,0.00157017
799.114,1.56828,0.00157016
798.114,1.56827,0.00157015
797.114,1.56825,0.00157014
796.114,1.56823,0.00157014
795.114,1.56822,0.00157013
794.114,1.5682,0.00157012
793.114,1.56819,0.00157011
792.114,1.56817,0.0015701
791.114,1.56815,0.00157009
790.114,1.56814,0.00157009
789.115,1.56812,0.00157008
788.115,1.56811,0.00157007
787.115,1.56809,0.00157006
786.115,1.56807,0.00157005
785.115,1.56806,0.00157004
784.115,1.56804,0.00157003
783.115,1.56803,0.00157002
782.115,1.56801,0.00157001
781.115,1.56799,0.00157001
780.115,1.56798,0.00157
779.115,1.56796,0.00156999
778.115,1.56794,0.00156998
777.116,1.56793,0.00156997
776.116,1.56791,0.00156996
775.116,1.56789,0.00156995
774.116,1.56788,0.00156994
773.116,1.56786,0.00156993
772.116,1.56784,0.00156992
771.116,1.56783,0.00156991
770.116,1.56781,0.0015699
769.116,1.56779,0.00156989
768.116,1.56778,0.00156988
767.116,1.56776,0.00156987
766.116,1.56774,0.00156986
765.117,1.56772,0.00156985
764.117,1.56771,0.00156984
763.117,1.56769,0.00156983
762.117,1.56767,0.00156982
761.117,1.56766,0.0015698
760.117,1.56764,0.00156979
759.117,1.56762,0.00156978
758.117,1.5676,0.00156977
757.117,1.56759,0.00156976
756.117,1.56757,0.00156975
755.117,1.56755,0.00156974
754.117,1.56753,0.00156973
753.118,1.56752,0.00156971
752.118,1.5675,0.0015697
751.118,1.56748,0.00156969
750.118,1.56746,0.00156968
749.118,1.56745,0.00156967
748.118,1.56743,0.00156966
747.118,1.56741,0.00156964
746.118,1.56739,0.00156963
745.118,1.56737,0.00156962
744.118,1.56736,0.00156961
743.118,1.56734,0.00156959
742.119,1.56732,0.00156958
741.119,1.5673,0.00156957
740.119,1.56728,0.00156956
739.119,1.56726,0.00156954
738.119,1.56725,0.00156953
737.119,1.56723,0.00156952
736.119,1.56721,0.0015695
735.119,1.56719,0.00156949
734.119,1.56717,0.00156948
733.119,1.56715,0.00156946
732.119,1.56714,0.00156945
731.12,1.56712,0.00156944
730.12,1.5671,0.00156942
729.12,1.56708,0.00156941
728.12,1.56706,0.00156939
727.12,1.56704,0.00156938
726.12,1.56702,0.00156936
725.12,1.567,0.00156935
724.12,1.56698,0.00156934
723.12,1.56697,0.00156932
722.12,1.56695,0.00156931
721.12,1.56693,0.00156929
720.121,1.56691,0.00156928
719.121,1.56689,0.00156926
718.121,1.56687,0.00156925
717.121,1.56685,0.00156923
716.121,1.56683,0.00156922
715.121,1.56681,0.0015692
714.121,1.56679,0.00156918
713.121,1.56677,0.00156917
712.121,1.56675,0.00156915
711.121,1.56673,0.00156914
710.122,1.56671,0.00156912
709.122,1.56669,0.0015691
708.122,1.56667,0.00156909
707.122,1.56665,0.00156907
706.122,1.56663,0.00156905
705.122,1.56661,0.00156904
704.122,1.56659,0.00156902
703.122,1.56657,0.001569
702.122,1.56655,0.00156899
701.122,1.56653,0.00156897
700.123,1.56651,0.00156895
699.123,1.56649,0.00156893
698.123,1.56647,0.00156892
697.123,1.56645,0.0015689
696.123,1.56643,0.00156888
695.123,1.56641,0.00156886
694.123,1.56639,0.00156884
693.123,1.56637,0.00156882
692.123,1.56635,0.00156881
691.123,1.56632,0.00156879
690.124,1.5663,0.00156877
689.124,1.56628,0.00156875
688.124,1.56626,0.00156873
687.124,1.56624,0.00156871
686.124,1.56622,0.00156869
685.124,1.5662,0.00156867
684.124,1.56618,0.00156865
683.124,1.56616,0.00156863
682.124,1.56613,0.00156861
681.125,1.56611,0.00156859
680.125,1.56609,0.00156857
679.125,1.56607,0.00156855
678.125,1.56605,0.00156853
677.125,1.56603,0.00156851
676.125,1.566,0.00156849
675.125,1.56598,0.00156847
674.125,1.56596,0.00156845
673.125,1.56594,0.00156842
672.126,1.56592,0.0015684
671.126,1.56589,0.00156838
670.126,1.56587,0.00156836
669.126,1.56585,0.00156834
668.126,1.56583,0.00156831
667.126,1.5658,0.00156829
666.126,1.56578,0.00156827
665.126,1.56576,0.00156825
664.126,1.56574,0.00156822
663.127,1.56571,0.0015682
662.127,1.56569,0.00156818
661.127,1.56567,0.00156815
660.127,1.56565,0.00156813
659.127,1.56562,0.00156811
658.127,1.5656,0.00156808
657.127,1.56558,0.00156806
656.127,1.56555,0.00156803
655.127,1.56553,0.00156801
654.128,1.56551,0.00156798
653.128,1.56548,0.00156796
652.128,1.56546,0.00156793
651.128,1.56544,0.00156791
650.128,1.56541,0.00156788
649.128,1.56539,0.00156786
648.128,1.56536,0.00156783
647.128,1.56534,0.00156781
646.128,1.56532,0.00156778
645.129,1.56529,0.00156775
644.129,1.56527,0.00156773
643.129,1.56524,0.0015677
642.129,1.56522,0.00156767
641.129,1.5652,0.00156764
640.129,1.56517,0.00156762
639.129,1.56515,0.00156759
638.129,1.56512,0.00156756
637.13,1.5651,0.00156753
636.13,1.56507,0.00156751
635.13,1.56505,0.00156748
634.13,1.56502,0.00156745
633.13,1.565,0.00156742
632.13,1.56497,0.00156739
631.13,1.56495,0.00156736
630.13,1.56492,0.00156733
629.131,1.5649,0.0015673
628.131,1.56487,0.00156727
627.131,1.56485,0.00156724
626.131,1.56482,0.00156721
625.131,1.5648,0.00156718
624.131,1.56477,0.00156715
623.131,1.56475,0.00156712
622.131,1.56472,0.00156709
621.132,1.56469,0.00156705
620.132,1.56467,0.00156702
619.132,1.56464,0.00156699
618.132,1.56462,0.00156696
617.132,1.56459,0.00156693
616.132,1.56456,0.00156689
615.132,1.56454,0.00156686
614.132,1.56451,0.00156683
613.133,1.56448,0.00156679
612.133,1.56446,0.00156676
611.133,1.56443,0.00156672
610.133,1.5644,0.00156669
609.133,1.56438,0.00156665
608.133,1.56435,0.00156662
607.133,1.56432,0.00156658
606.134,1.5643,0.00156655
605.134,1.56427,0.00156651
604.134,1.56424,0.00156648
603.134,1.56421,0.00156644
602.134,1.56419,0.00156641
601.134,1.56416,0.00156637
600.134,1.56413,0.00156633
599.135,1.5641,0.00156629
598.135,1.56407,0.00156626
597.135,1.56405,0.00156622
596.135,1.56402,0.00156618
595.135,1.56399,0.00156614
594.135,1.56396,0.0015661
593.135,1.56393,0.00156606
592.136,1.5639,0.00156602
591.136,1.56388,0.00156598
590.136,1.56385,0.00156594
589.136,1.56382,0.0015659
588.136,1.56379,0.00156586
587.136,1.56376,0.00156582
586.136,1.56373,0.00156578
585.137,1.5637,0.00156574
584.137,1.56367,0.0015657
583.137,1.56364,0.00156566
582.137,1.56361,0.00156561
581.137,1.56359,0.00156557
580.137,1.56356,0.00156553
579.137,1.56353,0.00156548
578.138,1.5635,0.00156544
577.138,1.56347,0.0015654
576.138,1.56344,0.00156535
575.138,1.56341,0.00156531
574.138,1.56338,0.00156526
573.138,1.56334,0.00156522
572.138,1.56331,0.00156517
571.139,1.56328,0.00156513
570.139,1.56325,0.00156508
569.139,1.56322,0.00156503
568.139,1.56319,0.00156498
567.139,1.56316,0.00156494
566.139,1.56313,0.00156489
565.14,1.5631,0.00156484
564.14,1.56307,0.00156479
563.14,1.56303,0.00156474
562.14,1.563,0.00156469
561.14,1.56297,0.00156464
560.14,1.56294,0.00156459
559.14,1.56291,0.00156454
558.141,1.56288,0.00156449
557.141,1.56284,0.00156444
556.141,1.56281,0.00156439
555.141,1.56278,0.00156434
554.141,1.56275,0.00156428
553.141,1.56271,0.00156423
552.142,1.56268,0.00156418
551.142,1.56265,0.00156412
550.142,1.56262,0.00156407
549.142,1.56258,0.00156402
548.142,1.56255,0.00156396
547.142,1.56252,0.00156391
546.143,1.56248,0.00156385
545.143,1.56245,0.00156379
544.143,1.56241,0.00156374
543.143,1.56238,0.00156368
542.143,1.56235,0.00156362
541.143,1.56231,0.00156356
540.144,1.56228,0.00156351
539.144,1.56224,0.00156345
538.144,1.56221,0.00156339
537.144,1.56218,0.00156333
536.144,1.56214,0.00156327
535.144,1.56211,0.00156321
534.145,1.56207,0.00156314
533.145,1.56204,0.00156308
532.145,1.562,0.00156302
531.145,1.56196,0.00156296
530.145,1.56193,0.00156289
529.145,1.56189,0.00156283
528.146,1.56186,0.00156277
527.146,1.56182,0.0015627
526.146,1.56179,0.00156264
525.146,1.56175,0.00156257
524.146,1.56171,0.00156251
523.147,1.56168,0.00156244
522.147,1.56164,0.00156237
521.147,1.5616,0.0015623
520.147,1.56157,0.00156223
519.147,1.56153,0.00156217
518.147,1.56149,0.0015621
517.148,1.56145,0.00156203
516.148,1.56142,0.00156196
515.148,1.56138,0.00156188
514.148,1.56134,0.00156181
513.148,1.5613,0.00156174
512.149,1.56127,0.00156167
511.149,1.56123,0.00156159
510.149,1.56119,0.00156152
509.149,1.56115,0.00156145
508.149,1.56111,0.00156137
507.15,1.56107,0.0015613
506.15,1.56103,0.00156122
505.15,1.561,0.00156114
504.15,1.56096,0.00156106
503.15,1.56092,0.00156099
502.151,1.56088,0.00156091
501.151,1.56084,0.00156083
500.151,1.5608,0.00156075
499.151,1.56076,0.00156067
498.151,1.56072,0.00156059
497.152,1.56068,0.0015605
496.152,1.56064,0.00156042
495.152,1.5606,0.00156034
494.152,1.56055,0.00156025
493.152,1.56051,0.00156017
492.153,1.56047,0.00156008
491.153,1.56043,0.00156
490.153,1.56039,0.00155991
489.153,1.56035,0.00155982
488.153,1.56031,0.00155974
487.154,1.56026,0.00155965
486.154,1.56022,0.00155956
485.154,1.56018,0.00155947
484.154,1.56014,0.00155937
483.154,1.56009,0.00155928
482.155,1.56005,0.00155919
481.155,1.56001,0.0015591
480.155,1.55996,0.001559
479.155,1.55992,0.00155891
478.156,1.55988,0.00155881
477.156,1.55983,0.00155872
476.156,1.55979,0.00155862
475.156,1.55974,0.00155852
474.156,1.5597,0.00155842
473.157,1.55966,0.00155832
472.157,1.55961,0.00155822
471.157,1.55957,0.00155812
470.157,1.55952,0.00155802
469.157,1.55948,0.00155791
468.158,1.55943,0.00155781
467.158,1.55938,0.00155771
466.158,1.55934,0.0015576
465.158,1.55929,0.00155749
464.159,1.55925,0.00155739
463.159,1.5592,0.00155728
462.159,1.55915,0.00155717
461.159,1.55911,0.00155706
460.16,1.55906,0.00155695
459.16,1.55901,0.00155684
458.16,1.55896,0.00155672
457.16,1.55892,0.00155661
456.161,1.55887,0.00155649
455.161,1.55882,0.00155638
454.161,1.55877,0.00155626
453.161,1.55872,0.00155614
452.161,1.55867,0.00155602
451.162,1.55862,0.0015559
450.162,1.55858,0.00155578
449.162,1.55853,0.00155566
448.162,1.55848,0.00155554
447.163,1.55843,0.00155541
446.163,1.55838,0.00155529
445.163,1.55833,0.00155516
444.163,1.55827,0.00155504
443.164,1.55822,0.00155491
442.164,1.55817,0.00155478
441.164,1.55812,0.00155465
440.164,1.55807,0.00155452
439.165,1.55802,0.00155438
438.165,1.55797,0.00155425
437.165,1.55791,0.00155411
436.166,1.55786,0.00155398
435.166,1.55781,0.00155384
434.166,1.55776,0.0015537
433.166,1.5577,0.00155356
432.167,1.55765,0.00155342
431.167,1.5576,0.00155328
430.167,1.55754,0.00155314
429.167,1.55749,0.00155299
428.168,1.55743,0.00155284
427.168,1.55738,0.0015527
426.168,1.55732,0.00155255
425.168,1.55727,0.0015524
424.169,1.55721,0.00155225
423.169,1.55716,0.00155209
422.169,1.5571,0.00155194
421.17,1.55704,0.00155179
420.17,1.55699,0.00155163
419.17,1.55693,0.00155147
418.17,1.55687,0.00155131
417.171,1.55682,0.00155115
416.171,1.55676,0.00155099
415.171,1.5567,0.00155082
414.172,1.55664,0.00155066
413.172,1.55658,0.00155049
412.172,1.55653,0.00155032
411.172,1.55647,0.00155015
410.173,1.55641,0.00154998
409.173,1.55635,0.00154981
408.173,1.55629,0.00154963
407.174,1.55623,0.00154946
406.174,1.55617,0.00154928
405.174,1.55611,0.0015491
404.175,1.55605,0.00154892
403.175,1.55598,0.00154874
402.175,1.55592,0.00154855
401.175,1.55586,0.00154837
400.176,1.5558,0.00154818
399.176,1.55574,0.00154799
398.176,1.55567,0.0015478
397.177,1.55561,0.00154761
396.177,1.55555,0.00154741
395.177,1.55548,0.00154721
394.178,1.55542,0.00154702
393.178,1.55535,0.00154682
392.178,1.55529,0.00154661
391.179,1.55522,0.00154641
390.179,1.55516,0.0015462
389.179,1.55509,0.001546
388.18,1.55502,0.00154579
387.18,1.55496,0.00154557
386.18,1.55489,0.00154536
385.181,1.55482,0.00154514
384.181,1.55476,0.00154493
383.181,1.55469,0.00154471
382.182,1.55462,0.00154448
381.182,1.55455,0.00154426
380.182,1.55448,0.00154403
379.183,1.55441,0.00154381
378.183,1.55434,0.00154358
377.183,1.55427,0.00154334
376.184,1.5542,0.00154311
375.184,1.55413,0.00154287
374.184,1.55406,0.00154263
373.185,1.55399,0.00154239
372.185,1.55392,0.00154214
371.185,1.55384,0.0015419
370.186,1.55377,0.00154165
369.186,1.5537,0.0015414
368.186,1.55362,0.00154114
367.187,1.55355,0.00154089
366.187,1.55348,0.00154063
365.188,1.5534,0.00154037
364.188,1.55333,0.0015401
363.188,1.55325,0.00153984
362.189,1.55317,0.00153957
361.189,1.5531,0.00153929
360.189,1.55302,0.00153902
359.19,1.55294,0.00153874
358.19,1.55286,0.00153846
357.191,1.55279,0.00153818
356.191,1.55271,0.00153789
355.191,1.55263,0.0015376
354.192,1.55255,0.00153731
353.192,1.55247,0.00153702
352.193,1.55239,0.00153672
351.193,1.55231,0.00153642
350.193,1.55223,0.00153612
349.194,1.55214,0.00153581
348.194,1.55206,0.0015355
347.195,1.55198,0.00153519
346.195,1.5519,0.00153487
345.195,1.55181,0.00153455
344.196,1.55173,0.00153423
343.196,1.55164,0.0015339
342.197,1.55156,0.00153357
341.197,1.55147,0.00153324
340.198,1.55139,0.0015329
339.198,1.5513,0.00153256
338.198,1.55121,0.00153222
337.199,1.55112,0.00153187
336.199,1.55104,0.00153152
335.2,1.55095,0.00153117
334.2,1.55086,0.00153081
333.201,1.55077,0.00153045
332.201,1.55068,0.00153009
331.202,1.55059,0.00152972
330.202,1.5505,0.00152934
329.202,1.5504,0.00152897
328.203,1.55031,0.00152858
327.203,1.55022,0.0015282
326.204,1.55012,0.00152781
325.204,1.55003,0.00152742
324.205,1.54993,0.00152702
323.205,1.54984,0.00152661
322.206,1.54974,0.00152621
321.206,1.54965,0.0015258
320.207,1.54955,0.00152538
319.207,1.54945,0.00152496
318.208,1.54935,0.00152454
317.208,1.54925,0.00152411
316.209,1.54915,0.00152367
315.209,1.54905,0.00152323
314.21,1.54895,0.00152279
313.21,1.54885,0.00152234
312.211,1.54875,0.00152189
311.211,1.54864,0.00152143
310.212,1.54854,0.00152097
309.212,1.54844,0.0015205
308.213,1.54833,0.00152002
307.213,1.54822,0.00151954
306.214,1.54812,0.00151906
305.214,1.54801,0.00151857
304.215,1.5479,0.00151807
303.215,1.54779,0.00151757
302.216,1.54769,0.00151706
301.216,1.54758,0.00151655
300.217,1.54746,0.00151603
299.218,1.54735,0.00151551
298.218,1.54724,0.00151498
297.219,1.54713,0.00151444
296.219,1.54701,0.00151389
295.22,1.5469,0.00151334
294.22,1.54678,0.00151279
293.221,1.54667,0.00151223
292.221,1.54655,0.00151166
291.222,1.54643,0.00151108
290.223,1.54632,0.0015105
289.223,1.5462,0.00150991
288.224,1.54608,0.00150931
287.224,1.54595,0.00150871
286.225,1.54583,0.0015081
285.226,1.54571,0.00150748
284.226,1.54559,0.00150685
283.227,1.54546,0.00150622
282.227,1.54534,0.00150558
281.228,1.54521,0.00150493
280.229,1.54508,0.00150427
279.229,1.54496,0.00150361
278.23,1.54483,0.00150293
277.231,1.5447,0.00150225
276.231,1.54457,0.00150156
275.232,1.54443,0.00150087
274.233,1.5443,0.00150016
273.233,1.54417,0.00149944
272.234,1.54403,0.00149872
271.235,1.5439,0.00149799
270.235,1.54376,0.00149724
269.236,1.54362,0.00149649
268.237,1.54348,0.00149573
267.237,1.54334,0.00149496
266.238,1.5432,0.00149418
265.239,1.54306,0.00149339
264.239,1.54292,0.00149259
263.24,1.54278,0.00149178
262.241,1.54263,0.00149096
261.242,1.54248,0.00149012
260.242,1.54234,0.00148928
259.243,1.54219,0.00148843
258.244,1.54204,0.00148756
257.245,1.54189,0.00148669
256.245,1.54174,0.0014858
255.246,1.54158,0.0014849
254.247,1.54143,0.00148399
253.248,1.54127,0.00148307
252.248,1.54112,0.00148213
251.249,1.54096,0.00148118
250.25,1.5408,0.00148022
249.251,1.54064,0.00147925
248.252,1.54048,0.00147826
247.252,1.54031,0.00147726
246.253,1.54015,0.00147625
245.254,1.53998,0.00147522
244.255,1.53981,0.00147418
243.256,1.53965,0.00147312
242.256,1.53948,0.00147205
241.257,1.5393,0.00147097
240.258,1.53913,0.00146987
239.259,1.53896,0.00146875
238.26,1.53878,0.00146762
237.261,1.5386,0.00146647
236.262,1.53842,0.00146531
235.263,1.53824,0.00146413
234.263,1.53806,0.00146293
233.264,1.53788,0.00146172
232.265,1.53769,0.00146049
231.266,1.53751,0.00145924
230.267,1.53732,0.00145797
229.268,1.53713,0.00145669
228.269,1.53694,0.00145538
227.27,1.53674,0.00145406
226.271,1.53655,0.00145272
225.272,1.53635,0.00145136
224.273,1.53615,0.00144998
223.274,1.53595,0.00144857
222.275,1.53575,0.00144715
221.276,1.53555,0.00144571
220.277,1.53534,0.00144424
219.278,1.53513,0.00144275
218.279,1.53493,0.00144124
217.28,1.53471,0.00143971
216.281,1.5345,0.00143815
215.282,1.53429,0.00143657
214.283,1.53407,0.00143497
213.284,1.53385,0.00143334
212.285,1.53363,0.00143168
211.286,1.5334,0.00143
210.288,1.53318,0.0014283
209.289,1.53295,0.00142656
208.29,1.53272,0.0014248
207.291,1.53249,0.00142301
206.292,1.53225,0.0014212
205.293,1.53202,0.00141935
204.294,1.53178,0.00141747
203.296,1.53153,0.00141557
202.297,1.53129,0.00141363
201.298,1.53104,0.00141166
200.299,1.5308,0.00140966
199.3,1.53054,0.00140763
198.302,1.53029,0.00140556
197.303,1.53003,0.00140346
196.304,1.52977,0.00140133
195.306,1.52951,0.00139915
194.307,1.52925,0.00139695
193.308,1.52898,0.0013947
192.31,1.52871,0.00139242
191.311,1.52844,0.0013901
190.312,1.52816,0.00138773
189.314,1.52788,0.00138533
188.315,1.5276,0.00138289
187.316,1.52732,0.0013804
186.318,1.52703,0.00137787
185.319,1.52674,0.0013753
184.321,1.52645,0.00137268
183.322,1.52615,0.00137001
182.324,1.52585,0.0013673
181.325,1.52554,0.00136454
180.327,1.52524,0.00136172
179.328,1.52493,0.00135886
178.33,1.52461,0.00135595
177.331,1.5243,0.00135298
176.333,1.52397,0.00134996
175.334,1.52365,0.00134688
174.336,1.52332,0.00134375
173.338,1.52299,0.00134055
172.339,1.52265,0.0013373
171.341,1.52231,0.00133398
170.343,1.52197,0.00133061
169.344,1.52162,0.00132717
168.346,1.52127,0.00132366
167.348,1.52091,0.00132008
166.35,1.52055,0.00131644
165.351,1.52018,0.00131272
164.353,1.51981,0.00130894
163.355,1.51944,0.00130507
162.357,1.51906,0.00130113
161.359,1.51868,0.00129712
160.361,1.51829,0.00129302
159.363,1.5179,0.00128884
158.365,1.5175,0.00128457
157.367,1.51709,0.00128022
156.369,1.51668,0.00127578
155.371,1.51627,0.00127124
154.373,1.51585,0.00126661
153.375,1.51543,0.00126189
152.377,1.515,0.00125707
151.379,1.51456,0.00125214
150.381,1.51412,0.00124711
149.384,1.51367,0.00124197
148.386,1.51322,0.00123672
147.388,1.51276,0.00123136
146.39,1.51229,0.00122588
145.393,1.51182,0.00122028
144.395,1.51134,0.00121455
143.397,1.51085,0.0012087
142.4,1.51036,0.00120272
141.402,1.50986,0.0011966
140.405,1.50935,0.00119034
139.407,1.50884,0.00118394
138.41,1.50831,0.00117739
137.412,1.50778,0.00117069
136.415,1.50725,0.00116384
135.418,1.5067,0.00115682
134.421,1.50615,0.00114964
133.423,1.50559,0.00114228
132.426,1.50502,0.00113475
131.429,1.50444,0.00112704
130.432,1.50385,0.00111914
129.435,1.50325,0.00111104
128.438,1.50265,0.00110275
127.441,1.50203,0.00109425
126.444,1.5014,0.00108553
125.447,1.50077,0.0010766
124.45,1.50012,0.00106743
123.453,1.49946,0.00105804
122.457,1.4988,0.0010484
121.46,1.49812,0.0010385
120.463,1.49743,0.00102835
119.467,1.49673,0.00101793
118.47,1.49601,0.00100723
117.474,1.49529,0.000996243
116.478,1.49455,0.000984958
115.481,1.4938,0.000973363
114.485,1.49303,0.000961449
113.489,1.49225,0.000949203
112.493,1.49146,0.000936614
111.497,1.49066,0.000923668
110.501,1.48984,0.000910353
109.505,1.489,0.000896654
108.509,1.48815,0.000882557
107.513,1.48728,0.000868047
106.518,1.4864,0.000853108
105.522,1.4855,0.000837723
104.527,1.48458,0.000821875
103.531,1.48364,0.000805544
102.536,1.48269,0.000788713
101.541,1.48171,0.000771361
100.546,1.48072,0.000753465
99.5506,1.47971,0.000735005
98.5557,1.47867,0.000715956
97.5609,1.47762,0.000696294
96.5662,1.47654,0.000675993
95.5716,1.47544,0.000655025
94.5771,1.47432,0.000633361
93.5828,1.47317,0.00061097
92.5886,1.47199,0.000587821
91.5945,1.4708,0.00056388
90.6005,1.46957,0.000539111
89.6067,1.46832,0.000513476
88.6131,1.46703,0.000486934
87.6195,1.46572,0.000459444
86.6262,1.46438,0.00043096
85.6329,1.46301,0.000401435
84.6399,1.4616,0.000370819
83.647,1.46016,0.000339058
82.6543,1.45868,0.000306096
81.6618,1.45717,0.000271872
80.6695,1.45562,0.000236322
79.6773,1.45403,0.000199378
78.6854,1.45239,0.000160968
77.6937,1.45072,0.000121015
76.7022,1.449,7.94353e-05
75.711,1.44724,3.61422e-05
74.72,1.44542,-8.95842e-06
73.7292,1.44356,-5.59667e-05
72.7387,1.44165,-0.00010499
71.7485,1.43968,-0.000156143
70.7586,1.43765,-0.000209548
69.769,1.43557,-0.000265338
68.7797,1.43342,-0.000323653
67.7907,1.43121,-0.000384647
66.8021,1.42893,-0.000448482
65.8138,1.42658,-0.000515335
64.8259,1.42415,-0.000585396
63.8385,1.42165,-0.000658869
62.8514,1.41907,-0.000735977
61.8648,1.4164,-0.000816957
60.8787,1.41364,-0.00090207
59.893,1.41079,-0.000991596
58.9079,1.40784,-0.00108584
57.9233,1.40478,-0.00118513
56.9393,1.40161,-0.00128984
55.9559,1.39833,-0.00140034
54.9732,1.39492,-0.00151708
53.9912,1.39138,-0.00164052
53.0099,1.38771,-0.00177117
52.0294,1.38389,-0.00190959
51.0497,1.37991,-0.00205641
50.071,1.37577,-0.0022123
49.0932,1.37146,-0.002378
48.1164,1.36696,-0.00255435
47.1407,1.36226,-0.00274224
46.1662,1.35735,-0.0029427
45.193,1.35221,-0.00315683
44.2211,1.34683,-0.00338588
43.2508,1.34119,-0.00363124
42.282,1.33527,-0.00389444
41.315,1.32906,-0.00417722
40.3499,1.32251,-0.0044815
39.3869,1.31562,-0.00480946
38.4262,1.30835,-0.00516353
37.4679,1.30067,-0.00554647
36.5124,1.29255,-0.00596138
35.5599,1.28394,-0.00641178
34.6108,1.27481,-0.00690167
33.6654,1.26509,-0.00743557
32.7241,1.25475,-0.00801865
31.7875,1.24371,-0.00865679
30.8562,1.23191,-0.00935673
29.9307,1.21926,-0.0101261
29.0119,1.20569,-0.0109738
28.1006,1.19108,-0.0119098
27.1981,1.17532,-0.0129456
26.3054,1.15829,-0.0140942
25.4243,1.13983,-0.0153705
24.5563,1.11979,-0.0167913
23.7036,1.09797,-0.0183751
22.8688,1.07418,-0.0201425
22.0548,1.04818,-0.0221157
21.265,1.01975,-0.0243179
20.5033,0.988626,-0.0267722
19.7743,0.954569,-0.0295002
19.0828,0.91735,-0.0325196
18.4341,0.876782,-0.0358416
17.8334,0.832752,-0.0394673
17.2856,0.78524,-0.0433855
16.7948,0.73435,-0.0475703
16.3639,0.680311,-0.0519815
15.9943,0.623475,-0.0565663
15.6861,0.564283,-0.0612622
15.4377,0.503229,-0.0660001
15.2469,0.440815,-0.0707047
15.1107,0.377523,-0.0752884
15.0262,0.313791,-0.0796345
14.9907,0.250005,-0.0835501
15.002,0.186501,-0.0866266
15.0583,0.123575,-0.0876836
15.1587,0.0614922,-0.0808441
15.3026,0.000587747,31.2769
15.5781,14.759,72.5602
15.9407,28.0111,72.5542
16.3184,38.8751,72.5499
16.8676,51.5576,72.5441
17.3722,61.123,72.5554
17.9117,69.853,72.5519
18.5328,78.5065,72.5482
19.0773,85.1444,72.5555
19.678,91.6637,72.5531
20.3326,97.9932,72.5507
20.9881,103.67,72.5495
21.6823,109.07,73.4948
22.5011,114.789,73.4927
23.3454,120.074,73.4908
24.1119,124.421,73.4898
24.9489,128.749,73.4908
25.8025,132.779,73.4912
26.6288,136.359,73.4901
27.4625,139.699,74.8008
28.307,142.839,74.801
29.1603,145.783,74.8234
30.0257,148.561,74.8227
30.9143,151.219,74.822
31.8266,153.765,74.8216
32.7334,156.131,74.8211
33.6196,158.299,74.8212
34.5324,160.398,74.8208
35.462,162.41,74.8204
36.3609,164.244,74.8314
37.3041,166.061,74.831
38.217,167.725,74.8307
39.1609,169.354,74.8303
40.0832,170.864,74.8301
41.0359,172.345,74.8298
41.9588,173.709,74.8296
42.9226,175.066,74.8294
43.8512,176.312,74.8293
44.8076,177.537,74.8291
45.7643,178.707,74.8289
46.6998,179.801,74.8289
47.6697,180.886,74.8287
48.6271,181.913,74.8285
49.5694,182.882,74.8285
50.5406,183.84,74.8284
51.5104,184.759,74.8282
52.4583,185.622,74.8283
53.4196,186.464,74.8282
54.4003,187.291,74.828
55.3678,188.077,74.8279
56.3216,188.824,74.8304
57.2881,189.554,74.8303
58.2712,190.271,74.8302
59.2484,190.959,74.8301
60.2107,191.613,74.8316
61.1732,192.247,74.8332
62.1503,192.868,74.8331
63.1368,193.476,74.833
64.1172,194.061,74.833
65.0862,194.621,74.833
66.0525,195.162,74.8332
67.0271,195.692,74.8331
68.0126,196.211,74.833
69.0013,196.717,74.833
69.9841,197.206,74.8329
70.9586,197.676,74.8329
71.9298,198.132,74.8454
72.905,198.577,74.8454
73.8882,199.013,74.8454
74.8778,199.441,74.8453
75.8684,199.857,74.8453
76.8549,200.261,74.8452
77.8354,200.652,74.8452
78.8122,201.031,74.8458
79.7891,201.401,74.8464
80.7699,201.764,74.8464
81.7562,202.119,74.8464
82.7472,202.467,74.8463
83.7399,202.808,74.8463
84.7313,203.14,74.8463
85.7192,203.463,74.8462
86.7033,203.777,74.8462
87.6848,204.083,74.8462
88.6658,204.382,74.8482
89.6484,204.675,74.8482
90.6342,204.962,74.8482
91.6236,205.245,74.8481
92.6161,205.521,74.8481
93.6102,205.793,74.8481
94.6043,206.058,74.8481
95.597,206.318,74.8481
96.5875,206.571,74.848
97.5756,206.819,74.848
98.5618,207.061,74.848
99.5469,207.298,74.8482
100.532,207.531,74.8486
101.518,207.759,74.8486
102.507,207.983,74.8486
103.497,208.203,74.8486
104.489,208.419,74.8486
105.484,208.632,74.8486
106.479,208.841,74.8486
107.475,209.046,74.8485
108.47,209.247,74.8485
109.464,209.444,74.8485
110.457,209.638,74.8485
111.449,209.827,74.8485
112.439,210.013,74.8485
113.429,210.196,74.8485
114.418,210.375,74.8485
115.407,210.551,74.8504
116.396,210.724,74.8505
117.386,210.895,74.8505
118.376,211.062,74.8505
119.369,211.227,74.8505
120.362,211.39,74.8505
121.356,211.55,74.8505
122.352,211.707,74.8505
123.348,211.862,74.8505
124.345,212.015,74.8505
125.342,212.165,74.8505
126.338,212.313,74.8505
127.335,212.458,74.8505
128.33,212.601,74.8505
129.325,212.742,74.8504
130.32,212.88,74.8504
131.313,213.016,74.8504
132.306,213.151,74.8504
133.299,213.282,74.8504
134.291,213.412,74.8504
135.283,213.54,74.8505
136.275,213.667,74.8518
137.267,213.791,74.852
138.259,213.914,74.852
139.252,214.034,74.852
140.246,214.154,74.852
141.24,214.271,74.852
142.234,214.387,74.852
143.229,214.502,74.852
144.225,214.615,74.852
145.222,214.726,74.852
146.219,214.836,74.852
147.216,214.944,74.852
148.214,215.051,74.852
149.211,215.157,74.852
150.209,215.261,74.852
151.207,215.364,74.852
152.205,215.466,74.852
153.202,215.566,74.852
154.199,215.665,74.852
155.196,215.762,74.852
156.193,215.858,74.852
157.189,215.953,74.852
158.185,216.047,74.8519
159.181,216.139,74.8519
160.176,216.231,74.8519
161.171,216.321,74.8519
162.166,216.41,74.8519
163.161,216.498,74.8519
164.155,216.585,74.852
165.15,216.67,74.852
166.144,216.755,74.8527
167.139,216.839,74.8539
168.134,216.922,74.854
169.129,217.003,74.854
170.124,217.084,74.854
171.119,217.164,74.854
172.115,217.243,74.854
173.11,217.321,74.854
174.107,217.399,74.854
175.103,217.475,74.854
176.1,217.551,74.854
177.096,217.625,74.854
178.094,217.699,74.854
179.091,217.772,74.854
180.089,217.844,74.854
181.087,217.916,74.854
182.085,217.987,74.854
183.083,218.057,74.854
184.081,218.126,74.854
185.08,218.194,74.854
186.078,218.262,74.854
187.077,218.329,74.854
188.075,218.395,74.854
189.074,218.461,74.854
190.073,218.526,74.854
191.071,218.59,74.854
192.07,218.653,74.854
193.068,218.716,74.854
194.066,218.778,74.854
195.064,218.84,74.854
196.062,218.901,74.854
197.06,218.961,74.854
198.058,219.021,74.854
199.056,219.08,74.854
200.053,219.139,74.854
201.051,219.196,74.854
202.048,219.254,74.854
203.045,219.31,74.854
204.042,219.367,74.854
205.039,219.422,74.854
206.036,219.477,74.854
207.033,219.532,74.854
208.03,219.586,74.854
209.027,219.639,74.854
210.024,219.692,74.854
211.02,219.745,74.854
212.017,219.797,74.854
213.014,219.848,74.8541
214.01,219.899,74.8548
215.007,219.95,74.857
216.004,220,74.8571
217.001,220.05,74.8572
217.998,220.099,74.8572
218.995,220.147,74.8572
219.992,220.196,74.8572
220.989,220.244,74.8572
221.986,220.291,74.8572
222.983,220.338,74.8572
223.981,220.385,74.8572
224.978,220.431,74.8572
225.976,220.476,74.8572
226.973,220.522,74.8572
227.971,220.567,74.8572
228.969,220.611,74.8572
229.967,220.656,74.8572
230.965,220.699,74.8572
231.963,220.743,74.8572
232.962,220.786,74.8572
233.96,220.829,74.8572
234.959,220.871,74.8572
235.957,220.913,74.8572
236.956,220.955,74.8572
237.954,220.996,74.8572
238.953,221.037,74.8572
239.952,221.078,74.8572
240.951,221.118,74.8572
241.95,221.158,74.8572
242.949,221.197,74.8572
243.948,221.237,74.8572
244.947,221.276,74.8572
245.946,221.314,74.8572
246.945,221.353,74.8572
247.945,221.391,74.8572
248.944,221.428,74.8572
249.943,221.466,74.8572
250.942,221.503,74.8572
251.941,221.54,74.8572
252.941,221.576,74.8572
253.94,221.613,74.8572
254.939,221.649,74.8572
255.938,221.684,74.8572
256.937,221.72,74.8572
257.937,221.755,74.8572
258.936,221.79,74.8572
259.935,221.824,74.8572
260.934,221.859,74.8572
261.933,221.893,74.8572
262.932,221.927,74.8572
263.931,221.96,74.8572
264.93,221.993,74.8572
265.929,222.026,74.8572
266.928,222.059,74.8572
267.927,222.092,74.8572
268.925,222.124,74.8572
269.924,222.156,74.8572
270.923,222.188,74.8572
271.922,222.22,74.8571
272.921,222.251,74.8571
273.919,222.282,74.8571
274.918,222.313,74.8571
275.916,222.344,74.8571
276.915,222.374,74.8571
277.914,222.404,74.8571
278.912,222.434,74.8571
279.911,222.464,74.8571
280.909,222.494,74.8571
281.908,222.523,74.8571
282.906,222.552,74.8571
283.904,222.581,74.8571
284.903,222.61,74.8571
285.901,222.639,74.8571
286.899,222.667,74.8571
287.898,222.695,74.8572
288.896,222.723,74.8572
289.895,222.751,74.8572
290.893,222.778,74.8572
291.891,222.806,74.8572
292.889,222.833,74.8572
293.888,222.86,74.8572
294.886,222.887,74.8572
295.884,222.913,74.8572
296.883,222.94,74.8572
297.881,222.966,74.8572
298.879,222.992,74.8573
299.878,223.018,74.8574
300.876,223.044,74.8582
301.874,223.07,74.8687
302.873,223.095,74.869
303.871,223.12,74.8691
304.87,223.146,74.8691
305.868,223.17,74.8692
306.866,223.195,74.8692
307.865,223.22,74.8692
308.863,223.244,74.8692
309.862,223.269,74.8692
310.86,223.293,74.8692
311.859,223.317,74.8692
312.857,223.341,74.8692
313.856,223.364,74.8692
314.855,223.388,74.8692
315.853,223.411,74.8692
316.852,223.434,74.8692
317.85,223.458,74.8692
318.849,223.48,74.8692
319.848,223.503,74.8692
320.847,223.526,74.8692
321.845,223.548,74.8692
322.844,223.571,74.8692
323.843,223.593,74.8692
324.842,223.615,74.8692
325.841,223.637,74.8692
326.84,223.659,74.8692
327.838,223.681,74.8692
328.837,223.702,74.8692
329.836,223.724,74.8692
330.835,223.745,74.8692
331.834,223.766,74.8692
332.833,223.787,74.8692
333.832,223.808,74.8692
334.832,223.829,74.8692
335.831,223.85,74.8692
336.83,223.87,74.8692
337.829,223.891,74.8692
338.828,223.911,74.8692
339.827,223.931,74.8692
340.827,223.951,74.8692
341.826,223.971,74.8692
342.825,223.991,74.8692
343.824,224.011,74.8692
344.824,224.031,74.8692
345.823,224.05,74.8692
346.822,224.07,74.8692
347.822,224.089,74.8692
348.821,224.108,74.8692
349.821,224.127,74.8692
350.82,224.146,74.8692
351.819,224.165,74.8692
352.819,224.184,74.8692
353.818,224.202,74.8692
354.818,224.221,74.8692
355.817,224.239,74.8692
356.817,224.258,74.8692
357.816,224.276,74.8692
358.816,224.294,74.8692
359.815,224.312,74.8692
360.815,224.33,74.8692
361.814,224.348,74.8692
362.814,224.365,74.8692
363.814,224.383,74.8692
364.813,224.401,74.8692
365.813,224.418,74.8692
366.812,224.435,74.8692
367.812,224.453,74.8692
368.812,224.47,74.8692
369.811,224.487,74.8692
370.811,224.504,74.8692
371.811,224.521,74.8692
372.81,224.538,74.8692
373.81,224.554,74.8692
374.809,224.571,74.8692
375.809,224.587,74.8692
376.809,224.604,74.8692
377.808,224.62,74.8692
378.808,224.636,74.8692
379.808,224.653,74.8692
380.807,224.669,74.8692
381.807,224.685,74.8692
382.807,224.701,74.8692
383.806,224.716,74.8692
384.806,224.732,74.8692
385.806,224.748,74.8692
386.805,224.763,74.8692
387.805,224.779,74.8692
388.805,224.794,74.8692
389.804,224.81,74.8692
390.804,224.825,74.8692
391.804,224.84,74.8692
392.803,224.855,74.8692
393.803,224.87,74.8692
394.802,224.885,74.8692
395.802,224.9,74.8692
396.802,224.915,74.8692
397.801,224.93,74.8692
398.801,224.944,74.8692
399.801,224.959,74.8692
400.8,224.974,74.8692
401.8,224.988,74.8692
402.799,225.002,74.8692
403.799,225.017,74.8692
404.799,225.031,74.8692
405.798,225.045,74.8692
406.798,225.059,74.8692
407.797,225.073,74.8692
408.797,225.087,74.8692
409.797,225.101,74.8692
410.796,225.115,74.8692
411.796,225.129,74.8692
412.795,225.142,74.8692
413.795,225.156,74.8692
414.794,225.17,74.8692
415.794,225.183,74.8692
416.794,225.196,74.8692
417.793,225.21,74.8692
418.793,225.223,74.8692
419.792,225.236,74.8692
420.792,225.249,74.8692
421.791,225.263,74.8692
422.791,225.276,74.8692
423.79,225.289,74.8692
424.79,225.302,74.8692
425.789,225.314,74.8692
426.789,225.327,74.8692
427.788,225.34,74.8692
428.788,225.353,74.8692
429.787,225.365,74.8692
430.787,225.378,74.8692
431.786,225.39,74.8692
432.786,225.403,74.8692
433.785,225.415,74.8692
434.785,225.428,74.8692
435.784,225.44,74.8692
436.784,225.452,74.8692
437.783,225.464,74.8692
438.782,225.476,74.8692
439.782,225.488,74.8692
440.781,225.5,74.8692
441.781,225.512,74.8692
442.78,225.524,74.8692
443.78,225.536,74.8692
444.779,225.548,74.8692
445.779,225.56,74.8692
446.778,225.571,74.8692
447.777,225.583,74.8692
448.777,225.594,74.8692
449.776,225.606,74.8692
450.776,225.617,74.8692
451.775,225.629,74.8692
452.774,225.64,74.8692
453.774,225.652,74.8692
454.773,225.663,74.8692
455.773,225.674,74.8692
456.772,225.685,74.8692
457.771,225.696,74.8692
458.771,225.707,74.8692
459.77,225.718,74.8692
460.77,225.729,74.8692
461.769,225.74,74.8692
462.768,225.751,74.8692
463.768,225.762,74.8692
464.767,225.773,74.8692
465.767,225.784,74.8692
466.766,225.794,74.8692
467.765,225.805,74.8692
468.765,225.816,74.8692
469.764,225.826,74.8692
470.763,225.837,74.8692
471.763,225.847,74.8692
472.762,225.857,74.8692
473.762,225.868,74.8692
474.761,225.878,74.8692
475.76,225.889,74.8692
476.76,225.899,74.8692
477.759,225.909,74.8692
478.758,225.919,74.8692
479.758,225.929,74.8692
480.757,225.939,74.8692
481.757,225.949,74.8692
482.756,225.959,74.8692
483.755,225.969,74.8692
484.755,225.979,74.8692
485.754,225.989,74.8692
486.754,225.999,74.8692
487.753,226.009,74.8692
488.752,226.019,74.8692
489.752,226.028,74.8692
490.751,226.038,74.8692
491.75,226.048,74.8692
492.75,226.057,74.8692
493.749,226.067,74.8692
494.749,226.076,74.8692
495.748,226.086,74.8692
496.747,226.095,74.8692
497.747,226.105,74.8693
498.746,226.114,74.8693
499.746,226.123,74.8693
500.745,226.133,74.8693
501.744,226.142,74.8693
502.744,226.151,74.8694
503.743,226.16,74.8694
504.743,226.169,74.8695
505.742,226.178,74.8697
506.742,226.188,74.8704
507.741,226.197,74.8819
508.74,226.206,74.8867
509.74,226.215,74.8871
510.739,226.223,74.8872
511.739,226.232,74.8873
512.738,226.241,74.8873
513.737,226.25,74.8874
514.737,226.259,74.8874
515.736,226.268,74.8874
516.736,226.276,74.8874
517.735,226.285,74.8874
518.735,226.294,74.8874
519.734,226.302,74.8874
520.734,226.311,74.8875
521.733,226.319,74.8875
522.733,226.328,74.8875
523.732,226.337,74.8875
524.731,226.345,74.8875
525.731,226.353,74.8875
526.73,226.362,74.8875
527.73,226.37,74.8875
528.729,226.379,74.8875
529.729,226.387,74.8875
530.728,226.395,74.8875
531.728,226.403,74.8875
532.727,226.412,74.8875
533.727,226.42,74.8875
534.726,226.428,74.8875
535.726,226.436,74.8875
536.725,226.444,74.8875
537.725,226.452,74.8875
538.724,226.46,74.8875
539.724,226.468,74.8875
540.723,226.476,74.8875
541.723,226.484,74.8875
542.722,226.492,74.8875
543.722,226.5,74.8875
544.721,226.508,74.8875
545.721,226.516,74.8875
546.72,226.523,74.8875
547.72,226.531,74.8875
548.719,226.539,74.8875
549.719,226.547,74.8875
550.719,226.554,74.8875
551.718,226.562,74.8875
552.718,226.57,74.8875
553.717,226.577,74.8875
554.717,226.585,74.8875
555.716,226.592,74.8875
556.716,226.6,74.8875
557.715,226.607,74.8875
558.715,226.615,74.8875
559.715,226.622,74.8875
560.714,226.63,74.8875
561.714,226.637,74.8875
562.713,226.644,74.8875
563.713,226.652,74.8875
564.713,226.659,74.8875
565.712,226.666,74.8875
566.712,226.673,74.8875
567.711,226.681,74.8875
568.711,226.688,74.8875
569.711,226.695,74.8875
570.71,226.702,74.8875
571.71,226.709,74.8875
572.709,226.716,74.8875
573.709,226.724,74.8875
574.709,226.731,74.8875
575.708,226.738,74.8875
576.708,226.745,74.8875
577.708,226.752,74.8875
578.707,226.759,74.8875
579.707,226.765,74.8875
580.706,226.772,74.8875
581.706,226.779,74.8875
582.706,226.786,74.8875
583.705,226.793,74.8875
584.705,226.8,74.8875
585.705,226.807,74.8875
586.704,226.813,74.8875
587.704,226.82,74.8875
588.704,226.827,74.8875
589.703,226.834,74.8875
590.703,226.84,74.8875
591.703,226.847,74.8875
592.702,226.853,74.8875
593.702,226.86,74.8875
594.702,226.867,74.8875
595.701,226.873,74.8875
596.701,226.88,74.8875
597.701,226.886,74.8875
598.701,226.893,74.8875
599.7,226.899,74.8875
600.7,226.906,74.8875
601.7,226.912,74.8875
602.699,226.919,74.8875
603.699,226.925,74.8875
604.699,226.931,74.8875
605.699,226.938,74.8875
606.698,226.944,74.8875
607.698,226.95,74.8875
608.698,226.957,74.8875
609.697,226.963,74.8875
610.697,226.969,74.8875
611.697,226.975,74.8875
612.697,226.982,74.8875
613.696,226.988,74.8875
614.696,226.994,74.8875
615.696,227,74.8875
616.696,227.006,74.8875
617.695,227.012,74.8875
618.695,227.018,74.8875
619.695,227.024,74.8875
620.695,227.031,74.8875
621.694,227.037,74.8875
622.694,227.043,74.8875
623.694,227.049,74.8875
624.694,227.055,74.8875
625.693,227.06,74.8875
626.693,227.066,74.8875
627.693,227.072,74.8875
628.693,227.078,74.8875
629.692,227.084,74.8875
630.692,227.09,74.8875
631.692,227.096,74.8875
632.692,227.102,74.8875
633.692,227.107,74.8875
634.691,227.113,74.8875
635.691,227.119,74.8875
636.691,227.125,74.8875
637.691,227.13,74.8875
638.69,227.136,74.8875
639.69,227.142,74.8875
640.69,227.147,74.8875
641.69,227.153,74.8875
642.69,227.159,74.8875
643.689,227.164,74.8875
644.689,227.17,74.8875
645.689,227.176,74.8875
646.689,227.181,74.8875
647.689,227.187,74.8875
648.689,227.192,74.8875
649.688,227.198,74.8875
650.688,227.203,74.8875
651.688,227.209,74.8875
652.688,227.214,74.8875
653.688,227.22,74.8875
654.687,227.225,74.8875
655.687,227.231,74.8875
656.687,227.236,74.8875
657.687,227.241,74.8875
658.687,227.247,74.8875
659.687,227.252,74.8875
660.686,227.257,74.8875
661.686,227.263,74.8875
662.686,227.268,74.8875
663.686,227.273,74.8875
664.686,227.279,74.8875
665.686,227.284,74.8875
666.685,227.289,74.8875
667.685,227.294,74.8875
668.685,227.3,74.8875
669.685,227.305,74.8875
670.685,227.31,74.8875
671.685,227.315,74.8875
672.684,227.32,74.8875
673.684,227.325,74.8875
674.684,227.33,74.8875
675.684,227.336,74.8875
676.684,227.341,74.8875
677.684,227.346,74.8875
678.684,227.351,74.8875
679.683,227.356,74.8875
680.683,227.361,74.8875
681.683,227.366,74.8875
682.683,227.371,74.8875
683.683,227.376,74.8875
684.683,227.381,74.8875
685.683,227.386,74.8875
686.682,227.391,74.8875
687.682,227.396,74.8875
688.682,227.401,74.8875
689.682,227.405,74.8875
690.682,227.41,74.8875
691.682,227.415,74.8875
692.682,227.42,74.8875
693.682,227.425,74.8875
694.681,227.43,74.8875
695.681,227.435,74.8875
696.681,227.439,74.8875
697.681,227.444,74.8875
698.681,227.449,74.8875
699.681,227.454,74.8875
700.681,227.458,74.8875
701.681,227.463,74.8875
702.68,227.468,74.8875
703.68,227.473,74.8875
704.68,227.477,74.8875
705.68,227.482,74.8875
706.68,227.487,74.8875
707.68,227.491,74.8875
708.68,227.496,74.8875
709.68,227.5,74.8875
710.68,227.505,74.8875
711.679,227.51,74.8875
712.679,227.514,74.8875
713.679,227.519,74.8875
714.679,227.523,74.8875
715.679,227.528,74.8875
716.679,227.532,74.8875
717.679,227.537,74.8875
718.679,227.542,74.8875
719.679,227.546,74.8875
720.678,227.55,74.8875
721.678,227.555,74.8875
722.678,227.559,74.8875
723.678,227.564,74.8875
724.678,227.568,74.8875
725.678,227.573,74.8875
726.678,227.577,74.8875
727.678,227.582,74.8875
728.678,227.586,74.8875
729.678,227.59,74.8875
730.677,227.595,74.8875
731.677,227.599,74.8875
732.677,227.603,74.8875
733.677,227.608,74.8875
734.677,227.612,74.8875
735.677,227.616,74.8875
736.677,227.621,74.8875
737.677,227.625,74.8875
738.677,227.629,74.8875
739.677,227.633,74.8875
740.676,227.638,74.8875
741.676,227.642,74.8875
742.676,227.646,74.8875
743.676,227.65,74.8875
744.676,227.655,74.8875
745.676,227.659,74.8875
746.676,227.663,74.8875
747.676,227.667,74.8875
748.676,227.671,74.8875
749.676,227.675,74.8875
750.676,227.679,74.8875
751.675,227.684,74.8875
752.675,227.688,74.8875
753.675,227.692,74.8875
754.675,227.696,74.8875
755.675,227.7,74.8875
756.675,227.704,74.8875
757.675,227.708,74.8875
758.675,227.712,74.8875
759.675,227.716,74.8875
760.675,227.72,74.8875
761.675,227.724,74.8875
762.675,227.728,74.8875
763.674,227.732,74.8875
764.674,227.736,74.8875
765.674,227.74,74.8875
766.674,227.744,74.8875
767.674,227.748,74.8875
768.674,227.752,74.8875
769.674,227.756,74.8875
770.674,227.76,74.8875
771.674,227.764,74.8875
772.674,227.768,74.8875
773.674,227.772,74.8875
774.674,227.775,74.8875
775.673,227.779,74.8875
776.673,227.783,74.8875
777.673,227.787,74.8875
778.673,227.791,74.8875
779.673,227.795,74.8875
780.673,227.799,74.8875
781.673,227.802,74.8875
782.673,227.806,74.8875
783.673,227.81,74.8875
784.673,227.814,74.8875
785.673,227.818,74.8875
786.673,227.821,74.8875
787.672,227.825,74.8875
788.672,227.829,74.8875
789.672,227.833,74.8875
790.672,227.836,74.8875
791.672,227.84,74.8875
792.672,227.844,74.8875
793.672,227.847,74.8875
794.672,227.851,74.8875
795.672,227.855,74.8875
796.672,227.858,74.8875
797.672,227.862,74.8875
798.672,227.866,74.8875
799.671,227.869,74.8875
800.671,227.873,74.8875
801.671,227.877,74.8875
802.671,227.88,74.8875
803.671,227.884,74.8875
804.671,227.887,74.8875
805.671,227.891,74.8875
806.671,227.895,74.8875
807.671,227.898,74.8875
808.671,227.902,74.8875
809.671,227.905,74.8875
810.671,227.909,74.8875
811.671,227.912,74.8875
812.67,227.916,74.8875
813.67,227.919,74.8875
814.67,227.923,74.8875
815.67,227.926,74.8875
816.67,227.93,74.8875
817.67,227.933,74.8875
818.67,227.937,74.8875
819.67,227.94,74.8875
820.67,227.944,74.8875
821.67,227.947,74.8875
822.67,227.951,74.8875
823.67,227.954,74.8875
824.67,227.958,74.8875
825.669,227.961,74.8875
826.669,227.964,74.8875
827.669,227.968,74.8875
828.669,227.971,74.8875
829.669,227.975,74.8875
830.669,227.978,74.8875
831.669,227.981,74.8875
832.669,227.985,74.8875
833.669,227.988,74.8875
834.669,227.991,74.8875
835.669,227.995,74.8875
836.669,227.998,74.8875
837.668,228.001,74.8875
838.668,228.005,74.8875
839.668,228.008,74.8875
840.668,228.011,74.8875
841.668,228.014,74.8875
842.668,228.018,74.8875
843.668,228.021,74.8875
844.668,228.024,74.8875
845.668,228.028,74.8875
846.668,228.031,74.8875
847.668,228.034,74.8875
848.668,228.037,74.8875
849.668,228.041,74.8875
850.667,228.044,74.8875
851.667,228.047,74.8875
852.667,228.05,74.8875
853.667,228.053,74.8875
854.667,228.057,74.8875
855.667,228.06,74.8875
856.667,228.063,74.8875
857.667,228.066,74.8875
858.667,228.069,74.8875
859.667,228.072,74.8875
860.667,228.075,74.8875
861.667,228.079,74.8875
862.667,228.082,74.8875
863.666,228.085,74.8875
864.666,228.088,74.8875
865.666,228.091,74.8875
866.666,228.094,74.8875
867.666,228.097,74.8875
868.666,228.1,74.8875
869.666,228.103,74.8875
870.666,228.107,74.8875
871.666,228.11,74.8875
872.666,228.113,74.8875
873.666,228.116,74.8875
874.666,228.119,74.8875
875.665,228.122,74.8875
876.665,228.125,74.8875
877.665,228.128,74.8875
878.665,228.131,74.8875
879.665,228.134,74.8875
880.665,228.137,74.8875
881.665,228.14,74.8875
882.665,228.143,74.8875
883.665,228.146,74.8875
884.665,228.149,74.8875
885.665,228.152,74.8875
886.665,228.155,74.8875
887.664,228.158,74.8875
888.664,228.161,74.8875
889.664,228.164,74.8875
890.664,228.167,74.8875
891.664,228.169,74.8875
892.664,228.172,74.8875
893.664,228.175,74.8875
894.664,228.178,74.8875
895.664,228.181,74.8875
896.664,228.184,74.8875
897.664,228.187,74.8875
898.664,228.19,74.8875
899.664,228.193,74.8875
900.663,228.196,74.8875
901.663,228.198,74.8875
902.663,228.201,74.8875
903.663,228.204,74.8875
904.663,228.207,74.8875
905.663,228.21,74.8875
906.663,228.213,74.8875
907.663,228.215,74.8875
908.663,228.218,74.8875
909.663,228.221,74.8875
910.663,228.224,74.8875
911.663,228.227,74.8875
912.662,228.229,74.8875
913.662,228.232,74.8875
914.662,228.235,74.8875
915.662,228.238,74.8875
916.662,228.241,74.8875
917.662,228.243,74.8875
918.662,228.246,74.8875
919.662,228.249,74.8875
920.662,228.252,74.8875
921.662,228.254,74.8875
922.662,228.257,74.8875
923.661,228.26,74.8875
924.661,228.263,74.8875
925.661,228.265,74.8875
926.661,228.268,74.8875
927.661,228.271,74.8875
928.661,228.273,74.8875
929.661,228.276,74.8875
930.661,228.279,74.8875
931.661,228.281,74.8875
932.661,228.284,74.8875
933.661,228.287,74.8875
934.661,228.289,74.8875
935.66,228.292,74.8875
936.66,228.295,74.8875
937.66,228.297,74.8875
938.66,228.3,74.8875
939.66,228.303,74.8875
940.66,228.305,74.8875
941.66,228.308,74.8875
942.66,228.311,74.8875
943.66,228.313,74.8875
944.66,228.316,74.8875
945.66,228.318,74.8875
946.66,228.321,74.8875
947.659,228.324,74.8875
948.659,228.326,74.8875
949.659,228.329,74.8875
950.659,228.331,74.8875
951.659,228.334,74.8875
952.659,228.336,74.8875
953.659,228.339,74.8875
954.659,228.342,74.8875
955.659,228.344,74.8875
956.659,228.347,74.8875
957.659,228.349,74.8875
958.658,228.352,74.8875
959.658,228.354,74.8875
960.658,228.357,74.8875
961.658,228.359,74.8875
962.658,228.362,74.8875
963.658,228.364,74.8875
964.658,228.367,74.8875
965.658,228.369,74.8875
966.658,228.372,74.8875
967.658,228.374,74.8875
968.658,228.377,74.8875
969.658,228.379,74.8875
970.657,228.382,74.8875
971.657,228.384,74.8875
972.657,228.387,74.8875
973.657,228.389,74.8875
974.657,228.392,74.8875
975.657,228.394,74.8875
976.657,228.396,74.8875
977.657,228.399,74.8875
978.657,228.401,74.8875
979.657,228.404,74.8875
980.657,228.406,74.8875
981.656,228.409,74.8875
982.656,228.411,74.8875
983.656,228.413,74.8875
984.656,228.416,74.8875
985.656,228.418,74.8875
986.656,228.421,74.8875
987.656,228.423,74.8875
988.656,228.425,74.8875
989.656,228.428,74.8875
990.656,228.43,74.8875
991.656,228.432,74.8875
992.655,228.435,74.8875
993.655,228.437,74.8875
994.655,228.44,74.8875
995.655,228.442,74.8875
996.655,228.444,74.8875
997.655,228.447,74.8875
998.655,228.449,74.8875
999.655,228.451,74.8875
1000.65,228.454,74.8875
1001.65,228.456,74.8875
1002.65,228.458,74.8875
1003.65,228.461,74.8875
