999.001,1.57079,0.0015708
998.001,1.57078,0.0015708
997.001,1.57077,0.0015708
996.001,1.57076,0.0015708
995.001,1.57075,0.0015708
994.002,1.57074,0.0015708
993.002,1.57073,0.0015708
992.002,1.57072,0.0015708
991.002,1.57071,0.0015708
990.002,1.5707,0.0015708
989.002,1.57069,0.0015708
988.002,1.57067,0.0015708
987.002,1.57066,0.0015708
986.002,1.57065,0.0015708
985.002,1.57064,0.0015708
984.002,1.57063,0.0015708
983.002,1.57062,0.0015708
982.002,1.57061,0.0015708
981.002,1.5706,0.0015708
980.002,1.57059,0.0015708
979.002,1.57058,0.0015708
978.002,1.57057,0.0015708
977.002,1.57056,0.0015708
976.002,1.57055,0.0015708
975.003,1.57054,0.0015708
974.003,1.57053,0.0015708
973.003,1.57052,0.0015708
972.003,1.57051,0.0015708
971.003,1.5705,0.0015708
970.003,1.57049,0.0015708
969.003,1.57048,0.0015708
968.003,1.57047,0.0015708
967.003,1.57046,0.0015708
966.003,1.57044,0.0015708
965.003,1.57043,0.0015708
964.003,1.57042,0.0015708
963.003,1.57041,0.0015708
962.003,1.5704,0.0015708
961.003,1.57039,0.0015708
960.003,1.57038,0.0015708
959.003,1.57037,0.0015708
958.003,1.57036,0.0015708
957.003,1.57035,0.0015708
956.004,1.57034,0.0015708
955.004,1.57033,0.0015708
954.004,1.57031,0.0015708
953.004,1.5703,0.0015708
952.004,1.57029,0.0015708
951.004,1.57028,0.0015708
950.004,1.57027,0.0015708
949.004,1.57026,0.0015708
948.004,1.57025,0.0015708
947.004,1.57024,0.0015708
946.004,1.57023,0.0015708
945.004,1.57021,0.0015708
944.004,1.5702,0.0015708
943.004,1.57019,0.0015708
942.004,1.57018,0.0015708
941.004,1.57017,0.0015708
940.004,1.57016,0.0015708
939.004,1.57015,0.0015708
938.005,1.57014,0.0015708
937.005,1.57012,0.0015708
936.005,1.57011,0.0015708
935.005,1.5701,0.0015708
934.005,1.57009,0.0015708
933.005,1.57008,0.0015708
932.005,1.57007,0.0015708
931.005,1.57006,0.0015708
930.005,1.57004,0.0015708
929.005,1.57003,0.0015708
928.005,1.57002,0.0015708
927.005,1.57001,0.0015708
926.005,1.57,0.0015708
925.005,1.56999,0.0015708
924.005,1.56997,0.0015708
923.005,1.56996,0.0015708
922.005,1.56995,0.0015708
921.006,1.56994,0.0015708
920.006,1.56993,0.0015708
919.006,1.56991,0.0015708
918.006,1.5699,0.0015708
917.006,1.56989,0.0015708
916.006,1.56988,0.0015708
915.006,1.56987,0.0015708
914.006,1.56986,0.0015708
913.006,1.56984,0.0015708
912.006,1.56983,0.0015708
911.006,1.56982,0.0015708
910.006,1.56981,0.0015708
909.006,1.5698,0.0015708
908.006,1.56978,0.0015708
907.006,1.56977,0.0015708
906.006,1.56976,0.0015708
905.006,1.56975,0.0015708
904.007,1.56973,0.0015708
903.007,1.56972,0.0015708
902.007,1.56971,0.0015708
901.007,1.5697,0.0015708
900.007,1.56969,0.0015708
899.007,1.56967,0.0015708
898.007,1.56966,0.0015708
897.007,1.56965,0.0015708
896.007,1.56964,0.0015708
895.007,1.56962,0.0015708
894.007,1.56961,0.0015708
893.007,1.5696,0.0015708
892.007,1.56959,0.0015708
891.007,1.56957,0.0015708
890.007,1.56956,0.0015708
889.007,1.56955,0.0015708
888.008,1.56954,0.0015708
887.008,1.56952,0.0015708
886.008,1.56951,0.0015708
885.008,1.5695,0.0015708
884.008,1.56948,0.0015708
883.008,1.56947,0.0015708
882.008,1.56946,0.0015708
881.008,1.56945,0.0015708
880.008,1.56943,0.0015708
879.008,1.56942,0.0015708
878.008,1.56941,0.0015708
877.008,1.56939,0.0015708
876.008,1.56938,0.0015708
875.008,1.56937,0.0015708
874.008,1.56935,0.0015708
873.008,1.56934,0.0015708
872.009,1.56933,0.0015708
871.009,1.56932,0.0015708
870.009,1.5693,0.0015708
869.009,1.56929,0.0015708
868.009,1.56928,0.0015708
867.009,1.56926,0.0015708
866.009,1.56925,0.0015708
865.009,1.56924,0.0015708
864.009,1.56922,0.0015708
863.009,1.56921,0.0015708
862.009,1.5692,0.0015708
861.009,1.56918,0.0015708
860.009,1.56917,0.0015708
859.009,1.56915,0.0015708
858.009,1.56914,0.0015708
857.01,1.56913,0.0015708
856.01,1.56911,0.0015708
855.01,1.5691,0.0015708
854.01,1.56909,0.0015708
853.01,1.56907,0.0015708
852.01,1.56906,0.0015708
851.01,1.56905,0.0015708
850.01,1.56903,0.0015708
849.01,1.56902,0.0015708
848.01,1.569,0.0015708
847.01,1.56899,0.0015708
846.01,1.56898,0.0015708
845.01,1.56896,0.0015708
844.01,1.56895,0.0015708
843.011,1.56893,0.0015708
842.011,1.56892,0.0015708
841.011,1.56891,0.0015708
840.011,1.56889,0.0015708
839.011,1.56888,0.0015708
838.011,1.56886,0.0015708
837.011,1.56885,0.0015708
836.011,1.56883,0.0015708
835.011,1.56882,0.0015708
834.011,1.56881,0.0015708
833.011,1.56879,0.0015708
832.011,1.56878,0.0015708
831.011,1.56876,0.0015708
830.011,1.56875,0.0015708
829.012,1.56873,0.0015708
828.012,1.56872,0.0015708
827.012,1.5687,0.0015708
826.012,1.56869,0.0015708
825.012,1.56868,0.0015708
824.012,1.56866,0.0015708
823.012,1.56865,0.0015708
822.012,1.56863,0.0015708
821.012,1.56862,0.0015708
820.012,1.5686,0.0015708
819.012,1.56859,0.0015708
818.012,1.56857,0.0015708
817.012,1.56856,0.0015708
816.012,1.56854,0.0015708
815.013,1.56853,0.0015708
814.013,1.56851,0.0015708
813.013,1.5685,0.0015708
812.013,1.56848,0.0015708
811.013,1.56847,0.0015708
810.013,1.56845,0.0015708
809.013,1.56844,0.0015708
808.013,1.56842,0.0015708
807.013,1.5684,0.0015708
806.013,1.56839,0.0015708
805.013,1.56837,0.0015708
804.013,1.56836,0.0015708
803.013,1.56834,0.0015708
802.014,1.56833,0.0015708
801.014,1.56831,0.0015708
800.014,1.5683,0.0015708
799.014,1.56828,0.0015708
798.014,1.56827,0.0015708
797.014,1.56825,0.0015708
796.014,1.56823,0.0015708
795.014,1.56822,0.0015708
794.014,1.5682,0.0015708
793.014,1.56819,0.0015708
792.014,1.56817,0.0015708
791.014,1.56815,0.0015708
790.014,1.56814,0.0015708
789.015,1.56812,0.0015708
788.015,1.56811,0.0015708
787.015,1.56809,0.0015708
786.015,1.56807,0.0015708
785.015,1.56806,0.0015708
784.015,1.56804,0.0015708
783.015,1.56803,0.0015708
782.015,1.56801,0.0015708
781.015,1.56799,0.0015708
780.015,1.56798,0.0015708
779.015,1.56796,0.0015708
778.015,1.56794,0.0015708
777.016,1.56793,0.0015708
776.016,1.56791,0.0015708
775.016,1.56789,0.0015708
774.016,1.56788,0.0015708
773.016,1.56786,0.0015708
772.016,1.56784,0.0015708
771.016,1.56783,0.0015708
770.016,1.56781,0.0015708
769.016,1.56779,0.0015708
768.016,1.56778,0.0015708
767.016,1.56776,0.0015708
766.016,1.56774,0.0015708
765.017,1.56772,0.0015708
764.017,1.56771,0.0015708
763.017,1.56769,0.0015708
762.017,1.56767,0.0015708
761.017,1.56766,0.0015708
760.017,1.56764,0.0015708
759.017,1.56762,0.0015708
758.017,1.5676,0.0015708
757.017,1.56759,0.0015708
756.017,1.56757,0.0015708
755.017,1.56755,0.0015708
754.018,1.56753,0.0015708
753.018,1.56752,0.0015708
752.018,1.5675,0.0015708
751.018,1.56748,0.0015708
750.018,1.56746,0.0015708
749.018,1.56745,0.0015708
748.018,1.56743,0.0015708
747.018,1.56741,0.0015708
746.018,1.56739,0.0015708
745.018,1.56737,0.0015708
744.018,1.56736,0.0015708
743.018,1.56734,0.0015708
742.019,1.56732,0.0015708
741.019,1.5673,0.0015708
740.019,1.56728,0.0015708
739.019,1.56726,0.0015708
738.019,1.56725,0.0015708
737.019,1.56723,0.0015708
736.019,1.56721,0.0015708
735.019,1.56719,0.0015708
734.019,1.56717,0.0015708
733.019,1.56715,0.0015708
732.019,1.56714,0.0015708
731.02,1.56712,0.0015708
730.02,1.5671,0.0015708
729.02,1.56708,0.0015708
728.02,1.56706,0.0015708
727.02,1.56704,0.0015708
726.02,1.56702,0.0015708
725.02,1.567,0.0015708
724.02,1.56698,0.0015708
723.02,1.56697,0.0015708
722.02,1.56695,0.0015708
721.021,1.56693,0.0015708
720.021,1.56691,0.0015708
719.021,1.56689,0.0015708
718.021,1.56687,0.0015708
717.021,1.56685,0.0015708
716.021,1.56683,0.0015708
715.021,1.56681,0.0015708
714.021,1.56679,0.0015708
713.021,1.56677,0.0015708
712.021,1.56675,0.0015708
711.022,1.56673,0.0015708
710.022,1.56671,0.0015708
709.022,1.56669,0.0015708
708.022,1.56667,0.0015708
707.022,1.56665,0.0015708
706.022,1.56663,0.0015708
705.022,1.56661,0.0015708
704.022,1.56659,0.0015708
703.022,1.56657,0.0015708
702.022,1.56655,0.0015708
701.023,1.56653,0.0015708
700.023,1.56651,0.0015708
699.023,1.56649,0.0015708
698.023,1.56647,0.0015708
697.023,1.56645,0.0015708
696.023,1.56643,0.0015708
695.023,1.56641,0.0015708
694.023,1.56639,0.0015708
693.023,1.56637,0.0015708
692.023,1.56635,0.0015708
691.024,1.56632,0.0015708
690.024,1.5663,0.0015708
689.024,1.56628,0.0015708
688.024,1.56626,0.0015708
687.024,1.56624,0.0015708
686.024,1.56622,0.0015708
685.024,1.5662,0.0015708
684.024,1.56618,0.0015708
683.024,1.56616,0.0015708
682.024,1.56613,0.0015708
681.025,1.56611,0.0015708
680.025,1.56609,0.0015708
679.025,1.56607,0.0015708
678.025,1.56605,0.0015708
677.025,1.56603,0.0015708
676.025,1.566,0.0015708
675.025,1.56598,0.0015708
674.025,1.56596,0.0015708
673.025,1.56594,0.0015708
672.026,1.56592,0.0015708
671.026,1.56589,0.0015708
670.026,1.56587,0.0015708
669.026,1.56585,0.0015708
668.026,1.56583,0.0015708
667.026,1.5658,0.0015708
666.026,1.56578,0.0015708
665.026,1.56576,0.0015708
664.026,1.56574,0.0015708
663.027,1.56571,0.0015708
662.027,1.56569,0.0015708
661.027,1.56567,0.0015708
660.027,1.56565,0.0015708
659.027,1.56562,0.0015708
658.027,1.5656,0.0015708
657.027,1.56558,0.0015708
656.027,1.56555,0.0015708
655.028,1.56553,0.0015708
654.028,1.56551,0.0015708
653.028,1.56548,0.0015708
652.028,1.56546,0.0015708
651.028,1.56544,0.0015708
650.028,1.56541,0.0015708
649.028,1.56539,0.0015708
648.028,1.56536,0.0015708
647.028,1.56534,0.0015708
646.029,1.56532,0.0015708
645.029,1.56529,0.0015708
644.029,1.56527,0.0015708
643.029,1.56524,0.0015708
642.029,1.56522,0.0015708
641.029,1.5652,0.0015708
640.029,1.56517,0.0015708
639.029,1.56515,0.0015708
638.03,1.56512,0.0015708
637.03,1.5651,0.0015708
636.03,1.56507,0.0015708
635.03,1.56505,0.0015708
634.03,1.56502,0.0015708
633.03,1.565,0.0015708
632.03,1.56497,0.0015708
631.03,1.56495,0.0015708
630.031,1.56492,0.0015708
629.031,1.5649,0.0015708
628.031,1.56487,0.0015708
627.031,1.56485,0.0015708
626.031,1.56482,0.0015708
625.031,1.5648,0.0015708
624.031,1.56477,0.0015708
623.031,1.56475,0.0015708
622.032,1.56472,0.0015708
621.032,1.56469,0.0015708
620.032,1.56467,0.0015708
619.032,1.56464,0.0015708
618.032,1.56462,0.0015708
617.032,1.56459,0.0015708
616.032,1.56456,0.0015708
615.032,1.56454,0.0015708
614.033,1.56451,0.0015708
613.033,1.56448,0.0015708
612.033,1.56446,0.0015708
611.033,1.56443,0.0015708
610.033,1.5644,0.0015708
609.033,1.56438,0.0015708
608.033,1.56435,0.0015708
607.034,1.56432,0.0015708
606.034,1.5643,0.0015708
605.034,1.56427,0.0015708
604.034,1.56424,0.0015708
603.034,1.56421,0.0015708
602.034,1.56419,0.0015708
601.034,1.56416,0.0015708
600.034,1.56413,0.0015708
599.035,1.5641,0.0015708
598.035,1.56407,0.0015708
597.035,1.56405,0.0015708
596.035,1.56402,0.0015708
595.035,1.56399,0.0015708
594.035,1.56396,0.0015708
593.035,1.56393,0.0015708
592.036,1.56391,0.0015708
591.036,1.56388,0.0015708
590.036,1.56385,0.0015708
589.036,1.56382,0.0015708
588.036,1.56379,0.0015708
587.036,1.56376,0.0015708
586.036,1.56373,0.0015708
585.037,1.5637,0.0015708
584.037,1.56367,0.0015708
583.037,1.56364,0.0015708
582.037,1.56361,0.0015708
581.037,1.56359,0.0015708
580.037,1.56356,0.0015708
579.037,1.56353,0.0015708
578.038,1.5635,0.0015708
577.038,1.56347,0.0015708
576.038,1.56344,0.0015708
575.038,1.56341,0.0015708
574.038,1.56338,0.0015708
573.038,1.56335,0.0015708
572.039,1.56331,0.0015708
571.039,1.56328,0.0015708
570.039,1.56325,0.0015708
569.039,1.56322,0.0015708
568.039,1.56319,0.0015708
567.039,1.56316,0.0015708
566.039,1.56313,0.0015708
565.04,1.5631,0.0015708
564.04,1.56307,0.0015708
563.04,1.56304,0.0015708
562.04,1.563,0.0015708
561.04,1.56297,0.0015708
560.04,1.56294,0.0015708
559.041,1.56291,0.0015708
558.041,1.56288,0.0015708
557.041,1.56284,0.0015708
556.041,1.56281,0.0015708
555.041,1.56278,0.0015708
554.041,1.56275,0.0015708
553.042,1.56271,0.0015708
552.042,1.56268,0.0015708
551.042,1.56265,0.0015708
550.042,1.56262,0.0015708
549.042,1.56258,0.0015708
548.042,1.56255,0.0015708
547.043,1.56252,0.0015708
546.043,1.56248,0.0015708
545.043,1.56245,0.0015708
544.043,1.56241,0.0015708
543.043,1.56238,0.0015708
542.043,1.56235,0.0015708
541.044,1.56231,0.0015708
540.044,1.56228,0.0015708
539.044,1.56224,0.0015708
538.044,1.56221,0.0015708
537.044,1.56218,0.0015708
536.044,1.56214,0.0015708
535.045,1.56211,0.0015708
534.045,1.56207,0.0015708
533.045,1.56204,0.0015708
532.045,1.562,0.0015708
531.045,1.56197,0.0015708
530.045,1.56193,0.0015708
529.046,1.56189,0.0015708
528.046,1.56186,0.0015708
527.046,1.56182,0.0015708
526.046,1.56179,0.0015708
525.046,1.56175,0.0015708
524.047,1.56171,0.0015708
523.047,1.56168,0.0015708
522.047,1.56164,0.0015708
521.047,1.5616,0.0015708
520.047,1.56157,0.0015708
519.047,1.56153,0.0015708
518.048,1.56149,0.0015708
517.048,1.56146,0.0015708
516.048,1.56142,0.0015708
515.048,1.56138,0.0015708
514.048,1.56134,0.0015708
513.049,1.5613,0.0015708
512.049,1.56127,0.0015708
511.049,1.56123,0.0015708
510.049,1.56119,0.0015708
509.049,1.56115,0.0015708
508.05,1.56111,0.0015708
507.05,1.56107,0.0015708
506.05,1.56103,0.0015708
505.05,1.561,0.0015708
504.05,1.56096,0.0015708
503.05,1.56092,0.0015708
502.051,1.56088,0.0015708
501.051,1.56084,0.0015708
500.051,1.5608,0.0015708
499.051,1.56076,0.0015708
498.051,1.56072,0.0015708
497.052,1.56068,0.0015708
496.052,1.56064,0.0015708
495.052,1.5606,0.0015708
494.052,1.56055,0.0015708
493.052,1.56051,0.0015708
492.053,1.56047,0.0015708
491.053,1.56043,0.0015708
490.053,1.56039,0.0015708
489.053,1.56035,0.0015708
488.054,1.56031,0.0015708
487.054,1.56026,0.0015708
486.054,1.56022,0.0015708
485.054,1.56018,0.0015708
484.054,1.56014,0.0015708
483.055,1.56009,0.0015708
482.055,1.56005,0.0015708
481.055,1.56001,0.0015708
480.055,1.55996,0.0015708
479.055,1.55992,0.0015708
478.056,1.55988,0.0015708
477.056,1.55983,0.0015708
476.056,1.55979,0.0015708
475.056,1.55975,0.0015708
474.057,1.5597,0.0015708
473.057,1.55966,0.0015708
472.057,1.55961,0.0015708
471.057,1.55957,0.0015708
470.057,1.55952,0.0015708
469.058,1.55948,0.0015708
468.058,1.55943,0.0015708
467.058,1.55938,0.0015708
466.058,1.55934,0.0015708
465.059,1.55929,0.0015708
464.059,1.55925,0.0015708
463.059,1.5592,0.0015708
462.059,1.55915,0.0015708
461.06,1.55911,0.0015708
460.06,1.55906,0.0015708
459.06,1.55901,0.0015708
458.06,1.55896,0.0015708
457.06,1.55892,0.0015708
456.061,1.55887,0.0015708
455.061,1.55882,0.0015708
454.061,1.55877,0.0015708
453.061,1.55872,0.0015708
452.062,1.55867,0.0015708
451.062,1.55863,0.0015708
450.062,1.55858,0.0015708
449.062,1.55853,0.0015708
448.063,1.55848,0.0015708
447.063,1.55843,0.0015708
446.063,1.55838,0.0015708
445.063,1.55833,0.0015708
444.064,1.55828,0.0015708
443.064,1.55823,0.0015708
442.064,1.55817,0.0015708
441.064,1.55812,0.0015708
440.065,1.55807,0.0015708
439.065,1.55802,0.0015708
438.065,1.55797,0.0015708
437.065,1.55792,0.0015708
436.066,1.55786,0.0015708
435.066,1.55781,0.0015708
434.066,1.55776,0.0015708
433.066,1.5577,0.0015708
432.067,1.55765,0.0015708
431.067,1.5576,0.0015708
430.067,1.55754,0.0015708
429.068,1.55749,0.0015708
428.068,1.55743,0.0015708
427.068,1.55738,0.0015708
426.068,1.55732,0.0015708
425.069,1.55727,0.0015708
424.069,1.55721,0.0015708
423.069,1.55716,0.0015708
422.069,1.5571,0.0015708
421.07,1.55705,0.0015708
420.07,1.55699,0.0015708
419.07,1.55693,0.0015708
418.071,1.55688,0.0015708
417.071,1.55682,0.0015708
416.071,1.55676,0.0015708
415.071,1.5567,0.0015708
414.072,1.55664,0.0015708
413.072,1.55659,0.0015708
412.072,1.55653,0.0015708
411.073,1.55647,0.0015708
410.073,1.55641,0.0015708
409.073,1.55635,0.0015708
408.074,1.55629,0.0015708
407.074,1.55623,0.0015708
406.074,1.55617,0.0015708
405.074,1.55611,0.0015708
404.075,1.55605,0.0015708
403.075,1.55599,0.0015708
402.075,1.55592,0.0015708
401.076,1.55586,0.0015708
400.076,1.5558,0.0015708
399.076,1.55574,0.0015708
398.077,1.55567,0.0015708
397.077,1.55561,0.0015708
396.077,1.55555,0.0015708
395.078,1.55548,0.0015708
394.078,1.55542,0.0015708
393.078,1.55535,0.0015708
392.078,1.55529,0.0015708
391.079,1.55522,0.0015708
390.079,1.55516,0.0015708
389.079,1.55509,0.0015708
388.08,1.55503,0.0015708
387.08,1.55496,0.0015708
386.08,1.55489,0.0015708
385.081,1.55483,0.0015708
384.081,1.55476,0.0015708
383.081,1.55469,0.0015708
382.082,1.55462,0.0015708
381.082,1.55455,0.0015708
380.083,1.55448,0.0015708
379.083,1.55441,0.0015708
378.083,1.55435,0.0015708
377.084,1.55427,0.0015708
376.084,1.5542,0.0015708
375.084,1.55413,0.0015708
374.085,1.55406,0.0015708
373.085,1.55399,0.0015708
372.085,1.55392,0.0015708
371.086,1.55385,0.0015708
370.086,1.55377,0.0015708
369.086,1.5537,0.0015708
368.087,1.55363,0.0015708
367.087,1.55355,0.0015708
366.088,1.55348,0.0015708
365.088,1.5534,0.0015708
364.088,1.55333,0.0015708
363.089,1.55325,0.0015708
362.089,1.55318,0.0015708
361.089,1.5531,0.0015708
360.09,1.55302,0.0015708
359.09,1.55295,0.0015708
358.091,1.55287,0.0015708
357.091,1.55279,0.0015708
356.091,1.55271,0.0015708
355.092,1.55263,0.0015708
354.092,1.55255,0.0015708
353.093,1.55247,0.0015708
352.093,1.55239,0.0015708
351.093,1.55231,0.0015708
350.094,1.55223,0.0015708
349.094,1.55215,0.0015708
348.095,1.55207,0.0015708
347.095,1.55198,0.0015708
346.095,1.5519,0.0015708
345.096,1.55182,0.0015708
344.096,1.55173,0.0015708
343.097,1.55165,0.0015708
342.097,1.55156,0.0015708
341.097,1.55148,0.0015708
340.098,1.55139,0.0015708
339.098,1.5513,0.0015708
338.099,1.55122,0.0015708
337.099,1.55113,0.0015708
336.1,1.55104,0.0015708
335.1,1.55095,0.0015708
334.101,1.55086,0.0015708
333.101,1.55077,0.0015708
332.101,1.55068,0.0015708
331.102,1.55059,0.0015708
330.102,1.5505,0.0015708
329.103,1.55041,0.0015708
328.103,1.55031,0.0015708
327.104,1.55022,0.0015708
326.104,1.55013,0.0015708
325.105,1.55003,0.0015708
324.105,1.54994,0.0015708
323.106,1.54984,0.0015708
322.106,1.54975,0.0015708
321.107,1.54965,0.0015708
320.107,1.54955,0.0015708
319.108,1.54946,0.0015708
318.108,1.54936,0.0015708
317.108,1.54926,0.0015708
316.109,1.54916,0.0015708
315.109,1.54906,0.0015708
314.11,1.54896,0.0015708
313.11,1.54885,0.0015708
312.111,1.54875,0.0015708
311.112,1.54865,0.0015708
310.112,1.54855,0.0015708
309.113,1.54844,0.0015708
308.113,1.54834,0.0015708
307.114,1.54823,0.0015708
306.114,1.54812,0.0015708
305.115,1.54802,0.0015708
304.115,1.54791,0.0015708
303.116,1.5478,0.0015708
302.116,1.54769,0.0015708
301.117,1.54758,0.0015708
300.117,1.54747,0.0015708
299.118,1.54736,0.0015708
298.118,1.54725,0.0015708
297.119,1.54713,0.0015708
296.12,1.54702,0.0015708
295.12,1.54691,0.0015708
294.121,1.54679,0.0015708
293.121,1.54668,0.0015708
292.122,1.54656,0.0015708
291.122,1.54644,0.0015708
290.123,1.54632,0.0015708
289.124,1.5462,0.0015708
288.124,1.54608,0.0015708
287.125,1.54596,0.0015708
286.125,1.54584,0.0015708
285.126,1.54572,0.0015708
284.127,1.54559,0.0015708
283.127,1.54547,0.0015708
282.128,1.54535,0.0015708
281.129,1.54522,0.0015708
280.129,1.54509,0.0015708
279.13,1.54496,0.0015708
278.13,1.54484,0.0015708
277.131,1.54471,0.0015708
276.132,1.54458,0.0015708
275.132,1.54444,0.0015708
274.133,1.54431,0.0015708
273.134,1.54418,0.0015708
272.134,1.54404,0.0015708
271.135,1.54391,0.0015708
270.136,1.54377,0.0015708
269.136,1.54363,0.0015708
268.137,1.54349,0.0015708
267.138,1.54336,0.0015708
266.139,1.54321,0.0015708
265.139,1.54307,0.0015708
264.14,1.54293,0.0015708
263.141,1.54279,0.0015708
262.141,1.54264,0.0015708
261.142,1.5425,0.0015708
260.143,1.54235,0.0015708
259.144,1.5422,0.0015708
258.144,1.54205,0.0015708
257.145,1.5419,0.0015708
256.146,1.54175,0.0015708
255.147,1.54159,0.0015708
254.147,1.54144,0.0015708
253.148,1.54129,0.0015708
252.149,1.54113,0.0015708
251.15,1.54097,0.0015708
250.15,1.54081,0.0015708
249.151,1.54065,0.0015708
248.152,1.54049,0.0015708
247.153,1.54033,0.0015708
246.154,1.54016,0.0015708
245.154,1.54,0.0015708
244.155,1.53983,0.0015708
243.156,1.53966,0.0015708
242.157,1.53949,0.0015708
241.158,1.53932,0.0015708
240.159,1.53915,0.0015708
239.16,1.53897,0.0015708
238.16,1.5388,0.0015708
237.161,1.53862,0.0015708
236.162,1.53844,0.0015708
235.163,1.53826,0.0015708
234.164,1.53808,0.0015708
233.165,1.5379,0.0015708
232.166,1.53771,0.0015708
231.167,1.53753,0.0015708
230.168,1.53734,0.0015708
229.169,1.53715,0.0015708
228.17,1.53696,0.0015708
227.171,1.53676,0.0015708
226.171,1.53657,0.0015708
225.172,1.53637,0.0015708
224.173,1.53618,0.0015708
223.174,1.53598,0.0015708
222.175,1.53577,0.0015708
221.176,1.53557,0.0015708
220.177,1.53536,0.0015708
219.178,1.53516,0.0015708
218.18,1.53495,0.0015708
217.181,1.53474,0.0015708
216.182,1.53452,0.0015708
215.183,1.53431,0.0015708
214.184,1.53409,0.0015708
213.185,1.53387,0.0015708
212.186,1.53365,0.0015708
211.187,1.53343,0.0015708
210.188,1.5332,0.0015708
209.189,1.53298,0.0015708
208.19,1.53275,0.0015708
207.192,1.53252,0.0015708
206.193,1.53228,0.0015708
205.194,1.53204,0.0015708
204.195,1.53181,0.0015708
203.196,1.53157,0.0015708
202.197,1.53132,0.0015708
201.199,1.53108,0.0015708
200.2,1.53083,0.0015708
199.201,1.53058,0.0015708
198.202,1.53032,0.0015708
197.204,1.53007,0.0015708
196.205,1.52981,0.0015708
195.206,1.52955,0.0015708
194.208,1.52928,0.0015708
193.209,1.52902,0.0015708
192.21,1.52875,0.0015708
191.212,1.52848,0.0015708
190.213,1.5282,0.0015708
189.214,1.52792,0.0015708
188.216,1.52764,0.0015708
187.217,1.52736,0.0015708
186.219,1.52707,0.0015708
185.22,1.52678,0.0015708
184.221,1.52649,0.0015708
183.223,1.52619,0.0015708
182.224,1.52589,0.0015708
181.226,1.52559,0.0015708
180.227,1.52528,0.0015708
179.229,1.52498,0.0015708
178.23,1.52466,0.0015708
177.232,1.52435,0.0015708
176.234,1.52403,0.0015708
175.235,1.5237,0.0015708
174.237,1.52337,0.0015708
173.238,1.52304,0.0015708
172.24,1.52271,0.0015708
171.242,1.52237,0.0015708
170.243,1.52203,0.0015708
169.245,1.52168,0.0015708
168.247,1.52133,0.0015708
167.249,1.52097,0.0015708
166.25,1.52061,0.0015708
165.252,1.52025,0.0015708
164.254,1.51988,0.0015708
163.256,1.51951,0.0015708
162.258,1.51913,0.0015708
161.26,1.51875,0.0015708
160.262,1.51836,0.0015708
159.264,1.51797,0.0015708
158.265,1.51757,0.0015708
157.267,1.51717,0.0015708
156.269,1.51676,0.0015708
155.272,1.51635,0.0015708
154.274,1.51593,0.0015708
153.276,1.51551,0.0015708
152.278,1.51508,0.0015708
151.28,1.51465,0.0015708
150.282,1.51421,0.0015708
149.284,1.51376,0.0015708
148.287,1.51331,0.0015708
147.289,1.51285,0.0015708
146.291,1.51239,0.0015708
145.293,1.51192,0.0015708
144.296,1.51144,0.0015708
143.298,1.51096,0.0015708
142.301,1.51047,0.0015708
141.303,1.50997,0.0015708
140.306,1.50947,0.0015708
139.308,1.50896,0.0015708
138.311,1.50844,0.0015708
137.313,1.50791,0.0015708
136.316,1.50738,0.0015708
135.319,1.50683,0.0015708
134.321,1.50628,0.0015708
133.324,1.50572,0.0015708
132.327,1.50516,0.0015708
131.33,1.50458,0.0015708
130.332,1.504,0.0015708
129.335,1.50341,0.0015708
128.338,1.5028,0.0015708
127.341,1.50219,0.0015708
126.344,1.50157,0.0015708
125.348,1.50094,0.0015708
124.351,1.5003,0.0015708
123.354,1.49964,0.0015708
122.357,1.49898,0.0015708
121.361,1.49831,0.0015708
120.364,1.49762,0.0015708
119.367,1.49693,0.0015708
118.371,1.49622,0.0015708
117.374,1.4955,0.0015708
116.378,1.49477,0.0015708
115.382,1.49402,0.0015708
114.385,1.49327,0.0015708
113.389,1.4925,0.0015708
112.393,1.49171,0.0015708
111.397,1.49091,0.0015708
110.401,1.4901,0.0015708
109.405,1.48927,0.0015708
108.409,1.48843,0.0015708
107.413,1.48757,0.0015708
106.418,1.48669,0.0015708
105.422,1.4858,0.0015708
104.427,1.48489,0.0015708
103.431,1.48397,0.0015708
102.436,1.48303,0.0015708
101.44,1.48206,0.0015708
100.445,1.48108,0.0015708
99.4502,1.48008,0.0015708
98.4552,1.47906,0.0015708
97.4603,1.47802,0.0015708
96.4655,1.47695,0.0015708
95.4709,1.47587,0.0015708
94.4763,1.47476,0.0015708
93.4819,1.47363,0.0015708
92.4875,1.47247,0.0015708
91.4933,1.47129,0.0015708
90.4993,1.47008,0.0015708
89.5053,1.46885,0.0015708
88.5115,1.46758,0.0015708
87.5178,1.46629,0.0015708
86.5243,1.46497,0.0015708
85.5309,1.46362,0.0015708
84.5377,1.46224,0.0015708
83.5446,1.46082,0.0015708
82.5517,1.45937,0.0015708
81.559,1.45789,0.0015708
80.5665,1.45637,0.0015708
79.5741,1.45481,0.0015708
78.5819,1.45321,0.0015708
77.5899,1.45157,0.0015708
76.5982,1.44988,0.0015708
75.6066,1.44816,0.0015708
74.6153,1.44639,0.0015708
73.6242,1.44457,0.0015708
72.6333,1.4427,0.0015708
71.6427,1.44077,0.0015708
70.6523,1.4388,0.0015708
69.6622,1.43677,0.0015708
68.6725,1.43468,0.0015708
67.6829,1.43252,0.0015708
66.6938,1.43031,0.0015708
65.7049,1.42803,0.0015708
64.7163,1.42568,0.0015708
63.7282,1.42325,0.0015708
62.7403,1.42075,0.0015708
61.7529,1.41817,0.0015708
60.7659,1.4155,0.0015708
59.7793,1.41275,0.0015708
58.7931,1.40991,0.0015708
57.8074,1.40696,0.0015708
56.8222,1.40392,0.0015708
55.8375,1.40077,0.0015708
54.8534,1.3975,0.0015708
53.8698,1.39412,0.0015708
52.8869,1.39061,0.0015708
51.9045,1.38697,0.0015708
50.9229,1.38318,0.0015708
49.942,1.37925,0.0015708
48.9618,1.37516,0.0015708
47.9824,1.37091,0.0015708
47.0039,1.36647,0.0015708
46.0262,1.36185,0.0015708
45.0496,1.35703,0.0015708
44.0739,1.35199,0.0015708
43.0993,1.34673,0.0015708
42.1259,1.34122,0.0015708
41.1538,1.33545,0.0015708
40.183,1.32941,0.0015708
39.2136,1.32306,0.0015708
38.2457,1.31639,0.0015708
37.2795,1.30938,0.0015708
36.315,1.30199,0.0015708
35.3525,1.2942,0.0015708
34.3921,1.28598,0.0015708
33.4339,1.27728,0.0015708
32.4781,1.26807,0.0015708
31.525,1.25831,0.0015708
30.5748,1.24793,0.0015708
29.6277,1.23689,0.0015708
28.6841,1.22513,0.0015708
27.7443,1.21256,0.0015708
26.8087,1.19912,0.0015708
25.8777,1.1847,0.0015708
24.9518,1.16922,0.0015708
24.0316,1.15254,0.0015708
23.1177,1.13454,0.0015708
22.2108,1.11506,0.0015708
21.3119,1.09394,0.0015708
20.4219,1.07096,0.0015708
19.5419,1.0459,0.0015708
18.6732,1.0185,0.0015708
17.8176,0.988438,0.0015708
16.9766,0.955375,0.0015708
16.1526,0.918902,0.0015708
15.3479,0.878558,0.0015708
14.5656,0.833815,0.0015708
13.809,0.784084,0.0015708
13.0824,0.72871,0.0015708
12.3903,0.666991,0.0015708
11.7382,0.598197,0.0015708
11.1325,0.521619,0.0015708
10.5799,0.436645,0.0015708
10.0881,0.342858,0.0015708
9.66521,0.240177,0.0015708
9.31906,0.129,0.0015708
9.05714,0.0103385,0.0015708
8.88571,-0.114128,0.0015708
8.80918,-0.242108,0.0015708
8.82963,-0.370905,0.0015708
8.94648,-0.497718,0.0015708
9.15665,-0.619989,0.0015708
9.45485,-0.735667,0.0015708
9.83427,-0.843355,0.0015708
10.2871,-0.942311,0.0015708
10.8054,-1.03236,0.0015708
11.3813,-1.11373,0.0015708
12.0073,-1.18695,0.0015708
12.677,-1.25268,0.0015708
13.3842,-1.31164,0.0015708
14.124,-1.36456,0.0015708
14.8918,-1.41212,0.0015708
15.6839,-1.45494,0.0015708
16.4971,-1.49359,0.0015708
17.3285,-1.52858,0.0015708
18.1759,-1.56033,0.0015708
19.0372,-1.58923,0.0015708
19.9108,-1.61562,0.0015708
20.7952,-1.63977,0.0015708
21.6891,-1.66194,0.0015708
22.5915,-1.68235,0.0015708
23.5014,-1.70119,0.0015708
24.418,-1.71861,0.0015708
25.3407,-1.73477,0.0015708
26.2688,-1.74979,0.0015708
27.2018,-1.76379,0.0015708
28.1393,-1.77685,0.0015708
29.0807,-1.78907,0.0015708
30.0258,-1.80053,0.0015708
30.9742,-1.81128,0.0015708
31.9257,-1.82139,0.0015708
32.8799,-1.83092,0.0015708
33.8368,-1.8399,0.0015708
34.7959,-1.8484,0.0015708
35.7573,-1.85643,0.0015708
36.7206,-1.86405,0.0015708
37.6858,-1.87127,0.0015708
38.6528,-1.87814,0.0015708
39.6213,-1.88467,0.0015708
40.5913,-1.89089,0.0015708
41.5627,-1.89681,0.0015708
42.5354,-1.90247,0.0015708
43.5093,-1.90787,0.0015708
44.4843,-1.91304,0.0015708
45.4604,-1.91798,0.0015708
46.4375,-1.92272,0.0015708
47.4155,-1.92726,0.0015708
48.3944,-1.93162,0.0015708
49.3741,-1.93581,0.0015708
50.3546,-1.93983,0.0015708
51.3359,-1.9437,0.0015708
52.3178,-1.94742,0.0015708
53.3004,-1.951,0.0015708
54.2836,-1.95446,0.0015708
55.2674,-1.95779,0.0015708
56.2518,-1.96101,0.0015708
57.2367,-1.96412,0.0015708
58.2221,-1.96712,0.0015708
59.208,-1.97002,0.0015708
60.1944,-1.97282,0.0015708
61.1811,-1.97554,0.0015708
62.1683,-1.97817,0.0015708
63.1559,-1.98071,0.0015708
64.1439,-1.98318,0.0015708
65.1322,-1.98558,0.0015708
66.1209,-1.9879,0.0015708
67.1099,-1.99015,0.0015708
68.0993,-1.99234,0.0015708
69.0889,-1.99446,0.0015708
70.0788,-1.99653,0.0015708
71.069,-1.99854,0.0015708
72.0595,-2.00049,0.0015708
73.0502,-2.00239,0.0015708
74.0412,-2.00424,0.0015708
75.0324,-2.00604,0.0015708
76.0238,-2.00779,0.0015708
77.0154,-2.0095,0.0015708
78.0073,-2.01116,0.0015708
78.9994,-2.01279,0.0015708
79.9916,-2.01437,0.0015708
80.9841,-2.01591,0.0015708
81.9767,-2.01742,0.0015708
82.9695,-2.01889,0.0015708
83.9625,-2.02032,0.0015708
84.9556,-2.02173,0.0015708
85.9489,-2.0231,0.0015708
86.9423,-2.02443,0.0015708
87.9359,-2.02574,0.0015708
88.9297,-2.02702,0.0015708
89.9235,-2.02827,0.0015708
90.9175,-2.02949,0.0015708
91.9117,-2.03069,0.0015708
92.9059,-2.03186,0.0015708
93.9003,-2.03301,0.0015708
94.8948,-2.03413,0.0015708
95.8894,-2.03523,0.0015708
96.8841,-2.03631,0.0015708
97.8789,-2.03736,0.0015708
98.8738,-2.03839,0.0015708
99.8689,-2.03941,0.0015708
100.864,-2.0404,0.0015708
101.859,-2.04137,0.0015708
102.855,-2.04233,0.0015708
103.85,-2.04326,0.0015708
104.845,-2.04418,0.0015708
105.841,-2.04508,0.0015708
106.837,-2.04597,0.0015708
107.832,-2.04683,0.0015708
108.828,-2.04769,0.0015708
109.824,-2.04852,0.0015708
110.82,-2.04934,0.0015708
111.816,-2.05015,0.0015708
112.812,-2.05094,0.0015708
113.808,-2.05172,0.0015708
114.805,-2.05249,0.0015708
115.801,-2.05324,0.0015708
116.797,-2.05398,0.0015708
117.794,-2.05471,0.0015708
118.79,-2.05542,0.0015708
119.787,-2.05612,0.0015708
120.783,-2.05681,0.0015708
121.78,-2.05749,0.0015708
122.777,-2.05816,0.0015708
123.773,-2.05882,0.0015708
124.77,-2.05947,0.0015708
125.767,-2.06011,0.0015708
126.764,-2.06073,0.0015708
127.761,-2.06135,0.0015708
128.758,-2.06196,0.0015708
129.755,-2.06256,0.0015708
130.752,-2.06315,0.0015708
131.749,-2.06373,0.0015708
132.746,-2.0643,0.0015708
133.744,-2.06486,0.0015708
134.741,-2.06542,0.0015708
135.738,-2.06596,0.0015708
136.735,-2.0665,0.0015708
137.733,-2.06703,0.0015708
138.73,-2.06756,0.0015708
139.728,-2.06807,0.0015708
140.725,-2.06858,0.0015708
141.723,-2.06908,0.0015708
142.72,-2.06958,0.0015708
143.718,-2.07006,0.0015708
144.716,-2.07055,0.0015708
145.713,-2.07102,0.0015708
146.711,-2.07149,0.0015708
147.709,-2.07195,0.0015708
148.706,-2.0724,0.0015708
149.704,-2.07285,0.0015708
150.702,-2.0733,0.0015708
151.7,-2.07373,0.0015708
152.698,-2.07417,0.0015708
153.696,-2.07459,0.0015708
154.693,-2.07501,0.0015708
155.691,-2.07543,0.0015708
156.689,-2.07584,0.0015708
157.687,-2.07624,0.0015708
158.685,-2.07664,0.0015708
159.683,-2.07704,0.0015708
160.682,-2.07743,0.0015708
161.68,-2.07781,0.0015708
162.678,-2.07819,0.0015708
163.676,-2.07857,0.0015708
164.674,-2.07894,0.0015708
165.672,-2.0793,0.0015708
166.67,-2.07967,0.0015708
167.669,-2.08002,0.0015708
168.667,-2.08038,0.0015708
169.665,-2.08073,0.0015708
170.664,-2.08107,0.0015708
171.662,-2.08141,0.0015708
172.66,-2.08175,0.0015708
173.659,-2.08208,0.0015708
174.657,-2.08241,0.0015708
175.655,-2.08274,0.0015708
176.654,-2.08306,0.0015708
177.652,-2.08338,0.0015708
178.651,-2.0837,0.0015708
179.649,-2.08401,0.0015708
180.647,-2.08432,0.0015708
181.646,-2.08462,0.0015708
182.644,-2.08492,0.0015708
183.643,-2.08522,0.0015708
184.642,-2.08551,0.0015708
185.64,-2.08581,0.0015708
186.639,-2.0861,0.0015708
187.637,-2.08638,0.0015708
188.636,-2.08666,0.0015708
189.634,-2.08694,0.0015708
190.633,-2.08722,0.0015708
191.632,-2.08749,0.0015708
192.63,-2.08776,0.0015708
193.629,-2.08803,0.0015708
194.628,-2.0883,0.0015708
195.626,-2.08856,0.0015708
196.625,-2.08882,0.0015708
197.624,-2.08908,0.0015708
198.623,-2.08933,0.0015708
199.621,-2.08958,0.0015708
200.62,-2.08983,0.0015708
201.619,-2.09008,0.0015708
202.618,-2.09033,0.0015708
203.617,-2.09057,0.0015708
204.615,-2.09081,0.0015708
205.614,-2.09105,0.0015708
206.613,-2.09128,0.0015708
207.612,-2.09151,0.0015708
208.611,-2.09175,0.0015708
209.61,-2.09197,0.0015708
210.608,-2.0922,0.0015708
211.607,-2.09243,0.0015708
212.606,-2.09265,0.0015708
213.605,-2.09287,0.0015708
214.604,-2.09309,0.0015708
215.603,-2.0933,0.0015708
216.602,-2.09352,0.0015708
217.601,-2.09373,0.0015708
218.6,-2.09394,0.0015708
219.599,-2.09415,0.0015708
220.598,-2.09435,0.0015708
221.597,-2.09456,0.0015708
222.596,-2.09476,0.0015708
223.595,-2.09496,0.0015708
224.594,-2.09516,0.0015708
225.593,-2.09536,0.0015708
226.592,-2.09555,0.0015708
227.591,-2.09575,0.0015708
228.59,-2.09594,0.0015708
229.589,-2.09613,0.0015708
230.588,-2.09632,0.0015708
231.587,-2.09651,0.0015708
232.586,-2.09669,0.0015708
233.585,-2.09688,0.0015708
234.584,-2.09706,0.0015708
235.583,-2.09724,0.0015708
236.583,-2.09742,0.0015708
237.582,-2.0976,0.0015708
238.581,-2.09777,0.0015708
239.58,-2.09795,0.0015708
240.579,-2.09812,0.0015708
241.578,-2.09829,0.0015708
242.577,-2.09846,0.0015708
243.577,-2.09863,0.0015708
244.576,-2.0988,0.0015708
245.575,-2.09897,0.0015708
246.574,-2.09913,0.0015708
247.573,-2.0993,0.0015708
248.572,-2.09946,0.0015708
249.572,-2.09962,0.0015708
250.571,-2.09978,0.0015708
251.57,-2.09994,0.0015708
252.569,-2.1001,0.0015708
253.569,-2.10025,0.0015708
254.568,-2.10041,0.0015708
255.567,-2.10056,0.0015708
256.566,-2.10071,0.0015708
257.565,-2.10086,0.0015708
258.565,-2.10101,0.0015708
259.564,-2.10116,0.0015708
260.563,-2.10131,0.0015708
261.563,-2.10146,0.0015708
262.562,-2.1016,0.0015708
263.561,-2.10175,0.0015708
264.56,-2.10189,0.0015708
265.56,-2.10203,0.0015708
266.559,-2.10218,0.0015708
267.558,-2.10232,0.0015708
268.558,-2.10245,0.0015708
269.557,-2.10259,0.0015708
270.556,-2.10273,0.0015708
271.556,-2.10287,0.0015708
272.555,-2.103,0.0015708
273.554,-2.10314,0.0015708
274.554,-2.10327,0.0015708
275.553,-2.1034,0.0015708
276.552,-2.10353,0.0015708
277.552,-2.10366,0.0015708
278.551,-2.10379,0.0015708
279.55,-2.10392,0.0015708
280.55,-2.10405,0.0015708
281.549,-2.10417,0.0015708
282.548,-2.1043,0.0015708
283.548,-2.10442,0.0015708
284.547,-2.10455,0.0015708
285.547,-2.10467,0.0015708
286.546,-2.10479,0.0015708
287.545,-2.10492,0.0015708
288.545,-2.10504,0.0015708
289.544,-2.10516,0.0015708
290.544,-2.10527,0.0015708
291.543,-2.10539,0.0015708
292.542,-2.10551,0.0015708
293.542,-2.10563,0.0015708
294.541,-2.10574,0.0015708
295.541,-2.10586,0.0015708
296.54,-2.10597,0.0015708
297.54,-2.10608,0.0015708
298.539,-2.1062,0.0015708
299.538,-2.10631,0.0015708
300.538,-2.10642,0.0015708
301.537,-2.10653,0.0015708
302.537,-2.10664,0.0015708
303.536,-2.10675,0.0015708
304.536,-2.10686,0.0015708
305.535,-2.10696,0.0015708
306.535,-2.10707,0.0015708
307.534,-2.10718,0.0015708
308.534,-2.10728,0.0015708
309.533,-2.10739,0.0015708
310.533,-2.10749,0.0015708
311.532,-2.10759,0.0015708
312.532,-2.1077,0.0015708
313.531,-2.1078,0.0015708
314.531,-2.1079,0.0015708
315.53,-2.108,0.0015708
316.53,-2.1081,0.0015708
317.529,-2.1082,0.0015708
318.529,-2.1083,0.0015708
319.528,-2.1084,0.0015708
320.528,-2.1085,0.0015708
321.527,-2.10859,0.0015708
322.527,-2.10869,0.0015708
323.526,-2.10878,0.0015708
324.526,-2.10888,0.0015708
325.525,-2.10897,0.0015708
326.525,-2.10907,0.0015708
327.524,-2.10916,0.0015708
328.524,-2.10926,0.0015708
329.523,-2.10935,0.0015708
330.523,-2.10944,0.0015708
331.522,-2.10953,0.0015708
332.522,-2.10962,0.0015708
333.522,-2.10971,0.0015708
334.521,-2.1098,0.0015708
335.521,-2.10989,0.0015708
336.52,-2.10998,0.0015708
337.52,-2.11007,0.0015708
338.519,-2.11015,0.0015708
339.519,-2.11024,0.0015708
340.518,-2.11033,0.0015708
341.518,-2.11041,0.0015708
342.518,-2.1105,0.0015708
343.517,-2.11058,0.0015708
344.517,-2.11067,0.0015708
345.516,-2.11075,0.0015708
346.516,-2.11084,0.0015708
347.516,-2.11092,0.0015708
348.515,-2.111,0.0015708
349.515,-2.11108,0.0015708
350.514,-2.11117,0.0015708
351.514,-2.11125,0.0015708
352.514,-2.11133,0.0015708
353.513,-2.11141,0.0015708
354.513,-2.11149,0.0015708
355.512,-2.11157,0.0015708
356.512,-2.11165,0.0015708
357.512,-2.11172,0.0015708
358.511,-2.1118,0.0015708
359.511,-2.11188,0.0015708
360.51,-2.11196,0.0015708
361.51,-2.11203,0.0015708
362.51,-2.11211,0.0015708
363.509,-2.11219,0.0015708
364.509,-2.11226,0.0015708
365.508,-2.11234,0.0015708
366.508,-2.11241,0.0015708
367.508,-2.11249,0.0015708
368.507,-2.11256,0.0015708
369.507,-2.11263,0.0015708
370.507,-2.11271,0.0015708
371.506,-2.11278,0.0015708
372.506,-2.11285,0.0015708
373.506,-2.11292,0.0015708
374.505,-2.11299,0.0015708
375.505,-2.11306,0.0015708
376.505,-2.11314,0.0015708
377.504,-2.11321,0.0015708
378.504,-2.11328,0.0015708
379.503,-2.11335,0.0015708
380.503,-2.11341,0.0015708
381.503,-2.11348,0.0015708
382.502,-2.11355,0.0015708
383.502,-2.11362,0.0015708
384.502,-2.11369,0.0015708
385.501,-2.11376,0.0015708
386.501,-2.11382,0.0015708
387.501,-2.11389,0.0015708
388.5,-2.11396,0.0015708
389.5,-2.11402,0.0015708
390.5,-2.11409,0.0015708
391.499,-2.11415,0.0015708
392.499,-2.11422,0.0015708
393.499,-2.11428,0.0015708
394.498,-2.11435,0.0015708
395.498,-2.11441,0.0015708
396.498,-2.11448,0.0015708
397.498,-2.11454,0.0015708
398.497,-2.1146,0.0015708
399.497,-2.11466,0.0015708
400.497,-2.11473,0.0015708
401.496,-2.11479,0.0015708
402.496,-2.11485,0.0015708
403.496,-2.11491,0.0015708
404.495,-2.11497,0.0015708
405.495,-2.11504,0.0015708
406.495,-2.1151,0.0015708
407.494,-2.11516,0.0015708
408.494,-2.11522,0.0015708
409.494,-2.11528,0.0015708
410.494,-2.11534,0.0015708
411.493,-2.11539,0.0015708
412.493,-2.11545,0.0015708
413.493,-2.11551,0.0015708
414.492,-2.11557,0.0015708
415.492,-2.11563,0.0015708
416.492,-2.11569,0.0015708
417.492,-2.11574,0.0015708
418.491,-2.1158,0.0015708
419.491,-2.11586,0.0015708
420.491,-2.11591,0.0015708
421.49,-2.11597,0.0015708
422.49,-2.11603,0.0015708
423.49,-2.11608,0.0015708
424.49,-2.11614,0.0015708
425.489,-2.11619,0.0015708
426.489,-2.11625,0.0015708
427.489,-2.1163,0.0015708
428.488,-2.11636,0.0015708
429.488,-2.11641,0.0015708
430.488,-2.11647,0.0015708
431.488,-2.11652,0.0015708
432.487,-2.11657,0.0015708
433.487,-2.11663,0.0015708
434.487,-2.11668,0.0015708
435.487,-2.11673,0.0015708
436.486,-2.11679,0.0015708
437.486,-2.11684,0.0015708
438.486,-2.11689,0.0015708
439.486,-2.11694,0.0015708
440.485,-2.11699,0.0015708
441.485,-2.11705,0.0015708
442.485,-2.1171,0.0015708
443.485,-2.11715,0.0015708
444.484,-2.1172,0.0015708
445.484,-2.11725,0.0015708
446.484,-2.1173,0.0015708
447.484,-2.11735,0.0015708
448.483,-2.1174,0.0015708
449.483,-2.11745,0.0015708
450.483,-2.1175,0.0015708
451.483,-2.11755,0.0015708
452.482,-2.1176,0.0015708
453.482,-2.11765,0.0015708
454.482,-2.11769,0.0015708
455.482,-2.11774,0.0015708
456.481,-2.11779,0.0015708
457.481,-2.11784,0.0015708
458.481,-2.11789,0.0015708
459.481,-2.11793,0.0015708
460.48,-2.11798,0.0015708
461.48,-2.11803,0.0015708
462.48,-2.11807,0.0015708
463.48,-2.11812,0.0015708
464.479,-2.11817,0.0015708
465.479,-2.11821,0.0015708
466.479,-2.11826,0.0015708
467.479,-2.11831,0.0015708
468.479,-2.11835,0.0015708
469.478,-2.1184,0.0015708
470.478,-2.11844,0.0015708
471.478,-2.11849,0.0015708
472.478,-2.11853,0.0015708
473.477,-2.11858,0.0015708
474.477,-2.11862,0.0015708
475.477,-2.11867,0.0015708
476.477,-2.11871,0.0015708
477.477,-2.11875,0.0015708
478.476,-2.1188,0.0015708
479.476,-2.11884,0.0015708
480.476,-2.11888,0.0015708
481.476,-2.11893,0.0015708
482.475,-2.11897,0.0015708
483.475,-2.11901,0.0015708
484.475,-2.11906,0.0015708
485.475,-2.1191,0.0015708
486.475,-2.11914,0.0015708
487.474,-2.11918,0.0015708
488.474,-2.11923,0.0015708
489.474,-2.11927,0.0015708
490.474,-2.11931,0.0015708
491.474,-2.11935,0.0015708
492.473,-2.11939,0.0015708
493.473,-2.11943,0.0015708
494.473,-2.11947,0.0015708
495.473,-2.11951,0.0015708
496.473,-2.11956,0.0015708
497.472,-2.1196,0.0015708
498.472,-2.11964,0.0015708
499.472,-2.11968,0.0015708
500.472,-2.11972,0.0015708
501.472,-2.11976,0.0015708
502.471,-2.1198,0.0015708
503.471,-2.11984,0.0015708
504.471,-2.11987,0.0015708
505.471,-2.11991,0.0015708
506.471,-2.11995,0.0015708
507.47,-2.11999,0.0015708
508.47,-2.12003,0.0015708
509.47,-2.12007,0.0015708
510.47,-2.12011,0.0015708
511.47,-2.12015,0.0015708
512.469,-2.12018,0.0015708
513.469,-2.12022,0.0015708
514.469,-2.12026,0.0015708
515.469,-2.1203,0.0015708
516.469,-2.12034,0.0015708
517.468,-2.12037,0.0015708
518.468,-2.12041,0.0015708
519.468,-2.12045,0.0015708
520.468,-2.12048,0.0015708
521.468,-2.12052,0.0015708
522.468,-2.12056,0.0015708
523.467,-2.12059,0.0015708
524.467,-2.12063,0.0015708
525.467,-2.12067,0.0015708
526.467,-2.1207,0.0015708
527.467,-2.12074,0.0015708
528.466,-2.12077,0.0015708
529.466,-2.12081,0.0015708
530.466,-2.12085,0.0015708
531.466,-2.12088,0.0015708
532.466,-2.12092,0.0015708
533.466,-2.12095,0.0015708
534.465,-2.12099,0.0015708
535.465,-2.12102,0.0015708
536.465,-2.12106,0.0015708
537.465,-2.12109,0.0015708
538.465,-2.12113,0.0015708
539.465,-2.12116,0.0015708
540.464,-2.12119,0.0015708
541.464,-2.12123,0.0015708
542.464,-2.12126,0.0015708
543.464,-2.1213,0.0015708
544.464,-2.12133,0.0015708
545.464,-2.12136,0.0015708
546.463,-2.1214,0.0015708
547.463,-2.12143,0.0015708
548.463,-2.12146,0.0015708
549.463,-2.1215,0.0015708
550.463,-2.12153,0.0015708
551.463,-2.12156,0.0015708
552.462,-2.1216,0.0015708
553.462,-2.12163,0.0015708
554.462,-2.12166,0.0015708
555.462,-2.12169,0.0015708
556.462,-2.12173,0.0015708
557.462,-2.12176,0.0015708
558.461,-2.12179,0.0015708
559.461,-2.12182,0.0015708
560.461,-2.12186,0.0015708
561.461,-2.12189,0.0015708
562.461,-2.12192,0.0015708
563.461,-2.12195,0.0015708
564.46,-2.12198,0.0015708
565.46,-2.12201,0.0015708
566.46,-2.12204,0.0015708
567.46,-2.12208,0.0015708
568.46,-2.12211,0.0015708
569.46,-2.12214,0.0015708
570.46,-2.12217,0.0015708
571.459,-2.1222,0.0015708
572.459,-2.12223,0.0015708
573.459,-2.12226,0.0015708
574.459,-2.12229,0.0015708
575.459,-2.12232,0.0015708
576.459,-2.12235,0.0015708
577.458,-2.12238,0.0015708
578.458,-2.12241,0.0015708
579.458,-2.12244,0.0015708
580.458,-2.12247,0.0015708
581.458,-2.1225,0.0015708
582.458,-2.12253,0.0015708
583.458,-2.12256,0.0015708
584.457,-2.12259,0.0015708
585.457,-2.12262,0.0015708
586.457,-2.12265,0.0015708
587.457,-2.12268,0.0015708
588.457,-2.1227,0.0015708
589.457,-2.12273,0.0015708
590.457,-2.12276,0.0015708
591.456,-2.12279,0.0015708
592.456,-2.12282,0.0015708
593.456,-2.12285,0.0015708
594.456,-2.12288,0.0015708
595.456,-2.1229,0.0015708
596.456,-2.12293,0.0015708
597.456,-2.12296,0.0015708
598.455,-2.12299,0.0015708
599.455,-2.12302,0.0015708
600.455,-2.12304,0.0015708
601.455,-2.12307,0.0015708
602.455,-2.1231,0.0015708
603.455,-2.12313,0.0015708
604.455,-2.12315,0.0015708
605.454,-2.12318,0.0015708
606.454,-2.12321,0.0015708
607.454,-2.12324,0.0015708
608.454,-2.12326,0.0015708
609.454,-2.12329,0.0015708
610.454,-2.12332,0.0015708
611.454,-2.12334,0.0015708
612.454,-2.12337,0.0015708
613.453,-2.1234,0.0015708
614.453,-2.12342,0.0015708
615.453,-2.12345,0.0015708
616.453,-2.12348,0.0015708
617.453,-2.1235,0.0015708
618.453,-2.12353,0.0015708
619.453,-2.12355,0.0015708
620.453,-2.12358,0.0015708
621.452,-2.12361,0.0015708
622.452,-2.12363,0.0015708
623.452,-2.12366,0.0015708
624.452,-2.12368,0.0015708
625.452,-2.12371,0.0015708
626.452,-2.12373,0.0015708
627.452,-2.12376,0.0015708
628.451,-2.12379,0.0015708
629.451,-2.12381,0.0015708
630.451,-2.12384,0.0015708
631.451,-2.12386,0.0015708
632.451,-2.12389,0.0015708
633.451,-2.12391,0.0015708
634.451,-2.12394,0.0015708
635.451,-2.12396,0.0015708
636.45,-2.12399,0.0015708
637.45,-2.12401,0.0015708
638.45,-2.12403,0.0015708
639.45,-2.12406,0.0015708
640.45,-2.12408,0.0015708
641.45,-2.12411,0.0015708
642.45,-2.12413,0.0015708
643.45,-2.12416,0.0015708
644.45,-2.12418,0.0015708
645.449,-2.1242,0.0015708
646.449,-2.12423,0.0015708
647.449,-2.12425,0.0015708
648.449,-2.12428,0.0015708
649.449,-2.1243,0.0015708
650.449,-2.12432,0.0015708
651.449,-2.12435,0.0015708
652.449,-2.12437,0.0015708
653.448,-2.12439,0.0015708
654.448,-2.12442,0.0015708
655.448,-2.12444,0.0015708
656.448,-2.12446,0.0015708
657.448,-2.12449,0.0015708
658.448,-2.12451,0.0015708
659.448,-2.12453,0.0015708
660.448,-2.12456,0.0015708
661.448,-2.12458,0.0015708
662.447,-2.1246,0.0015708
663.447,-2.12462,0.0015708
664.447,-2.12465,0.0015708
665.447,-2.12467,0.0015708
666.447,-2.12469,0.0015708
667.447,-2.12472,0.0015708
668.447,-2.12474,0.0015708
669.447,-2.12476,0.0015708
670.447,-2.12478,0.0015708
671.446,-2.1248,0.0015708
672.446,-2.12483,0.0015708
673.446,-2.12485,0.0015708
674.446,-2.12487,0.0015708
675.446,-2.12489,0.0015708
676.446,-2.12491,0.0015708
677.446,-2.12494,0.0015708
678.446,-2.12496,0.0015708
679.446,-2.12498,0.0015708
680.445,-2.125,0.0015708
681.445,-2.12502,0.0015708
682.445,-2.12504,0.0015708
683.445,-2.12507,0.0015708
684.445,-2.12509,0.0015708
685.445,-2.12511,0.0015708
686.445,-2.12513,0.0015708
687.445,-2.12515,0.0015708
688.445,-2.12517,0.0015708
689.444,-2.12519,0.0015708
690.444,-2.12521,0.0015708
691.444,-2.12524,0.0015708
692.444,-2.12526,0.0015708
693.444,-2.12528,0.0015708
694.444,-2.1253,0.0015708
695.444,-2.12532,0.0015708
696.444,-2.12534,0.0015708
697.444,-2.12536,0.0015708
698.444,-2.12538,0.0015708
699.443,-2.1254,0.0015708
700.443,-2.12542,0.0015708
701.443,-2.12544,0.0015708
702.443,-2.12546,0.0015708
703.443,-2.12548,0.0015708
704.443,-2.1255,0.0015708
705.443,-2.12552,0.0015708
706.443,-2.12554,0.0015708
707.443,-2.12556,0.0015708
708.443,-2.12558,0.0015708
709.442,-2.1256,0.0015708
710.442,-2.12562,0.0015708
711.442,-2.12564,0.0015708
712.442,-2.12566,0.0015708
713.442,-2.12568,0.0015708
714.442,-2.1257,0.0015708
715.442,-2.12572,0.0015708
716.442,-2.12574,0.0015708
717.442,-2.12576,0.0015708
718.442,-2.12578,0.0015708
719.441,-2.1258,0.0015708
720.441,-2.12582,0.0015708
721.441,-2.12584,0.0015708
722.441,-2.12586,0.0015708
723.441,-2.12587,0.0015708
724.441,-2.12589,0.0015708
725.441,-2.12591,0.0015708
726.441,-2.12593,0.0015708
727.441,-2.12595,0.0015708
728.441,-2.12597,0.0015708
729.441,-2.12599,0.0015708
730.44,-2.12601,0.0015708
731.44,-2.12603,0.0015708
732.44,-2.12604,0.0015708
733.44,-2.12606,0.0015708
734.44,-2.12608,0.0015708
735.44,-2.1261,0.0015708
736.44,-2.12612,0.0015708
737.44,-2.12614,0.0015708
738.44,-2.12616,0.0015708
739.44,-2.12617,0.0015708
740.439,-2.12619,0.0015708
741.439,-2.12621,0.0015708
742.439,-2.12623,0.0015708
743.439,-2.12625,0.0015708
744.439,-2.12626,0.0015708
745.439,-2.12628,0.0015708
746.439,-2.1263,0.0015708
747.439,-2.12632,0.0015708
748.439,-2.12634,0.0015708
749.439,-2.12635,0.0015708
750.439,-2.12637,0.0015708
751.438,-2.12639,0.0015708
752.438,-2.12641,0.0015708
753.438,-2.12643,0.0015708
754.438,-2.12644,0.0015708
755.438,-2.12646,0.0015708
756.438,-2.12648,0.0015708
757.438,-2.1265,0.0015708
758.438,-2.12651,0.0015708
759.438,-2.12653,0.0015708
760.438,-2.12655,0.0015708
761.438,-2.12656,0.0015708
762.438,-2.12658,0.0015708
763.437,-2.1266,0.0015708
764.437,-2.12662,0.0015708
765.437,-2.12663,0.0015708
766.437,-2.12665,0.0015708
767.437,-2.12667,0.0015708
768.437,-2.12668,0.0015708
769.437,-2.1267,0.0015708
770.437,-2.12672,0.0015708
771.437,-2.12674,0.0015708
772.437,-2.12675,0.0015708
773.437,-2.12677,0.0015708
774.437,-2.12679,0.0015708
775.436,-2.1268,0.0015708
776.436,-2.12682,0.0015708
777.436,-2.12684,0.0015708
778.436,-2.12685,0.0015708
779.436,-2.12687,0.0015708
780.436,-2.12688,0.0015708
781.436,-2.1269,0.0015708
782.436,-2.12692,0.0015708
783.436,-2.12693,0.0015708
784.436,-2.12695,0.0015708
785.436,-2.12697,0.0015708
786.436,-2.12698,0.0015708
787.435,-2.127,0.0015708
788.435,-2.12701,0.0015708
789.435,-2.12703,0.0015708
790.435,-2.12705,0.0015708
791.435,-2.12706,0.0015708
792.435,-2.12708,0.0015708
793.435,-2.12709,0.0015708
794.435,-2.12711,0.0015708
795.435,-2.12713,0.0015708
796.435,-2.12714,0.0015708
797.435,-2.12716,0.0015708
798.435,-2.12717,0.0015708
799.435,-2.12719,0.0015708
800.434,-2.1272,0.0015708
801.434,-2.12722,0.0015708
802.434,-2.12724,0.0015708
803.434,-2.12725,0.0015708
804.434,-2.12727,0.0015708
805.434,-2.12728,0.0015708
806.434,-2.1273,0.0015708
807.434,-2.12731,0.0015708
808.434,-2.12733,0.0015708
809.434,-2.12734,0.0015708
810.434,-2.12736,0.0015708
811.434,-2.12737,0.0015708
812.434,-2.12739,0.0015708
813.433,-2.1274,0.0015708
814.433,-2.12742,0.0015708
815.433,-2.12743,0.0015708
816.433,-2.12745,0.0015708
817.433,-2.12746,0.0015708
818.433,-2.12748,0.0015708
819.433,-2.12749,0.0015708
820.433,-2.12751,0.0015708
821.433,-2.12752,0.0015708
822.433,-2.12754,0.0015708
823.433,-2.12755,0.0015708
824.433,-2.12757,0.0015708
825.433,-2.12758,0.0015708
826.432,-2.1276,0.0015708
827.432,-2.12761,0.0015708
828.432,-2.12763,0.0015708
829.432,-2.12764,0.0015708
830.432,-2.12766,0.0015708
831.432,-2.12767,0.0015708
832.432,-2.12768,0.0015708
833.432,-2.1277,0.0015708
834.432,-2.12771,0.0015708
835.432,-2.12773,0.0015708
836.432,-2.12774,0.0015708
837.432,-2.12776,0.0015708
838.432,-2.12777,0.0015708
839.432,-2.12779,0.0015708
840.431,-2.1278,0.0015708
841.431,-2.12781,0.0015708
842.431,-2.12783,0.0015708
843.431,-2.12784,0.0015708
844.431,-2.12786,0.0015708
845.431,-2.12787,0.0015708
846.431,-2.12788,0.0015708
847.431,-2.1279,0.0015708
848.431,-2.12791,0.0015708
849.431,-2.12793,0.0015708
850.431,-2.12794,0.0015708
851.431,-2.12795,0.0015708
852.431,-2.12797,0.0015708
853.431,-2.12798,0.0015708
854.43,-2.12799,0.0015708
855.43,-2.12801,0.0015708
856.43,-2.12802,0.0015708
857.43,-2.12804,0.0015708
858.43,-2.12805,0.0015708
859.43,-2.12806,0.0015708
860.43,-2.12808,0.0015708
861.43,-2.12809,0.0015708
862.43,-2.1281,0.0015708
863.43,-2.12812,0.0015708
864.43,-2.12813,0.0015708
865.43,-2.12814,0.0015708
866.43,-2.12816,0.0015708
867.43,-2.12817,0.0015708
868.43,-2.12818,0.0015708
869.429,-2.1282,0.0015708
870.429,-2.12821,0.0015708
871.429,-2.12822,0.0015708
872.429,-2.12824,0.0015708
873.429,-2.12825,0.0015708
874.429,-2.12826,0.0015708
875.429,-2.12827,0.0015708
876.429,-2.12829,0.0015708
877.429,-2.1283,0.0015708
878.429,-2.12831,0.0015708
879.429,-2.12833,0.0015708
880.429,-2.12834,0.0015708
881.429,-2.12835,0.0015708
882.429,-2.12837,0.0015708
883.429,-2.12838,0.0015708
884.429,-2.12839,0.0015708
885.428,-2.1284,0.0015708
886.428,-2.12842,0.0015708
887.428,-2.12843,0.0015708
888.428,-2.12844,0.0015708
889.428,-2.12845,0.0015708
890.428,-2.12847,0.0015708
891.428,-2.12848,0.0015708
892.428,-2.12849,0.0015708
893.428,-2.12851,0.0015708
894.428,-2.12852,0.0015708
895.428,-2.12853,0.0015708
896.428,-2.12854,0.0015708
897.428,-2.12855,0.0015708
898.428,-2.12857,0.0015708
899.428,-2.12858,0.0015708
900.428,-2.12859,0.0015708
901.427,-2.1286,0.0015708
902.427,-2.12862,0.0015708
903.427,-2.12863,0.0015708
904.427,-2.12864,0.0015708
905.427,-2.12865,0.0015708
906.427,-2.12867,0.0015708
907.427,-2.12868,0.0015708
908.427,-2.12869,0.0015708
909.427,-2.1287,0.0015708
910.427,-2.12871,0.0015708
911.427,-2.12873,0.0015708
912.427,-2.12874,0.0015708
913.427,-2.12875,0.0015708
914.427,-2.12876,0.0015708
915.427,-2.12877,0.0015708
916.427,-2.12879,0.0015708
917.426,-2.1288,0.0015708
918.426,-2.12881,0.0015708
919.426,-2.12882,0.0015708
920.426,-2.12883,0.0015708
921.426,-2.12885,0.0015708
922.426,-2.12886,0.0015708
923.426,-2.12887,0.0015708
924.426,-2.12888,0.0015708
925.426,-2.12889,0.0015708
926.426,-2.1289,0.0015708
927.426,-2.12892,0.0015708
928.426,-2.12893,0.0015708
929.426,-2.12894,0.0015708
930.426,-2.12895,0.0015708
931.426,-2.12896,0.0015708
932.426,-2.12897,0.0015708
933.426,-2.12898,0.0015708
934.426,-2.129,0.0015708
935.425,-2.12901,0.0015708
936.425,-2.12902,0.0015708
937.425,-2.12903,0.0015708
938.425,-2.12904,0.0015708
939.425,-2.12905,0.0015708
940.425,-2.12906,0.0015708
941.425,-2.12908,0.0015708
942.425,-2.12909,0.0015708
943.425,-2.1291,0.0015708
944.425,-2.12911,0.0015708
945.425,-2.12912,0.0015708
946.425,-2.12913,0.0015708
947.425,-2.12914,0.0015708
948.425,-2.12915,0.0015708
949.425,-2.12917,0.0015708
950.425,-2.12918,0.0015708
951.425,-2.12919,0.0015708
952.424,-2.1292,0.0015708
953.424,-2.12921,0.0015708
954.424,-2.12922,0.0015708
955.424,-2.12923,0.0015708
956.424,-2.12924,0.0015708
957.424,-2.12925,0.0015708
958.424,-2.12926,0.0015708
959.424,-2.12927,0.0015708
960.424,-2.12929,0.0015708
961.424,-2.1293,0.0015708
962.424,-2.12931,0.0015708
963.424,-2.12932,0.0015708
964.424,-2.12933,0.0015708
965.424,-2.12934,0.0015708
966.424,-2.12935,0.0015708
967.424,-2.12936,0.0015708
968.424,-2.12937,0.0015708
969.424,-2.12938,0.0015708
970.424,-2.12939,0.0015708
971.423,-2.1294,0.0015708
972.423,-2.12941,0.0015708
973.423,-2.12942,0.0015708
974.423,-2.12944,0.0015708
975.423,-2.12945,0.0015708
976.423,-2.12946,0.0015708
977.423,-2.12947,0.0015708
978.423,-2.12948,0.0015708
979.423,-2.12949,0.0015708
980.423,-2.1295,0.0015708
981.423,-2.12951,0.0015708
982.423,-2.12952,0.0015708
983.423,-2.12953,0.0015708
984.423,-2.12954,0.0015708
985.423,-2.12955,0.0015708
986.423,-2.12956,0.0015708
987.423,-2.12957,0.0015708
988.423,-2.12958,0.0015708
989.423,-2.12959,0.0015708
990.422,-2.1296,0.0015708
991.422,-2.12961,0.0015708
992.422,-2.12962,0.0015708
993.422,-2.12963,0.0015708
994.422,-2.12964,0.0015708
995.422,-2.12965,0.0015708
996.422,-2.12966,0.0015708
997.422,-2.12967,0.0015708
