999.002,1.57079,0.00156079
998.002,1.57078,0.00155076
997.003,1.57077,0.00154071
996.003,1.57076,0.00153064
995.003,1.57075,0.00152055
994.003,1.57074,0.00151044
993.003,1.57073,0.00150031
992.003,1.57072,0.00149016
991.003,1.57071,0.00147999
990.003,1.5707,0.0014698
989.003,1.57069,0.00145958
988.003,1.57067,0.00144935
987.004,1.57066,0.0014391
986.004,1.57065,0.00142882
985.004,1.57064,0.00141853
984.004,1.57063,0.00140821
983.004,1.57062,0.00139787
982.004,1.57061,0.00138751
981.004,1.5706,0.00137713
980.004,1.57059,0.00136673
979.004,1.57058,0.00135631
978.004,1.57057,0.00134587
977.005,1.57056,0.0013354
976.005,1.57055,0.00132492
975.005,1.57054,0.00131441
974.005,1.57053,0.00130388
973.005,1.57052,0.00129333
972.005,1.57051,0.00128276
971.005,1.5705,0.00127216
970.005,1.57049,0.00126155
969.005,1.57048,0.00125091
968.006,1.57047,0.00124025
967.006,1.57046,0.00122957
966.006,1.57044,0.00121886
965.006,1.57043,0.00120814
964.006,1.57042,0.00119739
963.006,1.57041,0.00118662
962.006,1.5704,0.00117582
961.006,1.57039,0.00116501
960.006,1.57038,0.00115417
959.006,1.57037,0.00114331
958.007,1.57036,0.00113243
957.007,1.57035,0.00112152
956.007,1.57034,0.00111059
955.007,1.57033,0.00109964
954.007,1.57031,0.00108866
953.007,1.5703,0.00107767
952.007,1.57029,0.00106664
951.007,1.57028,0.0010556
950.007,1.57027,0.00104453
949.008,1.57026,0.00103344
948.008,1.57025,0.00102233
947.008,1.57024,0.00101119
946.008,1.57023,0.00100003
945.008,1.57021,0.000988843
944.008,1.5702,0.000977635
943.008,1.57019,0.000966402
942.008,1.57018,0.000955146
941.008,1.57017,0.000943866
940.009,1.57016,0.000932562
939.009,1.57015,0.000921234
938.009,1.57014,0.000909881
937.009,1.57012,0.000898505
936.009,1.57011,0.000887104
935.009,1.5701,0.000875678
934.009,1.57009,0.000864228
933.009,1.57008,0.000852754
932.01,1.57007,0.000841255
931.01,1.57006,0.000829732
930.01,1.57004,0.000818183
929.01,1.57003,0.00080661
928.01,1.57002,0.000795012
927.01,1.57001,0.000783388
926.01,1.57,0.00077174
925.01,1.56999,0.000760066
924.01,1.56997,0.000748368
923.011,1.56996,0.000736643
922.011,1.56995,0.000724894
921.011,1.56994,0.000713119
920.011,1.56993,0.000701318
919.011,1.56992,0.000689492
918.011,1.5699,0.000677639
917.011,1.56989,0.000665761
916.011,1.56988,0.000653857
915.012,1.56987,0.000641928
914.012,1.56986,0.000629971
913.012,1.56984,0.000617989
912.012,1.56983,0.000605981
911.012,1.56982,0.000593946
910.012,1.56981,0.000581884
909.012,1.5698,0.000569797
908.012,1.56978,0.000557682
907.012,1.56977,0.000545541
906.013,1.56976,0.000533373
905.013,1.56975,0.000521178
904.013,1.56973,0.000508956
903.013,1.56972,0.000496707
902.013,1.56971,0.000484431
901.013,1.5697,0.000472128
900.013,1.56969,0.000459797
899.013,1.56967,0.000447439
898.014,1.56966,0.000435053
897.014,1.56965,0.00042264
896.014,1.56964,0.000410199
895.014,1.56962,0.00039773
894.014,1.56961,0.000385233
893.014,1.5696,0.000372709
892.014,1.56959,0.000360156
891.014,1.56957,0.000347575
890.015,1.56956,0.000334966
889.015,1.56955,0.000322328
888.015,1.56954,0.000309662
887.015,1.56952,0.000296968
886.015,1.56951,0.000284244
885.015,1.5695,0.000271492
884.015,1.56948,0.000258711
883.015,1.56947,0.000245902
882.016,1.56946,0.000233063
881.016,1.56945,0.000220195
880.016,1.56943,0.000207298
879.016,1.56942,0.000194371
878.016,1.56941,0.000181415
877.016,1.56939,0.000168429
876.016,1.56938,0.000155414
875.016,1.56937,0.000142369
874.017,1.56935,0.000129294
873.017,1.56934,0.00011619
872.017,1.56933,0.000103055
871.017,1.56932,8.98898e-05
870.017,1.5693,7.66946e-05
869.017,1.56929,6.3469e-05
868.017,1.56928,5.02129e-05
867.018,1.56926,3.69262e-05
866.018,1.56925,2.36088e-05
865.018,1.56924,1.02607e-05
864.018,1.56922,-3.11834e-06
863.018,1.56921,-1.65284e-05
862.018,1.5692,-2.99695e-05
861.018,1.56918,-4.34419e-05
860.018,1.56917,-5.69456e-05
859.019,1.56916,-7.04808e-05
858.019,1.56914,-8.40475e-05
857.019,1.56913,-9.76459e-05
856.019,1.56911,-0.000111276
855.019,1.5691,-0.000124938
854.019,1.56909,-0.000138632
853.019,1.56907,-0.000152358
852.02,1.56906,-0.000166116
851.02,1.56905,-0.000179907
850.02,1.56903,-0.00019373
849.02,1.56902,-0.000207586
848.02,1.569,-0.000221474
847.02,1.56899,-0.000235395
846.02,1.56898,-0.00024935
845.021,1.56896,-0.000263337
844.021,1.56895,-0.000277357
843.021,1.56893,-0.00029141
842.021,1.56892,-0.000305497
841.021,1.56891,-0.000319618
840.021,1.56889,-0.000333772
839.021,1.56888,-0.000347959
838.022,1.56886,-0.000362181
837.022,1.56885,-0.000376436
836.022,1.56883,-0.000390726
835.022,1.56882,-0.00040505
834.022,1.56881,-0.000419408
833.022,1.56879,-0.000433801
832.022,1.56878,-0.000448228
831.023,1.56876,-0.00046269
830.023,1.56875,-0.000477187
829.023,1.56873,-0.000491719
828.023,1.56872,-0.000506286
827.023,1.5687,-0.000520888
826.023,1.56869,-0.000535526
825.023,1.56868,-0.000550199
824.024,1.56866,-0.000564908
823.024,1.56865,-0.000579652
822.024,1.56863,-0.000594432
821.024,1.56862,-0.000609248
820.024,1.5686,-0.000624101
819.024,1.56859,-0.00063899
818.024,1.56857,-0.000653915
817.025,1.56856,-0.000668876
816.025,1.56854,-0.000683875
815.025,1.56853,-0.00069891
814.025,1.56851,-0.000713982
813.025,1.5685,-0.000729091
812.025,1.56848,-0.000744237
811.025,1.56847,-0.000759421
810.026,1.56845,-0.000774642
809.026,1.56844,-0.000789901
808.026,1.56842,-0.000805197
807.026,1.56841,-0.000820532
806.026,1.56839,-0.000835904
805.026,1.56837,-0.000851315
804.027,1.56836,-0.000866764
803.027,1.56834,-0.000882251
802.027,1.56833,-0.000897778
801.027,1.56831,-0.000913342
800.027,1.5683,-0.000928946
799.027,1.56828,-0.000944589
798.027,1.56827,-0.000960271
797.028,1.56825,-0.000975993
796.028,1.56823,-0.000991754
795.028,1.56822,-0.00100755
794.028,1.5682,-0.00102339
793.028,1.56819,-0.00103927
792.028,1.56817,-0.0010552
791.029,1.56815,-0.00107116
790.029,1.56814,-0.00108716
789.029,1.56812,-0.0011032
788.029,1.56811,-0.00111928
787.029,1.56809,-0.0011354
786.029,1.56807,-0.00115157
785.03,1.56806,-0.00116777
784.03,1.56804,-0.00118402
783.03,1.56803,-0.00120031
782.03,1.56801,-0.00121664
781.03,1.56799,-0.00123301
780.03,1.56798,-0.00124942
779.031,1.56796,-0.00126588
778.031,1.56794,-0.00128238
777.031,1.56793,-0.00129892
776.031,1.56791,-0.0013155
775.031,1.56789,-0.00133213
774.031,1.56788,-0.0013488
773.032,1.56786,-0.00136551
772.032,1.56784,-0.00138226
771.032,1.56783,-0.00139906
770.032,1.56781,-0.00141591
769.032,1.56779,-0.00143279
768.032,1.56778,-0.00144972
767.033,1.56776,-0.0014667
766.033,1.56774,-0.00148372
765.033,1.56772,-0.00150078
764.033,1.56771,-0.00151789
763.033,1.56769,-0.00153504
762.033,1.56767,-0.00155224
761.034,1.56766,-0.00156948
760.034,1.56764,-0.00158677
759.034,1.56762,-0.0016041
758.034,1.5676,-0.00162148
757.034,1.56759,-0.00163891
756.034,1.56757,-0.00165638
755.035,1.56755,-0.0016739
754.035,1.56753,-0.00169146
753.035,1.56752,-0.00170907
752.035,1.5675,-0.00172673
751.035,1.56748,-0.00174444
750.035,1.56746,-0.00176219
749.036,1.56745,-0.00177999
748.036,1.56743,-0.00179783
747.036,1.56741,-0.00181573
746.036,1.56739,-0.00183367
745.036,1.56737,-0.00185166
744.037,1.56736,-0.0018697
743.037,1.56734,-0.00188779
742.037,1.56732,-0.00190593
741.037,1.5673,-0.00192411
740.037,1.56728,-0.00194235
739.037,1.56727,-0.00196063
738.038,1.56725,-0.00197897
737.038,1.56723,-0.00199735
736.038,1.56721,-0.00201578
735.038,1.56719,-0.00203427
734.038,1.56717,-0.0020528
733.039,1.56715,-0.00207138
732.039,1.56714,-0.00209002
731.039,1.56712,-0.00210871
730.039,1.5671,-0.00212744
729.039,1.56708,-0.00214623
728.04,1.56706,-0.00216507
727.04,1.56704,-0.00218396
726.04,1.56702,-0.00220291
725.04,1.567,-0.0022219
724.04,1.56698,-0.00224095
723.04,1.56697,-0.00226006
722.041,1.56695,-0.00227921
721.041,1.56693,-0.00229842
720.041,1.56691,-0.00231768
719.041,1.56689,-0.00233699
718.041,1.56687,-0.00235636
717.042,1.56685,-0.00237578
716.042,1.56683,-0.00239526
715.042,1.56681,-0.00241479
714.042,1.56679,-0.00243438
713.042,1.56677,-0.00245402
712.043,1.56675,-0.00247372
711.043,1.56673,-0.00249347
710.043,1.56671,-0.00251327
709.043,1.56669,-0.00253314
708.043,1.56667,-0.00255306
707.044,1.56665,-0.00257303
706.044,1.56663,-0.00259306
705.044,1.56661,-0.00261315
704.044,1.56659,-0.0026333
703.044,1.56657,-0.0026535
702.045,1.56655,-0.00267376
701.045,1.56653,-0.00269408
700.045,1.56651,-0.00271446
699.045,1.56649,-0.00273489
698.045,1.56647,-0.00275539
697.046,1.56645,-0.00277594
696.046,1.56643,-0.00279655
695.046,1.56641,-0.00281722
694.046,1.56639,-0.00283795
693.046,1.56637,-0.00285874
692.047,1.56635,-0.00287959
691.047,1.56633,-0.0029005
690.047,1.5663,-0.00292147
689.047,1.56628,-0.0029425
688.047,1.56626,-0.0029636
687.048,1.56624,-0.00298475
686.048,1.56622,-0.00300597
685.048,1.5662,-0.00302725
684.048,1.56618,-0.00304859
683.049,1.56616,-0.00306999
682.049,1.56613,-0.00309145
681.049,1.56611,-0.00311298
680.049,1.56609,-0.00313457
679.049,1.56607,-0.00315623
678.05,1.56605,-0.00317795
677.05,1.56603,-0.00319973
676.05,1.566,-0.00322158
675.05,1.56598,-0.00324349
674.05,1.56596,-0.00326547
673.051,1.56594,-0.00328751
672.051,1.56592,-0.00330962
671.051,1.56589,-0.0033318
670.051,1.56587,-0.00335404
669.052,1.56585,-0.00337634
668.052,1.56583,-0.00339872
667.052,1.5658,-0.00342116
666.052,1.56578,-0.00344367
665.052,1.56576,-0.00346624
664.053,1.56574,-0.00348889
663.053,1.56571,-0.0035116
662.053,1.56569,-0.00353438
661.053,1.56567,-0.00355723
660.054,1.56565,-0.00358015
659.054,1.56562,-0.00360314
658.054,1.5656,-0.0036262
657.054,1.56558,-0.00364933
656.055,1.56555,-0.00367253
655.055,1.56553,-0.0036958
654.055,1.56551,-0.00371914
653.055,1.56548,-0.00374255
652.055,1.56546,-0.00376603
651.056,1.56544,-0.00378959
650.056,1.56541,-0.00381322
649.056,1.56539,-0.00383692
648.056,1.56537,-0.0038607
647.057,1.56534,-0.00388455
646.057,1.56532,-0.00390847
645.057,1.56529,-0.00393247
644.057,1.56527,-0.00395654
643.058,1.56525,-0.00398068
642.058,1.56522,-0.0040049
641.058,1.5652,-0.0040292
640.058,1.56517,-0.00405357
639.059,1.56515,-0.00407802
638.059,1.56512,-0.00410255
637.059,1.5651,-0.00412715
636.059,1.56507,-0.00415183
635.06,1.56505,-0.00417659
634.06,1.56502,-0.00420142
633.06,1.565,-0.00422634
632.06,1.56497,-0.00425133
631.061,1.56495,-0.0042764
630.061,1.56492,-0.00430156
629.061,1.5649,-0.00432679
628.061,1.56487,-0.0043521
627.062,1.56485,-0.00437749
626.062,1.56482,-0.00440297
625.062,1.5648,-0.00442852
624.062,1.56477,-0.00445416
623.063,1.56475,-0.00447988
622.063,1.56472,-0.00450568
621.063,1.56469,-0.00453157
620.063,1.56467,-0.00455754
619.064,1.56464,-0.00458359
618.064,1.56462,-0.00460973
617.064,1.56459,-0.00463595
616.064,1.56456,-0.00466226
615.065,1.56454,-0.00468865
614.065,1.56451,-0.00471513
613.065,1.56448,-0.00474169
612.065,1.56446,-0.00476834
611.066,1.56443,-0.00479508
610.066,1.5644,-0.00482191
609.066,1.56438,-0.00484882
608.067,1.56435,-0.00487583
607.067,1.56432,-0.00490292
606.067,1.5643,-0.0049301
605.067,1.56427,-0.00495737
604.068,1.56424,-0.00498473
603.068,1.56421,-0.00501219
602.068,1.56419,-0.00503973
601.068,1.56416,-0.00506737
600.069,1.56413,-0.00509509
599.069,1.5641,-0.00512291
598.069,1.56408,-0.00515083
597.07,1.56405,-0.00517883
596.07,1.56402,-0.00520693
595.07,1.56399,-0.00523513
594.07,1.56396,-0.00526342
593.071,1.56393,-0.0052918
592.071,1.56391,-0.00532028
591.071,1.56388,-0.00534886
590.072,1.56385,-0.00537754
589.072,1.56382,-0.00540631
588.072,1.56379,-0.00543518
587.072,1.56376,-0.00546415
586.073,1.56373,-0.00549321
585.073,1.5637,-0.00552238
584.073,1.56367,-0.00555165
583.074,1.56365,-0.00558101
582.074,1.56362,-0.00561048
581.074,1.56359,-0.00564005
580.074,1.56356,-0.00566972
579.075,1.56353,-0.00569949
578.075,1.5635,-0.00572937
577.075,1.56347,-0.00575935
576.076,1.56344,-0.00578943
575.076,1.56341,-0.00581962
574.076,1.56338,-0.00584991
573.077,1.56335,-0.00588031
572.077,1.56332,-0.00591082
571.077,1.56328,-0.00594143
570.077,1.56325,-0.00597215
569.078,1.56322,-0.00600298
568.078,1.56319,-0.00603392
567.078,1.56316,-0.00606496
566.079,1.56313,-0.00609612
565.079,1.5631,-0.00612738
564.079,1.56307,-0.00615876
563.08,1.56304,-0.00619025
562.08,1.563,-0.00622185
561.08,1.56297,-0.00625356
560.081,1.56294,-0.00628538
559.081,1.56291,-0.00631732
558.081,1.56288,-0.00634938
557.082,1.56284,-0.00638155
556.082,1.56281,-0.00641383
555.082,1.56278,-0.00644623
554.083,1.56275,-0.00647875
553.083,1.56272,-0.00651139
552.083,1.56268,-0.00654414
551.083,1.56265,-0.00657701
550.084,1.56262,-0.00661001
549.084,1.56258,-0.00664312
548.084,1.56255,-0.00667635
547.085,1.56252,-0.00670971
546.085,1.56248,-0.00674318
545.085,1.56245,-0.00677678
544.086,1.56242,-0.00681051
543.086,1.56238,-0.00684435
542.086,1.56235,-0.00687833
541.087,1.56231,-0.00691242
540.087,1.56228,-0.00694665
539.088,1.56225,-0.006981
538.088,1.56221,-0.00701548
537.088,1.56218,-0.00705008
536.089,1.56214,-0.00708482
535.089,1.56211,-0.00711969
534.089,1.56207,-0.00715468
533.09,1.56204,-0.00718981
532.09,1.562,-0.00722507
531.09,1.56197,-0.00726046
530.091,1.56193,-0.00729599
529.091,1.5619,-0.00733165
528.091,1.56186,-0.00736745
527.092,1.56182,-0.00740338
526.092,1.56179,-0.00743945
525.092,1.56175,-0.00747565
524.093,1.56171,-0.007512
523.093,1.56168,-0.00754848
522.094,1.56164,-0.0075851
521.094,1.5616,-0.00762186
520.094,1.56157,-0.00765877
519.095,1.56153,-0.00769582
518.095,1.56149,-0.007733
517.095,1.56146,-0.00777034
516.096,1.56142,-0.00780782
515.096,1.56138,-0.00784544
514.096,1.56134,-0.00788321
513.097,1.56131,-0.00792113
512.097,1.56127,-0.00795919
511.098,1.56123,-0.00799741
510.098,1.56119,-0.00803577
509.098,1.56115,-0.00807428
508.099,1.56111,-0.00811295
507.099,1.56108,-0.00815177
506.1,1.56104,-0.00819074
505.1,1.561,-0.00822987
504.1,1.56096,-0.00826915
503.101,1.56092,-0.00830859
502.101,1.56088,-0.00834818
501.102,1.56084,-0.00838794
500.102,1.5608,-0.00842785
499.102,1.56076,-0.00846792
498.103,1.56072,-0.00850815
497.103,1.56068,-0.00854855
496.104,1.56064,-0.00858911
495.104,1.5606,-0.00862983
494.104,1.56056,-0.00867071
493.105,1.56052,-0.00871177
492.105,1.56047,-0.00875298
491.106,1.56043,-0.00879437
490.106,1.56039,-0.00883593
489.106,1.56035,-0.00887765
488.107,1.56031,-0.00891955
487.107,1.56027,-0.00896162
486.108,1.56022,-0.00900386
485.108,1.56018,-0.00904628
484.109,1.56014,-0.00908887
483.109,1.5601,-0.00913163
482.109,1.56005,-0.00917458
481.11,1.56001,-0.0092177
480.11,1.55997,-0.00926101
479.111,1.55992,-0.00930449
478.111,1.55988,-0.00934816
477.112,1.55984,-0.009392
476.112,1.55979,-0.00943604
475.112,1.55975,-0.00948026
474.113,1.5597,-0.00952466
473.113,1.55966,-0.00956925
472.114,1.55961,-0.00961403
471.114,1.55957,-0.00965901
470.115,1.55952,-0.00970417
469.115,1.55948,-0.00974952
468.116,1.55943,-0.00979507
467.116,1.55939,-0.00984082
466.116,1.55934,-0.00988676
465.117,1.55929,-0.0099329
464.117,1.55925,-0.00997923
463.118,1.5592,-0.0100258
462.118,1.55916,-0.0100725
461.119,1.55911,-0.0101194
460.119,1.55906,-0.0101666
459.12,1.55901,-0.0102139
458.12,1.55897,-0.0102615
457.121,1.55892,-0.0103093
456.121,1.55887,-0.0103572
455.122,1.55882,-0.0104054
454.122,1.55877,-0.0104538
453.123,1.55873,-0.0105024
452.123,1.55868,-0.0105513
451.124,1.55863,-0.0106003
450.124,1.55858,-0.0106496
449.125,1.55853,-0.010699
448.125,1.55848,-0.0107487
447.126,1.55843,-0.0107987
446.126,1.55838,-0.0108488
445.127,1.55833,-0.0108992
444.127,1.55828,-0.0109498
443.128,1.55823,-0.0110006
442.128,1.55818,-0.0110517
441.129,1.55813,-0.011103
440.129,1.55807,-0.0111545
439.13,1.55802,-0.0112062
438.13,1.55797,-0.0112582
437.131,1.55792,-0.0113105
436.131,1.55787,-0.0113629
435.132,1.55781,-0.0114156
434.132,1.55776,-0.0114686
433.133,1.55771,-0.0115218
432.133,1.55765,-0.0115752
431.134,1.5576,-0.0116289
430.134,1.55755,-0.0116829
429.135,1.55749,-0.0117371
428.135,1.55744,-0.0117915
427.136,1.55738,-0.0118462
426.136,1.55733,-0.0119012
425.137,1.55727,-0.0119564
424.138,1.55722,-0.0120119
423.138,1.55716,-0.0120676
422.139,1.55711,-0.0121236
421.139,1.55705,-0.0121799
420.14,1.55699,-0.0122364
419.14,1.55694,-0.0122932
418.141,1.55688,-0.0123503
417.142,1.55682,-0.0124077
416.142,1.55676,-0.0124653
415.143,1.55671,-0.0125232
414.143,1.55665,-0.0125814
413.144,1.55659,-0.0126399
412.144,1.55653,-0.0126986
411.145,1.55647,-0.0127577
410.146,1.55641,-0.012817
409.146,1.55635,-0.0128766
408.147,1.55629,-0.0129365
407.147,1.55623,-0.0129967
406.148,1.55617,-0.0130572
405.149,1.55611,-0.013118
404.149,1.55605,-0.0131791
403.15,1.55599,-0.0132405
402.15,1.55593,-0.0133022
401.151,1.55587,-0.0133642
400.152,1.5558,-0.0134265
399.152,1.55574,-0.0134892
398.153,1.55568,-0.0135521
397.154,1.55561,-0.0136154
396.154,1.55555,-0.013679
395.155,1.55549,-0.0137429
394.155,1.55542,-0.0138071
393.156,1.55536,-0.0138717
392.157,1.55529,-0.0139366
391.157,1.55523,-0.0140018
390.158,1.55516,-0.0140674
389.159,1.5551,-0.0141332
388.159,1.55503,-0.0141995
387.16,1.55496,-0.014266
386.161,1.5549,-0.014333
385.161,1.55483,-0.0144002
384.162,1.55476,-0.0144678
383.163,1.55469,-0.0145358
382.163,1.55463,-0.0146041
381.164,1.55456,-0.0146728
380.165,1.55449,-0.0147419
379.165,1.55442,-0.0148113
378.166,1.55435,-0.0148811
377.167,1.55428,-0.0149512
376.168,1.55421,-0.0150217
375.168,1.55414,-0.0150926
374.169,1.55407,-0.0151639
373.17,1.554,-0.0152355
372.17,1.55392,-0.0153076
371.171,1.55385,-0.01538
370.172,1.55378,-0.0154528
369.173,1.5537,-0.0155261
368.173,1.55363,-0.0155997
367.174,1.55356,-0.0156737
366.175,1.55348,-0.0157481
365.176,1.55341,-0.0158229
364.176,1.55333,-0.0158982
363.177,1.55326,-0.0159738
362.178,1.55318,-0.0160499
361.179,1.55311,-0.0161264
360.179,1.55303,-0.0162033
359.18,1.55295,-0.0162806
358.181,1.55287,-0.0163584
357.182,1.5528,-0.0164366
356.182,1.55272,-0.0165153
355.183,1.55264,-0.0165944
354.184,1.55256,-0.0166739
353.185,1.55248,-0.0167539
352.186,1.5524,-0.0168343
351.186,1.55232,-0.0169152
350.187,1.55224,-0.0169966
349.188,1.55215,-0.0170784
348.189,1.55207,-0.0171607
347.19,1.55199,-0.0172435
346.19,1.55191,-0.0173267
345.191,1.55182,-0.0174105
344.192,1.55174,-0.0174947
343.193,1.55165,-0.0175794
342.194,1.55157,-0.0176646
341.195,1.55148,-0.0177503
340.196,1.5514,-0.0178365
339.196,1.55131,-0.0179233
338.197,1.55122,-0.0180105
337.198,1.55113,-0.0180982
336.199,1.55105,-0.0181865
335.2,1.55096,-0.0182753
334.201,1.55087,-0.0183646
333.202,1.55078,-0.0184545
332.203,1.55069,-0.0185449
331.203,1.5506,-0.0186359
330.204,1.55051,-0.0187274
329.205,1.55041,-0.0188194
328.206,1.55032,-0.018912
327.207,1.55023,-0.0190052
326.208,1.55014,-0.019099
325.209,1.55004,-0.0191933
324.21,1.54995,-0.0192882
323.211,1.54985,-0.0193837
322.212,1.54975,-0.0194798
321.213,1.54966,-0.0195765
320.214,1.54956,-0.0196738
319.215,1.54946,-0.0197717
318.216,1.54936,-0.0198703
317.217,1.54927,-0.0199694
316.218,1.54917,-0.0200692
315.219,1.54907,-0.0201696
314.22,1.54896,-0.0202706
313.221,1.54886,-0.0203723
312.222,1.54876,-0.0204747
311.223,1.54866,-0.0205776
310.224,1.54855,-0.0206813
309.225,1.54845,-0.0207856
308.226,1.54835,-0.0208907
307.227,1.54824,-0.0209963
306.228,1.54813,-0.0211027
305.229,1.54803,-0.0212098
304.23,1.54792,-0.0213176
303.231,1.54781,-0.0214261
302.232,1.5477,-0.0215353
301.233,1.54759,-0.0216452
300.234,1.54748,-0.0217559
299.236,1.54737,-0.0218673
298.237,1.54726,-0.0219795
297.238,1.54715,-0.0220924
296.239,1.54703,-0.0222061
295.24,1.54692,-0.0223205
294.241,1.5468,-0.0224357
293.242,1.54669,-0.0225517
292.244,1.54657,-0.0226685
291.245,1.54645,-0.0227861
290.246,1.54633,-0.0229046
289.247,1.54622,-0.0230238
288.248,1.5461,-0.0231439
287.249,1.54597,-0.0232648
286.251,1.54585,-0.0233865
285.252,1.54573,-0.0235091
284.253,1.54561,-0.0236325
283.254,1.54548,-0.0237569
282.256,1.54536,-0.0238821
281.257,1.54523,-0.0240082
280.258,1.54511,-0.0241352
279.259,1.54498,-0.0242631
278.261,1.54485,-0.0243919
277.262,1.54472,-0.0245217
276.263,1.54459,-0.0246524
275.265,1.54446,-0.024784
274.266,1.54433,-0.0249166
273.267,1.54419,-0.0250502
272.269,1.54406,-0.0251848
271.27,1.54392,-0.0253203
270.271,1.54379,-0.0254569
269.273,1.54365,-0.0255945
268.274,1.54351,-0.0257331
267.275,1.54337,-0.0258727
266.277,1.54323,-0.0260134
265.278,1.54309,-0.0261551
264.28,1.54295,-0.0262979
263.281,1.5428,-0.0264418
262.282,1.54266,-0.0265868
261.284,1.54251,-0.0267329
260.285,1.54236,-0.0268802
259.287,1.54222,-0.0270285
258.288,1.54207,-0.027178
257.29,1.54192,-0.0273287
256.291,1.54177,-0.0274806
255.293,1.54161,-0.0276336
254.294,1.54146,-0.0277878
253.296,1.5413,-0.0279433
252.297,1.54115,-0.0281
251.299,1.54099,-0.0282579
250.301,1.54083,-0.0284172
249.302,1.54067,-0.0285776
248.304,1.54051,-0.0287394
247.305,1.54035,-0.0289025
246.307,1.54018,-0.0290669
245.309,1.54002,-0.0292326
244.31,1.53985,-0.0293997
243.312,1.53968,-0.0295682
242.314,1.53951,-0.0297381
241.315,1.53934,-0.0299094
240.317,1.53917,-0.0300821
239.319,1.539,-0.0302562
238.321,1.53882,-0.0304318
237.322,1.53864,-0.0306089
236.324,1.53847,-0.0307875
235.326,1.53829,-0.0309676
234.328,1.5381,-0.0311492
233.33,1.53792,-0.0313324
232.331,1.53774,-0.0315172
231.333,1.53755,-0.0317036
230.335,1.53736,-0.0318916
229.337,1.53717,-0.0320812
228.339,1.53698,-0.0322725
227.341,1.53679,-0.0324655
226.343,1.5366,-0.0326601
225.345,1.5364,-0.0328565
224.347,1.5362,-0.0330547
223.349,1.536,-0.0332546
222.351,1.5358,-0.0334564
221.353,1.5356,-0.0336599
220.355,1.53539,-0.0338653
219.357,1.53519,-0.0340726
218.359,1.53498,-0.0342818
217.361,1.53477,-0.0344929
216.363,1.53456,-0.0347059
215.365,1.53434,-0.0349209
214.367,1.53413,-0.035138
213.369,1.53391,-0.035357
212.372,1.53369,-0.0355782
211.374,1.53346,-0.0358014
210.376,1.53324,-0.0360267
209.378,1.53301,-0.0362542
208.381,1.53278,-0.0364839
207.383,1.53255,-0.0367158
206.385,1.53232,-0.03695
205.387,1.53208,-0.0371864
204.39,1.53184,-0.0374251
203.392,1.5316,-0.0376662
202.395,1.53136,-0.0379097
201.397,1.53112,-0.0381556
200.4,1.53087,-0.0384039
199.402,1.53062,-0.0386547
198.405,1.53037,-0.0389081
197.407,1.53011,-0.039164
196.41,1.52985,-0.0394225
195.412,1.52959,-0.0396837
194.415,1.52933,-0.0399476
193.417,1.52906,-0.0402142
192.42,1.5288,-0.0404835
191.423,1.52853,-0.0407557
190.426,1.52825,-0.0410308
189.428,1.52797,-0.0413087
188.431,1.52769,-0.0415896
187.434,1.52741,-0.0418735
186.437,1.52713,-0.0421604
185.44,1.52684,-0.0424504
184.442,1.52654,-0.0427436
183.445,1.52625,-0.04304
182.448,1.52595,-0.0433396
181.451,1.52565,-0.0436425
180.454,1.52534,-0.0439488
179.457,1.52504,-0.0442585
178.461,1.52472,-0.0445717
177.464,1.52441,-0.0448884
176.467,1.52409,-0.0452087
175.47,1.52377,-0.0455326
174.473,1.52344,-0.0458602
173.477,1.52311,-0.0461917
172.48,1.52278,-0.0465269
171.483,1.52244,-0.0468661
170.487,1.5221,-0.0472093
169.49,1.52175,-0.0475565
168.493,1.5214,-0.0479078
167.497,1.52105,-0.0482633
166.501,1.52069,-0.0486231
165.504,1.52033,-0.0489873
164.508,1.51996,-0.0493558
163.511,1.51959,-0.0497289
162.515,1.51921,-0.0501066
161.519,1.51883,-0.0504889
160.523,1.51845,-0.0508761
159.527,1.51806,-0.051268
158.531,1.51766,-0.0516649
157.535,1.51726,-0.0520669
156.539,1.51686,-0.052474
155.543,1.51645,-0.0528863
154.547,1.51603,-0.0533039
153.551,1.51561,-0.053727
152.555,1.51519,-0.0541557
151.559,1.51475,-0.05459
150.564,1.51432,-0.0550301
149.568,1.51387,-0.055476
148.573,1.51342,-0.055928
147.577,1.51297,-0.0563861
146.582,1.51251,-0.0568504
145.586,1.51204,-0.0573211
144.591,1.51157,-0.0577983
143.596,1.51108,-0.0582822
142.601,1.5106,-0.0587729
141.606,1.5101,-0.0592705
140.61,1.5096,-0.0597752
139.616,1.50909,-0.0602871
138.621,1.50858,-0.0608063
137.626,1.50805,-0.0613332
136.631,1.50752,-0.0618677
135.636,1.50699,-0.0624102
134.642,1.50644,-0.0629606
133.647,1.50588,-0.0635194
132.653,1.50532,-0.0640865
131.659,1.50475,-0.0646623
130.664,1.50417,-0.0652469
129.67,1.50358,-0.0658405
128.676,1.50298,-0.0664433
127.682,1.50238,-0.0670556
126.688,1.50176,-0.0676775
125.694,1.50113,-0.0683094
124.701,1.5005,-0.0689513
123.707,1.49985,-0.0696037
122.714,1.49919,-0.0702667
121.72,1.49852,-0.0709405
120.727,1.49785,-0.0716256
119.734,1.49716,-0.0723221
118.741,1.49645,-0.0730303
117.748,1.49574,-0.0737506
116.755,1.49502,-0.0744832
115.762,1.49428,-0.0752284
114.77,1.49353,-0.0759866
113.777,1.49276,-0.0767582
112.785,1.49199,-0.0775435
111.793,1.4912,-0.0783428
110.801,1.49039,-0.0791565
109.809,1.48957,-0.0799851
108.817,1.48874,-0.0808289
107.826,1.48789,-0.0816883
106.834,1.48702,-0.0825639
105.843,1.48614,-0.083456
104.852,1.48525,-0.0843651
103.861,1.48433,-0.0852917
102.87,1.4834,-0.0862363
101.88,1.48245,-0.0871995
100.889,1.48148,-0.0881818
99.8989,1.48049,-0.0891838
98.9089,1.47948,-0.090206
97.9191,1.47845,-0.0912491
96.9295,1.47741,-0.0923137
95.9401,1.47633,-0.0934005
94.9509,1.47524,-0.0945103
93.9619,1.47413,-0.0956436
92.9732,1.47299,-0.0968014
91.9848,1.47182,-0.0979843
90.9965,1.47063,-0.0991932
90.0086,1.46942,-0.100429
89.0209,1.46818,-0.101693
88.0335,1.46691,-0.102985
87.0463,1.46561,-0.104307
86.0595,1.46428,-0.10566
85.0729,1.46293,-0.107044
84.0867,1.46154,-0.108462
83.1008,1.46011,-0.109913
82.1152,1.45866,-0.1114
81.13,1.45717,-0.112924
80.1452,1.45564,-0.114486
79.1607,1.45407,-0.116087
78.1766,1.45247,-0.117729
77.1929,1.45082,-0.119414
76.2097,1.44913,-0.121143
75.2268,1.4474,-0.122918
74.2445,1.44563,-0.12474
73.2626,1.4438,-0.126613
72.2811,1.44193,-0.128537
71.3002,1.44,-0.130516
70.3199,1.43803,-0.13255
69.3401,1.43599,-0.134644
68.3608,1.4339,-0.136799
67.3822,1.43175,-0.139017
66.4042,1.42954,-0.141303
65.4268,1.42726,-0.143658
64.4501,1.42492,-0.146087
63.4742,1.4225,-0.148592
62.499,1.42001,-0.151178
61.5245,1.41743,-0.153847
60.5509,1.41478,-0.156605
59.5782,1.41204,-0.159456
58.6064,1.40922,-0.162403
57.6355,1.4063,-0.165454
56.6656,1.40328,-0.168612
55.6968,1.40015,-0.171883
54.729,1.39692,-0.175274
53.7624,1.39358,-0.178792
52.7971,1.39011,-0.182443
51.833,1.38652,-0.186235
50.8703,1.38279,-0.190176
49.9091,1.37892,-0.194275
48.9493,1.37491,-0.198542
47.9912,1.37073,-0.202988
47.0348,1.3664,-0.207622
46.0802,1.36188,-0.212458
45.1275,1.35718,-0.217508
44.1769,1.35229,-0.222788
43.2284,1.34718,-0.228312
42.2823,1.34185,-0.234099
41.3387,1.33629,-0.240165
40.3977,1.33047,-0.246533
39.4596,1.32439,-0.253224
38.5245,1.31803,-0.260263
37.5926,1.31135,-0.267677
36.6643,1.30436,-0.275497
35.7397,1.29702,-0.283755
34.8192,1.28931,-0.29249
33.9031,1.2812,-0.30174
32.9917,1.27267,-0.311553
32.0855,1.26368,-0.321979
31.1848,1.25421,-0.333076
30.2901,1.24421,-0.344908
29.4021,1.23366,-0.357546
28.5212,1.2225,-0.371074
27.6482,1.21069,-0.385582
26.7837,1.1982,-0.401176
25.9287,1.18497,-0.417976
25.084,1.17094,-0.436117
24.2506,1.15608,-0.455755
23.4298,1.14032,-0.477069
22.6229,1.12361,-0.500264
21.8313,1.10592,-0.525577
21.0566,1.08719,-0.553279
20.3008,1.0674,-0.583685
19.5658,1.04654,-0.617155
18.8541,1.02462,-0.654103
18.1681,1.0017,-0.694999
17.5108,0.977877,-0.740378
16.8853,0.953324,-0.790829
16.295,0.928302,-0.846995
15.7436,0.903182,-0.909546
15.2351,0.878468,-0.979136
14.7736,0.854817,-1.05634
14.3632,0.833038,-1.14153
14.008,0.814076,-1.23477
13.7121,0.798959,-1.33564
13.479,0.788706,-1.4431
13.3116,0.7842,-1.55543
13.2124,0.78605,-1.67035
13.1826,0.794476,-1.78523
13.2228,0.809263,-1.89746
13.3324,0.829794,-2.00478
13.5098,0.855147,-2.10553
13.7527,0.884238,-2.1987
14.0579,0.915953,-2.28391
14.4219,0.949254,-2.36121
14.8406,0.983241,-2.43099
15.3098,1.01718,-2.49382
15.8254,1.05052,-2.55033
16.3833,1.08284,-2.60118
16.9795,1.11388,-2.647
17.6104,1.14345,-2.68837
18.2727,1.17149,-2.72581
18.9631,1.19794,-2.75978
19.6788,1.22284,-2.79068
20.4174,1.24623,-2.81888
21.1765,1.26817,-2.84468
21.9542,1.28873,-2.86835
22.7485,1.308,-2.89013
23.5579,1.32606,-2.91021
24.3809,1.34299,-2.92878
25.2162,1.35887,-2.946
26.0628,1.37378,-2.96199
26.9195,1.38779,-2.97688
27.7855,1.40096,-2.99078
28.6599,1.41336,-3.00377
29.542,1.42505,-3.01594
30.4313,1.43608,-3.02736
31.327,1.44649,-3.0381
32.2286,1.45633,-3.04821
33.1358,1.46564,-3.05775
34.048,1.47447,-3.06675
34.9649,1.48284,-3.07527
35.8861,1.49079,-3.08335
36.8113,1.49834,-3.091
37.7403,1.50553,-3.09827
38.6727,1.51237,-3.10519
39.6083,1.51889,-3.11177
40.547,1.52511,-3.11804
41.4884,1.53106,-3.12402
42.4325,1.53674,-3.12974
43.379,1.54217,-3.1352
44.3278,1.54737,-3.14043
45.2788,1.55235,-3.14543
46.2318,1.55713,-3.15023
47.1867,1.56172,-3.15484
48.1434,1.56612,-3.15926
49.1018,1.57035,-3.1635
50.0618,1.57442,-3.16759
51.0233,1.57834,-3.17152
51.9863,1.58211,-3.1753
52.9506,1.58574,-3.17895
53.9161,1.58924,-3.18247
54.8829,1.59262,-3.18586
55.8508,1.59589,-3.18913
56.8199,1.59904,-3.1923
57.7899,1.60208,-3.19536
58.761,1.60503,-3.19831
59.733,1.60787,-3.20117
60.7058,1.61063,-3.20395
61.6796,1.6133,-3.20663
62.6541,1.61588,-3.20923
63.6295,1.61839,-3.21175
64.6055,1.62082,-3.2142
65.5823,1.62318,-3.21657
66.5598,1.62547,-3.21887
67.5379,1.62769,-3.22111
68.5167,1.62984,-3.22328
69.496,1.63194,-3.2254
70.4759,1.63398,-3.22745
71.4564,1.63596,-3.22945
72.4374,1.63789,-3.2314
73.4188,1.63977,-3.23329
74.4008,1.64159,-3.23514
75.3833,1.64337,-3.23693
76.3662,1.6451,-3.23868
77.3495,1.64679,-3.24039
78.3333,1.64844,-3.24205
79.3174,1.65004,-3.24368
80.302,1.65161,-3.24526
81.2869,1.65313,-3.24681
82.2721,1.65462,-3.24832
83.2578,1.65608,-3.24979
84.2437,1.6575,-3.25123
85.23,1.65889,-3.25263
86.2166,1.66024,-3.25401
87.2035,1.66157,-3.25535
88.1907,1.66286,-3.25667
89.1781,1.66413,-3.25795
90.1659,1.66537,-3.25921
91.1539,1.66658,-3.26044
92.1421,1.66776,-3.26164
93.1306,1.66892,-3.26282
94.1194,1.67006,-3.26398
95.1084,1.67117,-3.26511
96.0976,1.67226,-3.26621
97.087,1.67332,-3.2673
98.0767,1.67437,-3.26836
99.0665,1.67539,-3.2694
100.057,1.6764,-3.27043
101.047,1.67738,-3.27143
102.037,1.67834,-3.27241
103.028,1.67929,-3.27337
104.019,1.68022,-3.27432
105.01,1.68113,-3.27525
106.001,1.68202,-3.27616
106.992,1.6829,-3.27705
107.983,1.68376,-3.27793
108.975,1.6846,-3.27879
109.967,1.68543,-3.27964
110.959,1.68624,-3.28047
111.951,1.68704,-3.28129
112.943,1.68783,-3.28209
113.935,1.6886,-3.28288
114.928,1.68936,-3.28366
115.92,1.6901,-3.28442
116.913,1.69084,-3.28517
117.906,1.69156,-3.28591
118.899,1.69226,-3.28663
119.892,1.69296,-3.28734
120.885,1.69365,-3.28805
121.878,1.69432,-3.28874
122.872,1.69498,-3.28941
123.865,1.69563,-3.29008
124.859,1.69627,-3.29074
125.853,1.69691,-3.29139
126.846,1.69753,-3.29203
127.84,1.69814,-3.29265
128.834,1.69874,-3.29327
129.828,1.69933,-3.29388
130.823,1.69992,-3.29448
131.817,1.70049,-3.29507
132.811,1.70106,-3.29565
133.806,1.70162,-3.29622
134.8,1.70217,-3.29679
135.795,1.70271,-3.29735
136.789,1.70324,-3.29789
137.784,1.70377,-3.29843
138.779,1.70429,-3.29897
139.774,1.7048,-3.29949
140.769,1.7053,-3.30001
141.764,1.7058,-3.30052
142.759,1.70629,-3.30103
143.754,1.70677,-3.30152
144.749,1.70725,-3.30201
145.745,1.70771,-3.3025
146.74,1.70818,-3.30297
147.736,1.70863,-3.30344
148.731,1.70909,-3.30391
149.727,1.70953,-3.30437
150.722,1.70997,-3.30482
151.718,1.7104,-3.30527
152.714,1.71083,-3.30571
153.709,1.71125,-3.30614
154.705,1.71167,-3.30657
155.701,1.71208,-3.30699
156.697,1.71248,-3.30741
157.693,1.71288,-3.30783
158.689,1.71328,-3.30823
159.685,1.71367,-3.30864
160.681,1.71406,-3.30904
161.678,1.71444,-3.30943
162.674,1.71481,-3.30982
163.67,1.71519,-3.3102
164.666,1.71555,-3.31058
165.663,1.71591,-3.31096
166.659,1.71627,-3.31133
167.656,1.71663,-3.31169
168.652,1.71698,-3.31205
169.649,1.71732,-3.31241
170.645,1.71766,-3.31276
171.642,1.718,-3.31311
172.638,1.71834,-3.31346
173.635,1.71867,-3.3138
174.632,1.71899,-3.31414
175.629,1.71931,-3.31447
176.625,1.71963,-3.3148
177.622,1.71995,-3.31513
178.619,1.72026,-3.31545
179.616,1.72057,-3.31577
180.613,1.72087,-3.31608
181.61,1.72117,-3.3164
182.607,1.72147,-3.3167
183.604,1.72177,-3.31701
184.601,1.72206,-3.31731
185.598,1.72235,-3.31761
186.595,1.72263,-3.31791
187.593,1.72291,-3.3182
188.59,1.72319,-3.31849
189.587,1.72347,-3.31878
190.584,1.72374,-3.31906
191.582,1.72401,-3.31934
192.579,1.72428,-3.31962
193.576,1.72455,-3.31989
194.574,1.72481,-3.32016
195.571,1.72507,-3.32043
196.568,1.72533,-3.3207
197.566,1.72558,-3.32096
198.563,1.72583,-3.32123
199.561,1.72608,-3.32148
200.558,1.72633,-3.32174
201.556,1.72657,-3.32199
202.553,1.72681,-3.32224
203.551,1.72705,-3.32249
204.549,1.72729,-3.32274
205.546,1.72753,-3.32298
206.544,1.72776,-3.32323
207.542,1.72799,-3.32346
208.539,1.72822,-3.3237
209.537,1.72844,-3.32394
210.535,1.72867,-3.32417
211.533,1.72889,-3.3244
212.53,1.72911,-3.32463
213.528,1.72933,-3.32485
214.526,1.72954,-3.32508
215.524,1.72975,-3.3253
216.522,1.72997,-3.32552
217.52,1.73018,-3.32574
218.518,1.73038,-3.32595
219.515,1.73059,-3.32617
220.513,1.73079,-3.32638
221.511,1.731,-3.32659
222.509,1.7312,-3.3268
223.507,1.73139,-3.327
224.505,1.73159,-3.32721
225.503,1.73179,-3.32741
226.501,1.73198,-3.32761
227.5,1.73217,-3.32781
228.498,1.73236,-3.32801
229.496,1.73255,-3.32821
230.494,1.73273,-3.3284
231.492,1.73292,-3.32859
232.49,1.7331,-3.32878
233.488,1.73328,-3.32897
234.487,1.73346,-3.32916
235.485,1.73364,-3.32935
236.483,1.73382,-3.32953
237.481,1.734,-3.32971
238.479,1.73417,-3.3299
239.478,1.73434,-3.33008
240.476,1.73451,-3.33025
241.474,1.73468,-3.33043
242.473,1.73485,-3.33061
243.471,1.73502,-3.33078
244.469,1.73519,-3.33095
245.468,1.73535,-3.33112
246.466,1.73551,-3.33129
247.464,1.73567,-3.33146
248.463,1.73584,-3.33163
249.461,1.73599,-3.3318
250.459,1.73615,-3.33196
251.458,1.73631,-3.33212
252.456,1.73646,-3.33229
253.455,1.73662,-3.33245
254.453,1.73677,-3.33261
255.452,1.73692,-3.33276
256.45,1.73707,-3.33292
257.449,1.73722,-3.33308
258.447,1.73737,-3.33323
259.446,1.73752,-3.33339
260.444,1.73766,-3.33354
261.443,1.73781,-3.33369
262.441,1.73795,-3.33384
263.44,1.73809,-3.33399
264.438,1.73824,-3.33414
265.437,1.73838,-3.33428
266.436,1.73852,-3.33443
267.434,1.73865,-3.33457
268.433,1.73879,-3.33472
269.431,1.73893,-3.33486
270.43,1.73906,-3.335
271.429,1.7392,-3.33514
272.427,1.73933,-3.33528
273.426,1.73946,-3.33542
274.425,1.73959,-3.33555
275.423,1.73972,-3.33569
276.422,1.73985,-3.33583
277.421,1.73998,-3.33596
278.42,1.74011,-3.33609
279.418,1.74024,-3.33623
280.417,1.74036,-3.33636
281.416,1.74049,-3.33649
282.415,1.74061,-3.33662
283.413,1.74073,-3.33675
284.412,1.74086,-3.33687
285.411,1.74098,-3.337
286.41,1.7411,-3.33713
287.408,1.74122,-3.33725
288.407,1.74134,-3.33738
289.406,1.74145,-3.3375
290.405,1.74157,-3.33762
291.404,1.74169,-3.33774
292.402,1.7418,-3.33786
293.401,1.74192,-3.33798
294.4,1.74203,-3.3381
295.399,1.74215,-3.33822
296.398,1.74226,-3.33834
297.397,1.74237,-3.33846
298.396,1.74248,-3.33857
299.395,1.74259,-3.33869
300.393,1.7427,-3.3388
301.392,1.74281,-3.33892
302.391,1.74292,-3.33903
303.39,1.74303,-3.33914
304.389,1.74313,-3.33925
305.388,1.74324,-3.33936
306.387,1.74334,-3.33947
307.386,1.74345,-3.33958
308.385,1.74355,-3.33969
309.384,1.74365,-3.3398
310.383,1.74376,-3.33991
311.382,1.74386,-3.34001
312.381,1.74396,-3.34012
313.38,1.74406,-3.34023
314.379,1.74416,-3.34033
315.378,1.74426,-3.34043
316.377,1.74436,-3.34054
317.376,1.74446,-3.34064
318.375,1.74455,-3.34074
319.374,1.74465,-3.34084
320.373,1.74475,-3.34094
321.372,1.74484,-3.34104
322.371,1.74494,-3.34114
323.37,1.74503,-3.34124
324.369,1.74513,-3.34134
325.368,1.74522,-3.34144
326.367,1.74531,-3.34154
327.366,1.7454,-3.34163
328.365,1.7455,-3.34173
329.364,1.74559,-3.34182
330.363,1.74568,-3.34192
331.362,1.74577,-3.34201
332.362,1.74586,-3.34211
333.361,1.74595,-3.3422
334.36,1.74603,-3.34229
335.359,1.74612,-3.34238
336.358,1.74621,-3.34248
337.357,1.7463,-3.34257
338.356,1.74638,-3.34266
339.355,1.74647,-3.34275
340.355,1.74655,-3.34284
341.354,1.74664,-3.34293
342.353,1.74672,-3.34301
343.352,1.74681,-3.3431
344.351,1.74689,-3.34319
345.35,1.74697,-3.34328
346.349,1.74705,-3.34336
347.349,1.74714,-3.34345
348.348,1.74722,-3.34353
349.347,1.7473,-3.34362
350.346,1.74738,-3.3437
351.345,1.74746,-3.34379
352.345,1.74754,-3.34387
353.344,1.74762,-3.34395
354.343,1.7477,-3.34403
355.342,1.74777,-3.34412
356.341,1.74785,-3.3442
357.341,1.74793,-3.34428
358.34,1.74801,-3.34436
359.339,1.74808,-3.34444
360.338,1.74816,-3.34452
361.338,1.74823,-3.3446
362.337,1.74831,-3.34468
363.336,1.74838,-3.34476
364.335,1.74846,-3.34483
365.334,1.74853,-3.34491
366.334,1.7486,-3.34499
367.333,1.74868,-3.34507
368.332,1.74875,-3.34514
369.332,1.74882,-3.34522
370.331,1.74889,-3.34529
371.33,1.74897,-3.34537
372.329,1.74904,-3.34544
373.329,1.74911,-3.34552
374.328,1.74918,-3.34559
375.327,1.74925,-3.34567
376.327,1.74932,-3.34574
377.326,1.74939,-3.34581
378.325,1.74946,-3.34588
379.324,1.74953,-3.34596
380.324,1.74959,-3.34603
381.323,1.74966,-3.3461
382.322,1.74973,-3.34617
383.322,1.7498,-3.34624
384.321,1.74986,-3.34631
385.32,1.74993,-3.34638
386.32,1.75,-3.34645
387.319,1.75006,-3.34652
388.318,1.75013,-3.34659
389.318,1.75019,-3.34665
390.317,1.75026,-3.34672
391.316,1.75032,-3.34679
392.316,1.75038,-3.34686
393.315,1.75045,-3.34692
394.314,1.75051,-3.34699
395.314,1.75057,-3.34706
396.313,1.75064,-3.34712
397.313,1.7507,-3.34719
398.312,1.75076,-3.34725
399.311,1.75082,-3.34732
400.311,1.75089,-3.34738
401.31,1.75095,-3.34745
402.309,1.75101,-3.34751
403.309,1.75107,-3.34758
404.308,1.75113,-3.34764
405.308,1.75119,-3.3477
406.307,1.75125,-3.34777
407.306,1.75131,-3.34783
408.306,1.75137,-3.34789
409.305,1.75143,-3.34795
410.305,1.75148,-3.34801
411.304,1.75154,-3.34807
412.303,1.7516,-3.34814
413.303,1.75166,-3.3482
414.302,1.75172,-3.34826
415.302,1.75177,-3.34832
416.301,1.75183,-3.34838
417.301,1.75189,-3.34844
418.3,1.75194,-3.34849
419.299,1.752,-3.34855
420.299,1.75205,-3.34861
421.298,1.75211,-3.34867
422.298,1.75216,-3.34873
423.297,1.75222,-3.34879
424.297,1.75227,-3.34884
425.296,1.75233,-3.3489
426.295,1.75238,-3.34896
427.295,1.75244,-3.34902
428.294,1.75249,-3.34907
429.294,1.75254,-3.34913
430.293,1.7526,-3.34918
431.293,1.75265,-3.34924
432.292,1.7527,-3.3493
433.292,1.75276,-3.34935
434.291,1.75281,-3.34941
435.291,1.75286,-3.34946
436.29,1.75291,-3.34951
437.29,1.75296,-3.34957
438.289,1.75301,-3.34962
439.289,1.75307,-3.34968
440.288,1.75312,-3.34973
441.288,1.75317,-3.34978
442.287,1.75322,-3.34984
443.287,1.75327,-3.34989
444.286,1.75332,-3.34994
445.286,1.75337,-3.34999
446.285,1.75342,-3.35005
447.285,1.75347,-3.3501
448.284,1.75351,-3.35015
449.284,1.75356,-3.3502
450.283,1.75361,-3.35025
451.283,1.75366,-3.3503
452.282,1.75371,-3.35035
453.282,1.75376,-3.3504
454.281,1.7538,-3.35045
455.281,1.75385,-3.3505
456.28,1.7539,-3.35055
457.28,1.75395,-3.3506
458.279,1.75399,-3.35065
459.279,1.75404,-3.3507
460.278,1.75409,-3.35075
461.278,1.75413,-3.3508
462.277,1.75418,-3.35085
463.277,1.75422,-3.3509
464.276,1.75427,-3.35094
465.276,1.75432,-3.35099
466.275,1.75436,-3.35104
467.275,1.75441,-3.35109
468.275,1.75445,-3.35113
469.274,1.7545,-3.35118
470.274,1.75454,-3.35123
471.273,1.75458,-3.35128
472.273,1.75463,-3.35132
473.272,1.75467,-3.35137
474.272,1.75472,-3.35141
475.271,1.75476,-3.35146
476.271,1.7548,-3.35151
477.271,1.75485,-3.35155
478.27,1.75489,-3.3516
479.27,1.75493,-3.35164
480.269,1.75498,-3.35169
481.269,1.75502,-3.35173
482.268,1.75506,-3.35178
483.268,1.7551,-3.35182
484.268,1.75514,-3.35186
485.267,1.75519,-3.35191
486.267,1.75523,-3.35195
487.266,1.75527,-3.352
488.266,1.75531,-3.35204
489.265,1.75535,-3.35208
490.265,1.75539,-3.35213
491.265,1.75543,-3.35217
492.264,1.75547,-3.35221
493.264,1.75551,-3.35225
494.263,1.75556,-3.3523
495.263,1.7556,-3.35234
496.263,1.75564,-3.35238
497.262,1.75568,-3.35242
498.262,1.75571,-3.35247
499.261,1.75575,-3.35251
500.261,1.75579,-3.35255
501.261,1.75583,-3.35259
502.26,1.75587,-3.35263
503.26,1.75591,-3.35267
504.259,1.75595,-3.35271
505.259,1.75599,-3.35275
506.259,1.75603,-3.35279
507.258,1.75606,-3.35283
508.258,1.7561,-3.35287
509.257,1.75614,-3.35291
510.257,1.75618,-3.35295
511.257,1.75622,-3.35299
512.256,1.75625,-3.35303
513.256,1.75629,-3.35307
514.256,1.75633,-3.35311
515.255,1.75637,-3.35315
516.255,1.7564,-3.35319
517.254,1.75644,-3.35323
518.254,1.75648,-3.35327
519.254,1.75651,-3.35331
520.253,1.75655,-3.35334
521.253,1.75658,-3.35338
522.253,1.75662,-3.35342
523.252,1.75666,-3.35346
524.252,1.75669,-3.3535
525.251,1.75673,-3.35353
526.251,1.75676,-3.35357
527.251,1.7568,-3.35361
528.25,1.75683,-3.35365
529.25,1.75687,-3.35368
530.25,1.7569,-3.35372
531.249,1.75694,-3.35376
532.249,1.75697,-3.35379
533.249,1.75701,-3.35383
534.248,1.75704,-3.35387
535.248,1.75708,-3.3539
536.248,1.75711,-3.35394
537.247,1.75715,-3.35397
538.247,1.75718,-3.35401
539.247,1.75721,-3.35405
540.246,1.75725,-3.35408
541.246,1.75728,-3.35412
542.245,1.75731,-3.35415
543.245,1.75735,-3.35419
544.245,1.75738,-3.35422
545.244,1.75741,-3.35426
546.244,1.75745,-3.35429
547.244,1.75748,-3.35433
548.243,1.75751,-3.35436
549.243,1.75755,-3.35439
550.243,1.75758,-3.35443
551.242,1.75761,-3.35446
552.242,1.75764,-3.3545
553.242,1.75767,-3.35453
554.242,1.75771,-3.35457
555.241,1.75774,-3.3546
556.241,1.75777,-3.35463
557.241,1.7578,-3.35467
558.24,1.75783,-3.3547
559.24,1.75786,-3.35473
560.24,1.7579,-3.35477
561.239,1.75793,-3.3548
562.239,1.75796,-3.35483
563.239,1.75799,-3.35486
564.238,1.75802,-3.3549
565.238,1.75805,-3.35493
566.238,1.75808,-3.35496
567.237,1.75811,-3.35499
568.237,1.75814,-3.35503
569.237,1.75817,-3.35506
570.236,1.7582,-3.35509
571.236,1.75823,-3.35512
572.236,1.75826,-3.35515
573.236,1.75829,-3.35518
574.235,1.75832,-3.35522
575.235,1.75835,-3.35525
576.235,1.75838,-3.35528
577.234,1.75841,-3.35531
578.234,1.75844,-3.35534
579.234,1.75847,-3.35537
580.233,1.7585,-3.3554
581.233,1.75853,-3.35543
582.233,1.75856,-3.35546
583.233,1.75859,-3.35549
584.232,1.75862,-3.35552
585.232,1.75864,-3.35556
586.232,1.75867,-3.35559
587.231,1.7587,-3.35562
588.231,1.75873,-3.35565
589.231,1.75876,-3.35568
590.231,1.75879,-3.35571
591.23,1.75882,-3.35573
592.23,1.75884,-3.35576
593.23,1.75887,-3.35579
594.229,1.7589,-3.35582
595.229,1.75893,-3.35585
596.229,1.75895,-3.35588
597.229,1.75898,-3.35591
598.228,1.75901,-3.35594
599.228,1.75904,-3.35597
600.228,1.75906,-3.356
601.227,1.75909,-3.35603
602.227,1.75912,-3.35606
603.227,1.75915,-3.35608
604.227,1.75917,-3.35611
605.226,1.7592,-3.35614
606.226,1.75923,-3.35617
607.226,1.75925,-3.3562
608.226,1.75928,-3.35622
609.225,1.75931,-3.35625
610.225,1.75933,-3.35628
611.225,1.75936,-3.35631
612.224,1.75938,-3.35634
613.224,1.75941,-3.35636
614.224,1.75944,-3.35639
615.224,1.75946,-3.35642
616.223,1.75949,-3.35645
617.223,1.75951,-3.35647
618.223,1.75954,-3.3565
619.223,1.75957,-3.35653
620.222,1.75959,-3.35655
621.222,1.75962,-3.35658
622.222,1.75964,-3.35661
623.222,1.75967,-3.35663
624.221,1.75969,-3.35666
625.221,1.75972,-3.35669
626.221,1.75974,-3.35671
627.221,1.75977,-3.35674
628.22,1.75979,-3.35677
629.22,1.75982,-3.35679
630.22,1.75984,-3.35682
631.22,1.75987,-3.35685
632.219,1.75989,-3.35687
633.219,1.75992,-3.3569
634.219,1.75994,-3.35692
635.219,1.75997,-3.35695
636.218,1.75999,-3.35697
637.218,1.76001,-3.357
638.218,1.76004,-3.35703
639.218,1.76006,-3.35705
640.217,1.76009,-3.35708
641.217,1.76011,-3.3571
642.217,1.76013,-3.35713
643.217,1.76016,-3.35715
644.216,1.76018,-3.35718
645.216,1.7602,-3.3572
646.216,1.76023,-3.35723
647.216,1.76025,-3.35725
648.215,1.76028,-3.35728
649.215,1.7603,-3.3573
650.215,1.76032,-3.35733
651.215,1.76035,-3.35735
652.214,1.76037,-3.35737
653.214,1.76039,-3.3574
654.214,1.76041,-3.35742
655.214,1.76044,-3.35745
656.214,1.76046,-3.35747
657.213,1.76048,-3.3575
658.213,1.76051,-3.35752
659.213,1.76053,-3.35754
660.213,1.76055,-3.35757
661.212,1.76057,-3.35759
662.212,1.7606,-3.35761
663.212,1.76062,-3.35764
664.212,1.76064,-3.35766
665.211,1.76066,-3.35769
666.211,1.76068,-3.35771
667.211,1.76071,-3.35773
668.211,1.76073,-3.35776
669.211,1.76075,-3.35778
670.21,1.76077,-3.3578
671.21,1.76079,-3.35782
672.21,1.76082,-3.35785
673.21,1.76084,-3.35787
674.209,1.76086,-3.35789
675.209,1.76088,-3.35792
676.209,1.7609,-3.35794
677.209,1.76092,-3.35796
678.209,1.76095,-3.35798
679.208,1.76097,-3.35801
680.208,1.76099,-3.35803
681.208,1.76101,-3.35805
682.208,1.76103,-3.35807
683.208,1.76105,-3.3581
684.207,1.76107,-3.35812
685.207,1.76109,-3.35814
686.207,1.76111,-3.35816
687.207,1.76113,-3.35818
688.206,1.76116,-3.35821
689.206,1.76118,-3.35823
690.206,1.7612,-3.35825
691.206,1.76122,-3.35827
692.206,1.76124,-3.35829
693.205,1.76126,-3.35831
694.205,1.76128,-3.35834
695.205,1.7613,-3.35836
696.205,1.76132,-3.35838
697.205,1.76134,-3.3584
698.204,1.76136,-3.35842
699.204,1.76138,-3.35844
700.204,1.7614,-3.35846
701.204,1.76142,-3.35849
702.204,1.76144,-3.35851
703.203,1.76146,-3.35853
704.203,1.76148,-3.35855
705.203,1.7615,-3.35857
706.203,1.76152,-3.35859
707.203,1.76154,-3.35861
708.202,1.76156,-3.35863
709.202,1.76158,-3.35865
710.202,1.7616,-3.35867
711.202,1.76162,-3.35869
712.202,1.76164,-3.35871
713.201,1.76166,-3.35873
714.201,1.76167,-3.35875
715.201,1.76169,-3.35878
716.201,1.76171,-3.3588
717.201,1.76173,-3.35882
718.2,1.76175,-3.35884
719.2,1.76177,-3.35886
720.2,1.76179,-3.35888
721.2,1.76181,-3.3589
722.2,1.76183,-3.35892
723.199,1.76185,-3.35894
724.199,1.76186,-3.35896
725.199,1.76188,-3.35898
726.199,1.7619,-3.35899
727.199,1.76192,-3.35901
728.199,1.76194,-3.35903
729.198,1.76196,-3.35905
730.198,1.76198,-3.35907
731.198,1.76199,-3.35909
732.198,1.76201,-3.35911
733.198,1.76203,-3.35913
734.197,1.76205,-3.35915
735.197,1.76207,-3.35917
736.197,1.76208,-3.35919
737.197,1.7621,-3.35921
738.197,1.76212,-3.35923
739.196,1.76214,-3.35925
740.196,1.76216,-3.35927
741.196,1.76217,-3.35928
742.196,1.76219,-3.3593
743.196,1.76221,-3.35932
744.196,1.76223,-3.35934
745.195,1.76225,-3.35936
746.195,1.76226,-3.35938
747.195,1.76228,-3.3594
748.195,1.7623,-3.35942
749.195,1.76232,-3.35943
750.195,1.76233,-3.35945
751.194,1.76235,-3.35947
752.194,1.76237,-3.35949
753.194,1.76239,-3.35951
754.194,1.7624,-3.35953
755.194,1.76242,-3.35954
756.193,1.76244,-3.35956
757.193,1.76245,-3.35958
758.193,1.76247,-3.3596
759.193,1.76249,-3.35962
760.193,1.76251,-3.35963
761.193,1.76252,-3.35965
762.192,1.76254,-3.35967
763.192,1.76256,-3.35969
764.192,1.76257,-3.35971
765.192,1.76259,-3.35972
766.192,1.76261,-3.35974
767.192,1.76262,-3.35976
768.191,1.76264,-3.35978
769.191,1.76266,-3.35979
770.191,1.76267,-3.35981
771.191,1.76269,-3.35983
772.191,1.76271,-3.35985
773.191,1.76272,-3.35986
774.19,1.76274,-3.35988
775.19,1.76276,-3.3599
776.19,1.76277,-3.35992
777.19,1.76279,-3.35993
778.19,1.7628,-3.35995
779.19,1.76282,-3.35997
780.189,1.76284,-3.35998
781.189,1.76285,-3.36
782.189,1.76287,-3.36002
783.189,1.76288,-3.36003
784.189,1.7629,-3.36005
785.189,1.76292,-3.36007
786.188,1.76293,-3.36009
787.188,1.76295,-3.3601
788.188,1.76296,-3.36012
789.188,1.76298,-3.36014
790.188,1.763,-3.36015
791.188,1.76301,-3.36017
792.187,1.76303,-3.36019
793.187,1.76304,-3.3602
794.187,1.76306,-3.36022
795.187,1.76307,-3.36023
796.187,1.76309,-3.36025
797.187,1.7631,-3.36027
798.187,1.76312,-3.36028
799.186,1.76314,-3.3603
800.186,1.76315,-3.36032
801.186,1.76317,-3.36033
802.186,1.76318,-3.36035
803.186,1.7632,-3.36036
804.186,1.76321,-3.36038
805.185,1.76323,-3.3604
806.185,1.76324,-3.36041
807.185,1.76326,-3.36043
808.185,1.76327,-3.36044
809.185,1.76329,-3.36046
810.185,1.7633,-3.36048
811.185,1.76332,-3.36049
812.184,1.76333,-3.36051
813.184,1.76335,-3.36052
814.184,1.76336,-3.36054
815.184,1.76338,-3.36055
816.184,1.76339,-3.36057
817.184,1.76341,-3.36059
818.183,1.76342,-3.3606
819.183,1.76344,-3.36062
820.183,1.76345,-3.36063
821.183,1.76346,-3.36065
822.183,1.76348,-3.36066
823.183,1.76349,-3.36068
824.183,1.76351,-3.36069
825.182,1.76352,-3.36071
826.182,1.76354,-3.36072
827.182,1.76355,-3.36074
828.182,1.76357,-3.36075
829.182,1.76358,-3.36077
830.182,1.76359,-3.36079
831.182,1.76361,-3.3608
832.181,1.76362,-3.36082
833.181,1.76364,-3.36083
834.181,1.76365,-3.36085
835.181,1.76366,-3.36086
836.181,1.76368,-3.36087
837.181,1.76369,-3.36089
838.181,1.76371,-3.3609
839.18,1.76372,-3.36092
840.18,1.76373,-3.36093
841.18,1.76375,-3.36095
842.18,1.76376,-3.36096
843.18,1.76378,-3.36098
844.18,1.76379,-3.36099
845.18,1.7638,-3.36101
846.179,1.76382,-3.36102
847.179,1.76383,-3.36104
848.179,1.76384,-3.36105
849.179,1.76386,-3.36106
850.179,1.76387,-3.36108
851.179,1.76389,-3.36109
852.179,1.7639,-3.36111
853.178,1.76391,-3.36112
854.178,1.76393,-3.36114
855.178,1.76394,-3.36115
856.178,1.76395,-3.36116
857.178,1.76397,-3.36118
858.178,1.76398,-3.36119
859.178,1.76399,-3.36121
860.177,1.76401,-3.36122
861.177,1.76402,-3.36124
862.177,1.76403,-3.36125
863.177,1.76405,-3.36126
864.177,1.76406,-3.36128
865.177,1.76407,-3.36129
866.177,1.76408,-3.3613
867.177,1.7641,-3.36132
868.176,1.76411,-3.36133
869.176,1.76412,-3.36135
870.176,1.76414,-3.36136
871.176,1.76415,-3.36137
872.176,1.76416,-3.36139
873.176,1.76418,-3.3614
874.176,1.76419,-3.36141
875.176,1.7642,-3.36143
876.175,1.76421,-3.36144
877.175,1.76423,-3.36146
878.175,1.76424,-3.36147
879.175,1.76425,-3.36148
880.175,1.76426,-3.3615
881.175,1.76428,-3.36151
882.175,1.76429,-3.36152
883.174,1.7643,-3.36154
884.174,1.76432,-3.36155
885.174,1.76433,-3.36156
886.174,1.76434,-3.36158
887.174,1.76435,-3.36159
888.174,1.76437,-3.3616
889.174,1.76438,-3.36161
890.174,1.76439,-3.36163
891.173,1.7644,-3.36164
892.173,1.76441,-3.36165
893.173,1.76443,-3.36167
894.173,1.76444,-3.36168
895.173,1.76445,-3.36169
896.173,1.76446,-3.36171
897.173,1.76448,-3.36172
898.173,1.76449,-3.36173
899.172,1.7645,-3.36174
900.172,1.76451,-3.36176
901.172,1.76452,-3.36177
902.172,1.76454,-3.36178
903.172,1.76455,-3.3618
904.172,1.76456,-3.36181
905.172,1.76457,-3.36182
906.172,1.76458,-3.36183
907.171,1.7646,-3.36185
908.171,1.76461,-3.36186
909.171,1.76462,-3.36187
910.171,1.76463,-3.36188
911.171,1.76464,-3.3619
912.171,1.76466,-3.36191
913.171,1.76467,-3.36192
914.171,1.76468,-3.36193
915.171,1.76469,-3.36195
916.17,1.7647,-3.36196
917.17,1.76471,-3.36197
918.17,1.76473,-3.36198
919.17,1.76474,-3.362
920.17,1.76475,-3.36201
921.17,1.76476,-3.36202
922.17,1.76477,-3.36203
923.17,1.76478,-3.36204
924.169,1.7648,-3.36206
925.169,1.76481,-3.36207
926.169,1.76482,-3.36208
927.169,1.76483,-3.36209
928.169,1.76484,-3.36211
929.169,1.76485,-3.36212
930.169,1.76486,-3.36213
931.169,1.76488,-3.36214
932.169,1.76489,-3.36215
933.168,1.7649,-3.36217
934.168,1.76491,-3.36218
935.168,1.76492,-3.36219
936.168,1.76493,-3.3622
937.168,1.76494,-3.36221
938.168,1.76495,-3.36222
939.168,1.76496,-3.36224
940.168,1.76498,-3.36225
941.168,1.76499,-3.36226
942.167,1.765,-3.36227
943.167,1.76501,-3.36228
944.167,1.76502,-3.3623
945.167,1.76503,-3.36231
946.167,1.76504,-3.36232
947.167,1.76505,-3.36233
948.167,1.76506,-3.36234
949.167,1.76507,-3.36235
950.167,1.76509,-3.36236
951.166,1.7651,-3.36238
952.166,1.76511,-3.36239
953.166,1.76512,-3.3624
954.166,1.76513,-3.36241
955.166,1.76514,-3.36242
956.166,1.76515,-3.36243
957.166,1.76516,-3.36244
958.166,1.76517,-3.36246
959.166,1.76518,-3.36247
960.165,1.76519,-3.36248
961.165,1.7652,-3.36249
962.165,1.76521,-3.3625
963.165,1.76522,-3.36251
964.165,1.76524,-3.36252
965.165,1.76525,-3.36253
966.165,1.76526,-3.36255
967.165,1.76527,-3.36256
968.165,1.76528,-3.36257
969.164,1.76529,-3.36258
970.164,1.7653,-3.36259
971.164,1.76531,-3.3626
972.164,1.76532,-3.36261
973.164,1.76533,-3.36262
974.164,1.76534,-3.36263
975.164,1.76535,-3.36264
976.164,1.76536,-3.36266
977.164,1.76537,-3.36267
978.163,1.76538,-3.36268
979.163,1.76539,-3.36269
980.163,1.7654,-3.3627
981.163,1.76541,-3.36271
982.163,1.76542,-3.36272
983.163,1.76543,-3.36273
984.163,1.76544,-3.36274
985.163,1.76545,-3.36275
986.163,1.76546,-3.36276
987.163,1.76547,-3.36277
988.162,1.76548,-3.36279
989.162,1.76549,-3.3628
990.162,1.7655,-3.36281
991.162,1.76551,-3.36282
992.162,1.76552,-3.36283
993.162,1.76553,-3.36284
994.162,1.76554,-3.36285
995.162,1.76555,-3.36286
996.162,1.76556,-3.36287
997.162,1.76557,-3.36288
998.161,1.76558,-3.36289
