999.001,1.57079,0.00156079
998.001,1.57078,0.00155076
997.002,1.57077,0.00154071
996.002,1.57076,0.00153064
995.002,1.57075,0.00152055
994.002,1.57074,0.00151044
993.002,1.57073,0.00150031
992.002,1.57072,0.00149016
991.002,1.57071,0.00147999
990.002,1.5707,0.0014698
989.002,1.57069,0.00145958
988.002,1.57067,0.00144935
987.003,1.57066,0.0014391
986.003,1.57065,0.00142882
985.003,1.57064,0.00141853
984.003,1.57063,0.00140821
983.003,1.57062,0.00139787
982.003,1.57061,0.00138751
981.003,1.5706,0.00137714
980.003,1.57059,0.00136673
979.003,1.57058,0.00135631
978.003,1.57057,0.00134587
977.004,1.57056,0.0013354
976.004,1.57055,0.00132492
975.004,1.57054,0.00131441
974.004,1.57053,0.00130388
973.004,1.57052,0.00129333
972.004,1.57051,0.00128276
971.004,1.5705,0.00127216
970.004,1.57049,0.00126155
969.004,1.57048,0.00125091
968.005,1.57047,0.00124025
967.005,1.57046,0.00122957
966.005,1.57044,0.00121886
965.005,1.57043,0.00120814
964.005,1.57042,0.00119739
963.005,1.57041,0.00118662
962.005,1.5704,0.00117583
961.005,1.57039,0.00116501
960.005,1.57038,0.00115417
959.005,1.57037,0.00114331
958.006,1.57036,0.00113243
957.006,1.57035,0.00112152
956.006,1.57034,0.00111059
955.006,1.57033,0.00109964
954.006,1.57031,0.00108867
953.006,1.5703,0.00107767
952.006,1.57029,0.00106665
951.006,1.57028,0.0010556
950.006,1.57027,0.00104454
949.007,1.57026,0.00103344
948.007,1.57025,0.00102233
947.007,1.57024,0.00101119
946.007,1.57023,0.00100003
945.007,1.57021,0.000988847
944.007,1.5702,0.000977638
943.007,1.57019,0.000966406
942.007,1.57018,0.00095515
941.007,1.57017,0.00094387
940.008,1.57016,0.000932566
939.008,1.57015,0.000921238
938.008,1.57014,0.000909886
937.008,1.57012,0.000898509
936.008,1.57011,0.000887108
935.008,1.5701,0.000875683
934.008,1.57009,0.000864233
933.008,1.57008,0.000852759
932.009,1.57007,0.000841261
931.009,1.57006,0.000829737
930.009,1.57004,0.000818189
929.009,1.57003,0.000806616
928.009,1.57002,0.000795018
927.009,1.57001,0.000783394
926.009,1.57,0.000771746
925.009,1.56999,0.000760073
924.009,1.56997,0.000748374
923.01,1.56996,0.00073665
922.01,1.56995,0.000724901
921.01,1.56994,0.000713126
920.01,1.56993,0.000701326
919.01,1.56992,0.000689499
918.01,1.5699,0.000677647
917.01,1.56989,0.00066577
916.01,1.56988,0.000653866
915.011,1.56987,0.000641936
914.011,1.56986,0.00062998
913.011,1.56984,0.000617998
912.011,1.56983,0.00060599
911.011,1.56982,0.000593955
910.011,1.56981,0.000581894
909.011,1.5698,0.000569807
908.011,1.56978,0.000557692
907.011,1.56977,0.000545551
906.012,1.56976,0.000533383
905.012,1.56975,0.000521189
904.012,1.56973,0.000508967
903.012,1.56972,0.000496718
902.012,1.56971,0.000484443
901.012,1.5697,0.00047214
900.012,1.56969,0.000459809
899.012,1.56967,0.000447451
898.013,1.56966,0.000435066
897.013,1.56965,0.000422653
896.013,1.56964,0.000410212
895.013,1.56962,0.000397744
894.013,1.56961,0.000385247
893.013,1.5696,0.000372723
892.013,1.56959,0.00036017
891.013,1.56957,0.00034759
890.014,1.56956,0.000334981
889.014,1.56955,0.000322344
888.014,1.56954,0.000309678
887.014,1.56952,0.000296984
886.014,1.56951,0.000284261
885.014,1.5695,0.000271509
884.014,1.56948,0.000258729
883.014,1.56947,0.000245919
882.015,1.56946,0.000233081
881.015,1.56945,0.000220213
880.015,1.56943,0.000207316
879.015,1.56942,0.00019439
878.015,1.56941,0.000181434
877.015,1.56939,0.000168449
876.015,1.56938,0.000155434
875.015,1.56937,0.000142389
874.016,1.56935,0.000129315
873.016,1.56934,0.000116211
872.016,1.56933,0.000103076
871.016,1.56932,8.99116e-05
870.016,1.5693,7.67168e-05
869.016,1.56929,6.34915e-05
868.016,1.56928,5.02359e-05
867.017,1.56926,3.69496e-05
866.017,1.56925,2.36326e-05
865.017,1.56924,1.02849e-05
864.017,1.56922,-3.09371e-06
863.017,1.56921,-1.65033e-05
862.017,1.5692,-2.99441e-05
861.017,1.56918,-4.3416e-05
860.017,1.56917,-5.69193e-05
859.018,1.56916,-7.0454e-05
858.018,1.56914,-8.40203e-05
857.018,1.56913,-9.76182e-05
856.018,1.56911,-0.000111248
855.018,1.5691,-0.000124909
854.018,1.56909,-0.000138603
853.018,1.56907,-0.000152329
852.019,1.56906,-0.000166086
851.019,1.56905,-0.000179877
850.019,1.56903,-0.000193699
849.019,1.56902,-0.000207554
848.019,1.569,-0.000221442
847.019,1.56899,-0.000235363
846.019,1.56898,-0.000249317
845.02,1.56896,-0.000263303
844.02,1.56895,-0.000277323
843.02,1.56893,-0.000291376
842.02,1.56892,-0.000305462
841.02,1.56891,-0.000319582
840.02,1.56889,-0.000333736
839.02,1.56888,-0.000347923
838.021,1.56886,-0.000362144
837.021,1.56885,-0.000376399
836.021,1.56883,-0.000390688
835.021,1.56882,-0.000405011
834.021,1.56881,-0.000419369
833.021,1.56879,-0.000433761
832.021,1.56878,-0.000448188
831.022,1.56876,-0.000462649
830.022,1.56875,-0.000477146
829.022,1.56873,-0.000491677
828.022,1.56872,-0.000506243
827.022,1.5687,-0.000520845
826.022,1.56869,-0.000535482
825.022,1.56868,-0.000550154
824.023,1.56866,-0.000564862
823.023,1.56865,-0.000579606
822.023,1.56863,-0.000594386
821.023,1.56862,-0.000609201
820.023,1.5686,-0.000624053
819.023,1.56859,-0.000638941
818.023,1.56857,-0.000653865
817.024,1.56856,-0.000668826
816.024,1.56854,-0.000683824
815.024,1.56853,-0.000698858
814.024,1.56851,-0.00071393
813.024,1.5685,-0.000729038
812.024,1.56848,-0.000744184
811.024,1.56847,-0.000759367
810.025,1.56845,-0.000774587
809.025,1.56844,-0.000789845
808.025,1.56842,-0.000805141
807.025,1.56841,-0.000820475
806.025,1.56839,-0.000835847
805.025,1.56837,-0.000851257
804.026,1.56836,-0.000866705
803.026,1.56834,-0.000882192
802.026,1.56833,-0.000897717
801.026,1.56831,-0.000913281
800.026,1.5683,-0.000928884
799.026,1.56828,-0.000944526
798.026,1.56827,-0.000960207
797.027,1.56825,-0.000975928
796.027,1.56823,-0.000991688
795.027,1.56822,-0.00100749
794.027,1.5682,-0.00102333
793.027,1.56819,-0.00103921
792.027,1.56817,-0.00105513
791.028,1.56815,-0.00107109
790.028,1.56814,-0.00108709
789.028,1.56812,-0.00110313
788.028,1.56811,-0.00111921
787.028,1.56809,-0.00113533
786.028,1.56807,-0.00115149
785.029,1.56806,-0.0011677
784.029,1.56804,-0.00118395
783.029,1.56803,-0.00120023
782.029,1.56801,-0.00121656
781.029,1.56799,-0.00123293
780.029,1.56798,-0.00124935
779.03,1.56796,-0.0012658
778.03,1.56794,-0.0012823
777.03,1.56793,-0.00129884
776.03,1.56791,-0.00131542
775.03,1.56789,-0.00133204
774.03,1.56788,-0.00134871
773.031,1.56786,-0.00136542
772.031,1.56784,-0.00138218
771.031,1.56783,-0.00139898
770.031,1.56781,-0.00141582
769.031,1.56779,-0.0014327
768.031,1.56778,-0.00144963
767.032,1.56776,-0.00146661
766.032,1.56774,-0.00148362
765.032,1.56772,-0.00150069
764.032,1.56771,-0.00151779
763.032,1.56769,-0.00153494
762.032,1.56767,-0.00155214
761.033,1.56766,-0.00156938
760.033,1.56764,-0.00158667
759.033,1.56762,-0.001604
758.033,1.5676,-0.00162138
757.033,1.56759,-0.00163881
756.033,1.56757,-0.00165628
755.034,1.56755,-0.00167379
754.034,1.56753,-0.00169136
753.034,1.56752,-0.00170897
752.034,1.5675,-0.00172662
751.034,1.56748,-0.00174433
750.034,1.56746,-0.00176208
749.035,1.56745,-0.00177988
748.035,1.56743,-0.00179772
747.035,1.56741,-0.00181561
746.035,1.56739,-0.00183356
745.035,1.56737,-0.00185155
744.036,1.56736,-0.00186958
743.036,1.56734,-0.00188767
742.036,1.56732,-0.00190581
741.036,1.5673,-0.00192399
740.036,1.56728,-0.00194222
739.036,1.56727,-0.00196051
738.037,1.56725,-0.00197884
737.037,1.56723,-0.00199722
736.037,1.56721,-0.00201565
735.037,1.56719,-0.00203414
734.037,1.56717,-0.00205267
733.038,1.56715,-0.00207125
732.038,1.56714,-0.00208989
731.038,1.56712,-0.00210857
730.038,1.5671,-0.00212731
729.038,1.56708,-0.00214609
728.039,1.56706,-0.00216493
727.039,1.56704,-0.00218382
726.039,1.56702,-0.00220277
725.039,1.567,-0.00222176
724.039,1.56698,-0.00224081
723.039,1.56697,-0.00225991
722.04,1.56695,-0.00227906
721.04,1.56693,-0.00229827
720.04,1.56691,-0.00231753
719.04,1.56689,-0.00233684
718.04,1.56687,-0.00235621
717.041,1.56685,-0.00237563
716.041,1.56683,-0.00239511
715.041,1.56681,-0.00241463
714.041,1.56679,-0.00243422
713.041,1.56677,-0.00245386
712.042,1.56675,-0.00247355
711.042,1.56673,-0.0024933
710.042,1.56671,-0.00251311
709.042,1.56669,-0.00253297
708.042,1.56667,-0.00255289
707.043,1.56665,-0.00257286
706.043,1.56663,-0.00259289
705.043,1.56661,-0.00261298
704.043,1.56659,-0.00263312
703.043,1.56657,-0.00265332
702.044,1.56655,-0.00267358
701.044,1.56653,-0.0026939
700.044,1.56651,-0.00271427
699.044,1.56649,-0.00273471
698.044,1.56647,-0.0027552
697.045,1.56645,-0.00277575
696.045,1.56643,-0.00279636
695.045,1.56641,-0.00281703
694.045,1.56639,-0.00283776
693.045,1.56637,-0.00285854
692.046,1.56635,-0.00287939
691.046,1.56633,-0.0029003
690.046,1.5663,-0.00292127
689.046,1.56628,-0.0029423
688.046,1.56626,-0.00296339
687.047,1.56624,-0.00298454
686.047,1.56622,-0.00300576
685.047,1.5662,-0.00302703
684.047,1.56618,-0.00304837
683.048,1.56616,-0.00306977
682.048,1.56613,-0.00309124
681.048,1.56611,-0.00311276
680.048,1.56609,-0.00313435
679.048,1.56607,-0.00315601
678.049,1.56605,-0.00317772
677.049,1.56603,-0.00319951
676.049,1.566,-0.00322135
675.049,1.56598,-0.00324326
674.049,1.56596,-0.00326524
673.05,1.56594,-0.00328728
672.05,1.56592,-0.00330939
671.05,1.56589,-0.00333156
670.05,1.56587,-0.0033538
669.051,1.56585,-0.0033761
668.051,1.56583,-0.00339847
667.051,1.5658,-0.00342091
666.051,1.56578,-0.00344342
665.051,1.56576,-0.00346599
664.052,1.56574,-0.00348863
663.052,1.56571,-0.00351134
662.052,1.56569,-0.00353412
661.052,1.56567,-0.00355697
660.053,1.56565,-0.00357989
659.053,1.56562,-0.00360287
658.053,1.5656,-0.00362593
657.053,1.56558,-0.00364906
656.054,1.56555,-0.00367225
655.054,1.56553,-0.00369552
654.054,1.56551,-0.00371886
653.054,1.56548,-0.00374227
652.054,1.56546,-0.00376575
651.055,1.56544,-0.00378931
650.055,1.56541,-0.00381293
649.055,1.56539,-0.00383663
648.055,1.56537,-0.0038604
647.056,1.56534,-0.00388425
646.056,1.56532,-0.00390817
645.056,1.56529,-0.00393216
644.056,1.56527,-0.00395623
643.057,1.56525,-0.00398038
642.057,1.56522,-0.00400459
641.057,1.5652,-0.00402889
640.057,1.56517,-0.00405326
639.058,1.56515,-0.0040777
638.058,1.56512,-0.00410223
637.058,1.5651,-0.00412683
636.058,1.56507,-0.0041515
635.059,1.56505,-0.00417626
634.059,1.56502,-0.00420109
633.059,1.565,-0.004226
632.059,1.56497,-0.00425099
631.06,1.56495,-0.00427606
630.06,1.56492,-0.00430121
629.06,1.5649,-0.00432644
628.06,1.56487,-0.00435175
627.061,1.56485,-0.00437714
626.061,1.56482,-0.00440261
625.061,1.5648,-0.00442816
624.061,1.56477,-0.0044538
623.062,1.56475,-0.00447951
622.062,1.56472,-0.00450531
621.062,1.56469,-0.0045312
620.062,1.56467,-0.00455716
619.063,1.56464,-0.00458321
618.063,1.56462,-0.00460935
617.063,1.56459,-0.00463557
616.063,1.56456,-0.00466187
615.064,1.56454,-0.00468826
614.064,1.56451,-0.00471473
613.064,1.56448,-0.0047413
612.064,1.56446,-0.00476794
611.065,1.56443,-0.00479468
610.065,1.5644,-0.0048215
609.065,1.56438,-0.00484841
608.066,1.56435,-0.00487541
607.066,1.56432,-0.0049025
606.066,1.5643,-0.00492968
605.066,1.56427,-0.00495695
604.067,1.56424,-0.00498431
603.067,1.56421,-0.00501176
602.067,1.56419,-0.0050393
601.067,1.56416,-0.00506693
600.068,1.56413,-0.00509465
599.068,1.5641,-0.00512247
598.068,1.56408,-0.00515038
597.069,1.56405,-0.00517838
596.069,1.56402,-0.00520648
595.069,1.56399,-0.00523467
594.069,1.56396,-0.00526295
593.07,1.56393,-0.00529134
592.07,1.56391,-0.00531981
591.07,1.56388,-0.00534839
590.071,1.56385,-0.00537706
589.071,1.56382,-0.00540582
588.071,1.56379,-0.00543469
587.071,1.56376,-0.00546365
586.072,1.56373,-0.00549272
585.072,1.5637,-0.00552188
584.072,1.56367,-0.00555114
583.073,1.56365,-0.0055805
582.073,1.56362,-0.00560997
581.073,1.56359,-0.00563953
580.073,1.56356,-0.0056692
579.074,1.56353,-0.00569897
578.074,1.5635,-0.00572884
577.074,1.56347,-0.00575881
576.075,1.56344,-0.00578889
575.075,1.56341,-0.00581908
574.075,1.56338,-0.00584937
573.076,1.56335,-0.00587976
572.076,1.56332,-0.00591026
571.076,1.56328,-0.00594087
570.076,1.56325,-0.00597159
569.077,1.56322,-0.00600241
568.077,1.56319,-0.00603334
567.077,1.56316,-0.00606438
566.078,1.56313,-0.00609553
565.078,1.5631,-0.00612679
564.078,1.56307,-0.00615816
563.079,1.56304,-0.00618965
562.079,1.563,-0.00622124
561.079,1.56297,-0.00625295
560.08,1.56294,-0.00628477
559.08,1.56291,-0.0063167
558.08,1.56288,-0.00634875
557.081,1.56284,-0.00638092
556.081,1.56281,-0.0064132
555.081,1.56278,-0.00644559
554.081,1.56275,-0.00647811
553.082,1.56272,-0.00651074
552.082,1.56268,-0.00654349
551.082,1.56265,-0.00657635
550.083,1.56262,-0.00660934
549.083,1.56258,-0.00664245
548.083,1.56255,-0.00667567
547.084,1.56252,-0.00670902
546.084,1.56248,-0.00674249
545.084,1.56245,-0.00677609
544.085,1.56242,-0.00680981
543.085,1.56238,-0.00684365
542.085,1.56235,-0.00687762
541.086,1.56231,-0.00691171
540.086,1.56228,-0.00694593
539.086,1.56225,-0.00698027
538.087,1.56221,-0.00701474
537.087,1.56218,-0.00704935
536.088,1.56214,-0.00708408
535.088,1.56211,-0.00711894
534.088,1.56207,-0.00715393
533.089,1.56204,-0.00718905
532.089,1.562,-0.0072243
531.089,1.56197,-0.00725969
530.09,1.56193,-0.00729521
529.09,1.5619,-0.00733086
528.09,1.56186,-0.00736665
527.091,1.56182,-0.00740258
526.091,1.56179,-0.00743864
525.091,1.56175,-0.00747484
524.092,1.56171,-0.00751118
523.092,1.56168,-0.00754765
522.093,1.56164,-0.00758427
521.093,1.5616,-0.00762102
520.093,1.56157,-0.00765792
519.094,1.56153,-0.00769496
518.094,1.56149,-0.00773214
517.094,1.56146,-0.00776947
516.095,1.56142,-0.00780694
515.095,1.56138,-0.00784456
514.095,1.56134,-0.00788232
513.096,1.56131,-0.00792023
512.096,1.56127,-0.00795829
511.097,1.56123,-0.0079965
510.097,1.56119,-0.00803485
509.097,1.56115,-0.00807336
508.098,1.56111,-0.00811202
507.098,1.56108,-0.00815083
506.099,1.56104,-0.00818979
505.099,1.561,-0.00822891
504.099,1.56096,-0.00826819
503.1,1.56092,-0.00830762
502.1,1.56088,-0.0083472
501.101,1.56084,-0.00838695
500.101,1.5608,-0.00842685
499.101,1.56076,-0.00846692
498.102,1.56072,-0.00850714
497.102,1.56068,-0.00854753
496.103,1.56064,-0.00858808
495.103,1.5606,-0.00862879
494.103,1.56056,-0.00866967
493.104,1.56052,-0.00871071
492.104,1.56047,-0.00875192
491.105,1.56043,-0.0087933
490.105,1.56039,-0.00883485
489.105,1.56035,-0.00887657
488.106,1.56031,-0.00891845
487.106,1.56027,-0.00896051
486.107,1.56022,-0.00900275
485.107,1.56018,-0.00904515
484.107,1.56014,-0.00908774
483.108,1.5601,-0.00913049
482.108,1.56005,-0.00917343
481.109,1.56001,-0.00921654
480.109,1.55997,-0.00925984
479.11,1.55992,-0.00930331
478.11,1.55988,-0.00934697
477.111,1.55984,-0.00939081
476.111,1.55979,-0.00943483
475.111,1.55975,-0.00947904
474.112,1.5597,-0.00952343
473.112,1.55966,-0.00956802
472.113,1.55961,-0.00961279
471.113,1.55957,-0.00965775
470.114,1.55952,-0.0097029
469.114,1.55948,-0.00974825
468.115,1.55943,-0.00979379
467.115,1.55939,-0.00983952
466.115,1.55934,-0.00988545
465.116,1.55929,-0.00993158
464.116,1.55925,-0.0099779
463.117,1.5592,-0.0100244
462.117,1.55916,-0.0100712
461.118,1.55911,-0.0101181
460.118,1.55906,-0.0101652
459.119,1.55901,-0.0102126
458.119,1.55897,-0.0102601
457.12,1.55892,-0.0103079
456.12,1.55887,-0.0103558
455.121,1.55882,-0.010404
454.121,1.55877,-0.0104524
453.122,1.55873,-0.010501
452.122,1.55868,-0.0105498
451.123,1.55863,-0.0105988
450.123,1.55858,-0.0106481
449.124,1.55853,-0.0106975
448.124,1.55848,-0.0107472
447.125,1.55843,-0.0107971
446.125,1.55838,-0.0108473
445.126,1.55833,-0.0108976
444.126,1.55828,-0.0109482
443.127,1.55823,-0.010999
442.127,1.55818,-0.0110501
441.128,1.55813,-0.0111014
440.128,1.55807,-0.0111529
439.129,1.55802,-0.0112046
438.129,1.55797,-0.0112566
437.13,1.55792,-0.0113088
436.13,1.55787,-0.0113613
435.131,1.55781,-0.011414
434.131,1.55776,-0.0114669
433.132,1.55771,-0.0115201
432.132,1.55765,-0.0115735
431.133,1.5576,-0.0116272
430.133,1.55755,-0.0116811
429.134,1.55749,-0.0117353
428.134,1.55744,-0.0117897
427.135,1.55738,-0.0118444
426.135,1.55733,-0.0118994
425.136,1.55727,-0.0119546
424.137,1.55722,-0.01201
423.137,1.55716,-0.0120658
422.138,1.55711,-0.0121218
421.138,1.55705,-0.012178
420.139,1.55699,-0.0122345
419.139,1.55694,-0.0122913
418.14,1.55688,-0.0123484
417.141,1.55682,-0.0124057
416.141,1.55676,-0.0124633
415.142,1.55671,-0.0125212
414.142,1.55665,-0.0125794
413.143,1.55659,-0.0126379
412.143,1.55653,-0.0126966
411.144,1.55647,-0.0127556
410.145,1.55641,-0.0128149
409.145,1.55635,-0.0128745
408.146,1.55629,-0.0129344
407.146,1.55623,-0.0129946
406.147,1.55617,-0.0130551
405.148,1.55611,-0.0131159
404.148,1.55605,-0.0131769
403.149,1.55599,-0.0132383
402.149,1.55593,-0.0133
401.15,1.55587,-0.013362
400.151,1.5558,-0.0134243
399.151,1.55574,-0.0134869
398.152,1.55568,-0.0135499
397.153,1.55561,-0.0136131
396.153,1.55555,-0.0136767
395.154,1.55549,-0.0137406
394.154,1.55542,-0.0138048
393.155,1.55536,-0.0138693
392.156,1.55529,-0.0139342
391.156,1.55523,-0.0139994
390.157,1.55516,-0.0140649
389.158,1.5551,-0.0141308
388.158,1.55503,-0.014197
387.159,1.55496,-0.0142636
386.16,1.5549,-0.0143304
385.16,1.55483,-0.0143977
384.161,1.55476,-0.0144653
383.162,1.55469,-0.0145332
382.162,1.55463,-0.0146015
381.163,1.55456,-0.0146702
380.164,1.55449,-0.0147392
379.164,1.55442,-0.0148086
378.165,1.55435,-0.0148784
377.166,1.55428,-0.0149485
376.167,1.55421,-0.015019
375.167,1.55414,-0.0150899
374.168,1.55407,-0.0151611
373.169,1.554,-0.0152327
372.169,1.55392,-0.0153048
371.17,1.55385,-0.0153772
370.171,1.55378,-0.01545
369.172,1.5537,-0.0155231
368.172,1.55363,-0.0155967
367.173,1.55356,-0.0156707
366.174,1.55348,-0.0157451
365.174,1.55341,-0.0158199
364.175,1.55333,-0.0158951
363.176,1.55326,-0.0159707
362.177,1.55318,-0.0160468
361.178,1.55311,-0.0161233
360.178,1.55303,-0.0162001
359.179,1.55295,-0.0162775
358.18,1.55287,-0.0163552
357.181,1.5528,-0.0164334
356.181,1.55272,-0.016512
355.182,1.55264,-0.0165911
354.183,1.55256,-0.0166706
353.184,1.55248,-0.0167505
352.185,1.5524,-0.016831
351.185,1.55232,-0.0169118
350.186,1.55224,-0.0169932
349.187,1.55215,-0.017075
348.188,1.55207,-0.0171572
347.189,1.55199,-0.01724
346.189,1.55191,-0.0173232
345.19,1.55182,-0.0174069
344.191,1.55174,-0.0174911
343.192,1.55165,-0.0175758
342.193,1.55157,-0.0176609
341.194,1.55148,-0.0177466
340.195,1.5514,-0.0178328
339.195,1.55131,-0.0179195
338.196,1.55122,-0.0180067
337.197,1.55113,-0.0180944
336.198,1.55105,-0.0181826
335.199,1.55096,-0.0182714
334.2,1.55087,-0.0183607
333.201,1.55078,-0.0184505
332.202,1.55069,-0.0185409
331.202,1.5506,-0.0186318
330.203,1.55051,-0.0187233
329.204,1.55041,-0.0188153
328.205,1.55032,-0.0189079
327.206,1.55023,-0.019001
326.207,1.55014,-0.0190947
325.208,1.55004,-0.019189
324.209,1.54995,-0.0192839
323.21,1.54985,-0.0193794
322.211,1.54975,-0.0194754
321.212,1.54966,-0.0195721
320.213,1.54956,-0.0196693
319.214,1.54946,-0.0197672
318.215,1.54936,-0.0198657
317.216,1.54927,-0.0199648
316.217,1.54917,-0.0200645
315.218,1.54907,-0.0201649
314.219,1.54896,-0.0202659
313.22,1.54886,-0.0203675
312.221,1.54876,-0.0204698
311.222,1.54866,-0.0205728
310.223,1.54855,-0.0206764
309.224,1.54845,-0.0207807
308.225,1.54835,-0.0208856
307.226,1.54824,-0.0209913
306.227,1.54813,-0.0210976
305.228,1.54803,-0.0212046
304.229,1.54792,-0.0213124
303.23,1.54781,-0.0214208
302.231,1.5477,-0.02153
301.232,1.54759,-0.0216399
300.233,1.54748,-0.0217505
299.235,1.54737,-0.0218619
298.236,1.54726,-0.021974
297.237,1.54715,-0.0220868
296.238,1.54703,-0.0222004
295.239,1.54692,-0.0223148
294.24,1.5468,-0.02243
293.241,1.54669,-0.0225459
292.242,1.54657,-0.0226627
291.244,1.54645,-0.0227802
290.245,1.54633,-0.0228986
289.246,1.54622,-0.0230178
288.247,1.5461,-0.0231378
287.248,1.54597,-0.0232586
286.25,1.54585,-0.0233803
285.251,1.54573,-0.0235028
284.252,1.54561,-0.0236262
283.253,1.54548,-0.0237505
282.255,1.54536,-0.0238756
281.256,1.54523,-0.0240017
280.257,1.54511,-0.0241286
279.258,1.54498,-0.0242565
278.26,1.54485,-0.0243852
277.261,1.54472,-0.0245149
276.262,1.54459,-0.0246455
275.263,1.54446,-0.0247771
274.265,1.54433,-0.0249097
273.266,1.54419,-0.0250432
272.267,1.54406,-0.0251777
271.269,1.54392,-0.0253131
270.27,1.54379,-0.0254496
269.272,1.54365,-0.0255871
268.273,1.54351,-0.0257256
267.274,1.54337,-0.0258652
266.276,1.54323,-0.0260058
265.277,1.54309,-0.0261475
264.278,1.54295,-0.0262902
263.28,1.5428,-0.026434
262.281,1.54266,-0.0265789
261.283,1.54251,-0.0267249
260.284,1.54236,-0.0268721
259.286,1.54222,-0.0270204
258.287,1.54207,-0.0271698
257.289,1.54192,-0.0273204
256.29,1.54177,-0.0274722
255.292,1.54161,-0.0276251
254.293,1.54146,-0.0277793
253.295,1.5413,-0.0279346
252.296,1.54115,-0.0280912
251.298,1.54099,-0.0282491
250.3,1.54083,-0.0284082
249.301,1.54067,-0.0285686
248.303,1.54051,-0.0287303
247.304,1.54035,-0.0288932
246.306,1.54018,-0.0290575
245.308,1.54002,-0.0292232
244.309,1.53985,-0.0293902
243.311,1.53968,-0.0295586
242.313,1.53951,-0.0297283
241.314,1.53934,-0.0298995
240.316,1.53917,-0.0300721
239.318,1.539,-0.0302461
238.319,1.53882,-0.0304216
237.321,1.53864,-0.0305986
236.323,1.53847,-0.0307771
235.325,1.53829,-0.0309571
234.327,1.5381,-0.0311386
233.328,1.53792,-0.0313217
232.33,1.53774,-0.0315063
231.332,1.53755,-0.0316926
230.334,1.53736,-0.0318804
229.336,1.53717,-0.0320699
228.338,1.53698,-0.0322611
227.34,1.53679,-0.0324539
226.342,1.5366,-0.0326485
225.343,1.5364,-0.0328447
224.345,1.5362,-0.0330428
223.347,1.536,-0.0332426
222.349,1.5358,-0.0334442
221.351,1.5356,-0.0336476
220.353,1.53539,-0.0338528
219.356,1.53519,-0.0340599
218.358,1.53498,-0.034269
217.36,1.53477,-0.0344799
216.362,1.53456,-0.0346928
215.364,1.53434,-0.0349077
214.366,1.53413,-0.0351246
213.368,1.53391,-0.0353435
212.37,1.53369,-0.0355644
211.373,1.53346,-0.0357875
210.375,1.53324,-0.0360127
209.377,1.53301,-0.03624
208.379,1.53278,-0.0364695
207.382,1.53255,-0.0367012
206.384,1.53232,-0.0369352
205.386,1.53208,-0.0371714
204.389,1.53185,-0.03741
203.391,1.5316,-0.0376509
202.393,1.53136,-0.0378942
201.396,1.53112,-0.0381398
200.398,1.53087,-0.038388
199.401,1.53062,-0.0386386
198.403,1.53037,-0.0388918
197.406,1.53011,-0.0391475
196.408,1.52985,-0.0394058
195.411,1.52959,-0.0396668
194.414,1.52933,-0.0399304
193.416,1.52907,-0.0401968
192.419,1.5288,-0.0404659
191.422,1.52853,-0.0407379
190.424,1.52825,-0.0410127
189.427,1.52797,-0.0412904
188.43,1.52769,-0.041571
187.433,1.52741,-0.0418547
186.436,1.52713,-0.0421414
185.438,1.52684,-0.0424312
184.441,1.52654,-0.0427241
183.444,1.52625,-0.0430202
182.447,1.52595,-0.0433195
181.45,1.52565,-0.0436222
180.453,1.52534,-0.0439282
179.456,1.52504,-0.0442376
178.459,1.52472,-0.0445505
177.462,1.52441,-0.0448669
176.466,1.52409,-0.0451869
175.469,1.52377,-0.0455105
174.472,1.52344,-0.0458378
173.475,1.52311,-0.046169
172.479,1.52278,-0.0465039
171.482,1.52244,-0.0468428
170.485,1.5221,-0.0471856
169.489,1.52175,-0.0475325
168.492,1.5214,-0.0478834
167.496,1.52105,-0.0482386
166.499,1.52069,-0.048598
165.503,1.52033,-0.0489618
164.507,1.51996,-0.04933
163.51,1.51959,-0.0497027
162.514,1.51921,-0.05008
161.518,1.51883,-0.050462
160.522,1.51845,-0.0508487
159.525,1.51806,-0.0512402
158.529,1.51766,-0.0516367
157.533,1.51726,-0.0520382
156.537,1.51686,-0.0524449
155.541,1.51645,-0.0528568
154.545,1.51603,-0.053274
153.55,1.51561,-0.0536966
152.554,1.51519,-0.0541248
151.558,1.51476,-0.0545586
150.562,1.51432,-0.0549982
149.567,1.51387,-0.0554436
148.571,1.51343,-0.0558951
147.576,1.51297,-0.0563526
146.58,1.51251,-0.0568164
145.585,1.51204,-0.0572866
144.59,1.51157,-0.0577633
143.594,1.51109,-0.0582466
142.599,1.5106,-0.0587367
141.604,1.5101,-0.0592337
140.609,1.5096,-0.0597377
139.614,1.50909,-0.060249
138.619,1.50858,-0.0607676
137.624,1.50806,-0.0612938
136.63,1.50752,-0.0618277
135.635,1.50699,-0.0623694
134.64,1.50644,-0.0629192
133.646,1.50589,-0.0634772
132.651,1.50532,-0.0640437
131.657,1.50475,-0.0646187
130.663,1.50417,-0.0652025
129.669,1.50358,-0.0657953
128.675,1.50298,-0.0663973
127.681,1.50238,-0.0670088
126.687,1.50176,-0.0676298
125.693,1.50113,-0.0682608
124.699,1.5005,-0.0689019
123.706,1.49985,-0.0695533
122.712,1.49919,-0.0702154
121.719,1.49853,-0.0708883
120.725,1.49785,-0.0715724
119.732,1.49716,-0.0722678
118.739,1.49646,-0.072975
117.746,1.49574,-0.0736942
116.753,1.49502,-0.0744257
115.761,1.49428,-0.0751698
114.768,1.49353,-0.0759269
113.776,1.49277,-0.0766973
112.783,1.49199,-0.0774813
111.791,1.4912,-0.0782794
110.799,1.49039,-0.0790918
109.807,1.48958,-0.0799191
108.816,1.48874,-0.0807615
107.824,1.48789,-0.0816195
106.832,1.48703,-0.0824936
105.841,1.48615,-0.0833842
104.85,1.48525,-0.0842918
103.859,1.48433,-0.0852168
102.868,1.4834,-0.0861599
101.878,1.48245,-0.0871214
100.887,1.48148,-0.0881019
99.8971,1.48049,-0.0891021
98.907,1.47949,-0.0901225
97.9172,1.47846,-0.0911637
96.9276,1.47741,-0.0922264
95.9382,1.47634,-0.0933112
94.949,1.47525,-0.0944188
93.96,1.47413,-0.09555
92.9713,1.47299,-0.0967056
91.9828,1.47183,-0.0978862
90.9945,1.47064,-0.0990927
90.0065,1.46942,-0.100326
89.0188,1.46818,-0.101587
88.0314,1.46691,-0.102877
87.0442,1.46562,-0.104196
86.0573,1.46429,-0.105546
85.0707,1.46293,-0.106928
84.0845,1.46154,-0.108342
83.0986,1.46012,-0.109791
82.113,1.45866,-0.111274
81.1277,1.45717,-0.112795
80.1428,1.45564,-0.114353
79.1583,1.45408,-0.11595
78.1742,1.45247,-0.117589
77.1904,1.45083,-0.119269
76.2071,1.44914,-0.120994
75.2243,1.44741,-0.122765
74.2418,1.44563,-0.124583
73.2599,1.44381,-0.126451
72.2784,1.44194,-0.128371
71.2975,1.44001,-0.130344
70.317,1.43804,-0.132374
69.3372,1.43601,-0.134462
68.3579,1.43392,-0.136611
67.3792,1.43177,-0.138823
66.4011,1.42955,-0.141103
65.4236,1.42728,-0.143452
64.4469,1.42493,-0.145874
63.4709,1.42251,-0.148372
62.4956,1.42002,-0.15095
61.5211,1.41745,-0.153611
60.5474,1.4148,-0.156361
59.5745,1.41206,-0.159203
58.6026,1.40923,-0.162142
57.6316,1.40631,-0.165182
56.6616,1.4033,-0.16833
55.6927,1.40017,-0.171591
54.7248,1.39694,-0.174971
53.7581,1.3936,-0.178477
52.7926,1.39013,-0.182116
51.8284,1.38654,-0.185895
50.8655,1.38282,-0.189822
49.9041,1.37895,-0.193907
48.9442,1.37494,-0.198158
47.9858,1.37077,-0.202587
47.0292,1.36643,-0.207204
46.0744,1.36192,-0.212021
45.1215,1.35722,-0.217052
44.1706,1.35232,-0.222311
43.2219,1.34722,-0.227813
42.2755,1.3419,-0.233575
41.3316,1.33633,-0.239616
40.3903,1.33052,-0.245956
39.4518,1.32444,-0.252618
38.5163,1.31808,-0.259626
37.584,1.31141,-0.267007
36.6552,1.30442,-0.27479
35.7302,1.29709,-0.28301
34.8091,1.28938,-0.291702
33.8924,1.28128,-0.300908
32.9804,1.27275,-0.310673
32.0735,1.26377,-0.321046
31.172,1.2543,-0.332087
30.2766,1.24431,-0.343857
29.3876,1.23376,-0.356429
28.5057,1.22261,-0.369885
27.6315,1.21082,-0.384315
26.7659,1.19833,-0.399825
25.9094,1.1851,-0.416532
25.0632,1.17109,-0.434574
24.2282,1.15623,-0.454105
23.4055,1.14048,-0.475303
22.5964,1.12378,-0.498374
21.8024,1.10609,-0.523554
21.025,1.08737,-0.551116
20.2661,1.06758,-0.581374
19.5278,1.04672,-0.614691
18.8122,1.0248,-0.651484
18.1219,1.00186,-0.692231
17.4597,0.978023,-0.73747
16.8288,0.953447,-0.787807
16.2323,0.928396,-0.843897
15.6741,0.903244,-0.906433
15.1579,0.878505,-0.976097
14.688,0.854844,-1.05349
14.2683,0.833092,-1.13904
13.9031,0.814223,-1.23283
13.5964,0.799305,-1.33445
13.3519,0.7894,-1.44286
13.1726,0.785439,-1.55633
13.0609,0.788068,-1.67248
13.0186,0.797527,-1.78861
13.0461,0.813598,-1.90202
13.143,0.835634,-2.01039
13.3081,0.862669,-2.112
13.539,0.893563,-2.20587
13.8328,0.927144,-2.2916
14.1858,0.962321,-2.3693
14.5942,0.998152,-2.43938
15.0538,1.03387,-2.50244
15.5605,1.06889,-2.55912
16.1101,1.1028,-2.61012
16.6987,1.13531,-2.65607
17.3226,1.16624,-2.69755
17.9784,1.19551,-2.7351
18.663,1.22311,-2.76917
19.3734,1.24904,-2.80018
20.1071,1.27336,-2.82848
20.8618,1.29615,-2.85439
21.6353,1.31748,-2.87816
22.4259,1.33744,-2.90004
23.2319,1.35613,-2.92024
24.0519,1.37363,-2.93891
24.8844,1.39003,-2.95623
25.7283,1.40541,-2.97233
26.5826,1.41985,-2.98732
27.4464,1.43341,-3.00132
28.3188,1.44616,-3.01441
29.1991,1.45817,-3.02667
30.0867,1.46948,-3.03818
30.9808,1.48016,-3.04901
31.881,1.49025,-3.05921
32.7868,1.49978,-3.06883
33.6978,1.50881,-3.07792
34.6135,1.51737,-3.08652
35.5337,1.52549,-3.09467
36.4579,1.5332,-3.10241
37.3859,1.54054,-3.10975
38.3175,1.54751,-3.11674
39.2523,1.55416,-3.12339
40.1902,1.5605,-3.12973
41.1309,1.56655,-3.13577
42.0743,1.57233,-3.14155
43.0202,1.57785,-3.14708
43.9684,1.58314,-3.15236
44.9188,1.5882,-3.15743
45.8713,1.59305,-3.16228
46.8257,1.5977,-3.16694
47.782,1.60217,-3.17141
48.7399,1.60646,-3.17571
49.6995,1.61059,-3.17985
50.6606,1.61455,-3.18382
51.6232,1.61837,-3.18765
52.5871,1.62205,-3.19135
53.5523,1.6256,-3.19491
54.5188,1.62902,-3.19834
55.4864,1.63232,-3.20166
56.4551,1.6355,-3.20487
57.4249,1.63858,-3.20796
58.3957,1.64155,-3.21096
59.3675,1.64443,-3.21386
60.3401,1.64721,-3.21667
61.3136,1.64991,-3.21939
62.288,1.65252,-3.22202
63.2631,1.65505,-3.22458
64.239,1.6575,-3.22705
65.2156,1.65988,-3.22946
66.1928,1.66218,-3.23179
67.1708,1.66442,-3.23406
68.1494,1.6666,-3.23627
69.1285,1.66871,-3.23841
70.1083,1.67076,-3.24049
71.0886,1.67276,-3.24252
72.0695,1.6747,-3.24449
73.0508,1.67659,-3.24641
74.0327,1.67843,-3.24828
75.015,1.68022,-3.2501
75.9978,1.68196,-3.25188
76.981,1.68366,-3.25361
77.9646,1.68531,-3.2553
78.9487,1.68693,-3.25694
79.9331,1.6885,-3.25855
80.9179,1.69003,-3.26012
81.9031,1.69153,-3.26165
82.8886,1.69299,-3.26314
83.8745,1.69442,-3.2646
84.8607,1.69582,-3.26603
85.8472,1.69718,-3.26743
86.834,1.69851,-3.26879
87.8211,1.69981,-3.27012
88.8085,1.70108,-3.27143
89.7961,1.70232,-3.2727
90.7841,1.70354,-3.27395
91.7723,1.70473,-3.27517
92.7607,1.70589,-3.27637
93.7494,1.70703,-3.27754
94.7383,1.70814,-3.27869
95.7275,1.70924,-3.27981
96.7168,1.71031,-3.28091
97.7064,1.71135,-3.28199
98.6962,1.71238,-3.28305
99.6862,1.71339,-3.28408
100.676,1.71437,-3.2851
101.667,1.71534,-3.2861
102.657,1.71629,-3.28708
103.648,1.71722,-3.28804
104.639,1.71813,-3.28898
105.63,1.71902,-3.2899
106.621,1.7199,-3.29081
107.613,1.72076,-3.2917
108.604,1.72161,-3.29258
109.596,1.72244,-3.29344
110.588,1.72325,-3.29428
111.58,1.72405,-3.29511
112.572,1.72484,-3.29593
113.564,1.72561,-3.29673
114.557,1.72637,-3.29752
115.549,1.72712,-3.29829
116.542,1.72785,-3.29905
117.535,1.72857,-3.2998
118.528,1.72928,-3.30054
119.521,1.72998,-3.30126
120.514,1.73066,-3.30197
121.507,1.73134,-3.30267
122.501,1.732,-3.30336
123.494,1.73265,-3.30404
124.488,1.73329,-3.30471
125.481,1.73392,-3.30536
126.475,1.73454,-3.30601
127.469,1.73516,-3.30665
128.463,1.73576,-3.30728
129.457,1.73635,-3.30789
130.451,1.73693,-3.3085
131.445,1.73751,-3.3091
132.44,1.73808,-3.30969
133.434,1.73863,-3.31028
134.429,1.73918,-3.31085
135.423,1.73972,-3.31141
136.418,1.74026,-3.31197
137.413,1.74078,-3.31252
138.407,1.7413,-3.31306
139.402,1.74181,-3.3136
140.397,1.74231,-3.31412
141.392,1.74281,-3.31464
142.387,1.7433,-3.31515
143.382,1.74378,-3.31566
144.378,1.74426,-3.31615
145.373,1.74473,-3.31665
146.368,1.74519,-3.31713
147.364,1.74565,-3.31761
148.359,1.7461,-3.31808
149.355,1.74654,-3.31855
150.35,1.74698,-3.319
151.346,1.74741,-3.31946
152.342,1.74784,-3.31991
153.338,1.74826,-3.32035
154.333,1.74867,-3.32078
155.329,1.74908,-3.32121
156.325,1.74949,-3.32164
157.321,1.74989,-3.32206
158.317,1.75028,-3.32247
159.313,1.75067,-3.32288
160.309,1.75106,-3.32329
161.306,1.75144,-3.32369
162.302,1.75181,-3.32408
163.298,1.75218,-3.32447
164.294,1.75255,-3.32486
165.291,1.75291,-3.32524
166.287,1.75327,-3.32561
167.284,1.75362,-3.32599
168.28,1.75397,-3.32635
169.277,1.75432,-3.32672
170.273,1.75466,-3.32708
171.27,1.755,-3.32743
172.266,1.75533,-3.32778
173.263,1.75566,-3.32813
174.26,1.75598,-3.32847
175.257,1.7563,-3.32881
176.253,1.75662,-3.32914
177.25,1.75694,-3.32948
178.247,1.75725,-3.3298
179.244,1.75756,-3.33013
180.241,1.75786,-3.33045
181.238,1.75816,-3.33077
182.235,1.75846,-3.33108
183.232,1.75875,-3.33139
184.229,1.75904,-3.3317
185.226,1.75933,-3.332
186.223,1.75961,-3.3323
187.22,1.7599,-3.3326
188.217,1.76017,-3.33289
189.215,1.76045,-3.33318
190.212,1.76072,-3.33347
191.209,1.76099,-3.33376
192.207,1.76126,-3.33404
193.204,1.76152,-3.33432
194.201,1.76178,-3.33459
195.199,1.76204,-3.33487
196.196,1.7623,-3.33514
197.193,1.76255,-3.33541
198.191,1.7628,-3.33567
199.188,1.76305,-3.33593
200.186,1.7633,-3.33619
201.183,1.76354,-3.33645
202.181,1.76378,-3.33671
203.179,1.76402,-3.33696
204.176,1.76426,-3.33721
205.174,1.76449,-3.33746
206.172,1.76472,-3.3377
207.169,1.76495,-3.33795
208.167,1.76518,-3.33819
209.165,1.76541,-3.33843
210.162,1.76563,-3.33866
211.16,1.76585,-3.3389
212.158,1.76607,-3.33913
213.156,1.76629,-3.33936
214.154,1.7665,-3.33959
215.151,1.76671,-3.33981
216.149,1.76692,-3.34004
217.147,1.76713,-3.34026
218.145,1.76734,-3.34048
219.143,1.76754,-3.34069
220.141,1.76775,-3.34091
221.139,1.76795,-3.34112
222.137,1.76815,-3.34133
223.135,1.76835,-3.34154
224.133,1.76854,-3.34175
225.131,1.76874,-3.34196
226.129,1.76893,-3.34216
227.127,1.76912,-3.34237
228.125,1.76931,-3.34257
229.123,1.7695,-3.34277
230.121,1.76968,-3.34296
231.119,1.76987,-3.34316
232.118,1.77005,-3.34335
233.116,1.77023,-3.34354
234.114,1.77041,-3.34374
235.112,1.77059,-3.34392
236.11,1.77076,-3.34411
237.109,1.77094,-3.3443
238.107,1.77111,-3.34448
239.105,1.77128,-3.34467
240.103,1.77145,-3.34485
241.102,1.77162,-3.34503
242.1,1.77179,-3.3452
243.098,1.77196,-3.34538
244.097,1.77212,-3.34556
245.095,1.77228,-3.34573
246.093,1.77245,-3.3459
247.092,1.77261,-3.34608
248.09,1.77277,-3.34625
249.088,1.77293,-3.34641
250.087,1.77308,-3.34658
251.085,1.77324,-3.34675
252.084,1.77339,-3.34691
253.082,1.77355,-3.34708
254.081,1.7737,-3.34724
255.079,1.77385,-3.3474
256.078,1.774,-3.34756
257.076,1.77415,-3.34772
258.075,1.7743,-3.34787
259.073,1.77444,-3.34803
260.072,1.77459,-3.34818
261.07,1.77473,-3.34834
262.069,1.77487,-3.34849
263.067,1.77502,-3.34864
264.066,1.77516,-3.34879
265.064,1.7753,-3.34894
266.063,1.77544,-3.34909
267.062,1.77557,-3.34923
268.06,1.77571,-3.34938
269.059,1.77585,-3.34952
270.057,1.77598,-3.34967
271.056,1.77611,-3.34981
272.055,1.77625,-3.34995
273.053,1.77638,-3.35009
274.052,1.77651,-3.35023
275.051,1.77664,-3.35037
276.049,1.77677,-3.35051
277.048,1.7769,-3.35064
278.047,1.77702,-3.35078
279.046,1.77715,-3.35091
280.044,1.77727,-3.35105
281.043,1.7774,-3.35118
282.042,1.77752,-3.35131
283.041,1.77764,-3.35144
284.039,1.77776,-3.35157
285.038,1.77789,-3.3517
286.037,1.77801,-3.35183
287.036,1.77812,-3.35196
288.034,1.77824,-3.35208
289.033,1.77836,-3.35221
290.032,1.77848,-3.35233
291.031,1.77859,-3.35246
292.03,1.77871,-3.35258
293.029,1.77882,-3.3527
294.027,1.77894,-3.35282
295.026,1.77905,-3.35294
296.025,1.77916,-3.35306
297.024,1.77927,-3.35318
298.023,1.77938,-3.3533
299.022,1.77949,-3.35342
300.021,1.7796,-3.35353
301.02,1.77971,-3.35365
302.018,1.77982,-3.35376
303.017,1.77992,-3.35388
304.016,1.78003,-3.35399
305.015,1.78013,-3.35411
306.014,1.78024,-3.35422
307.013,1.78034,-3.35433
308.012,1.78045,-3.35444
309.011,1.78055,-3.35455
310.01,1.78065,-3.35466
311.009,1.78075,-3.35477
312.008,1.78085,-3.35487
313.007,1.78095,-3.35498
314.006,1.78105,-3.35509
315.005,1.78115,-3.35519
316.004,1.78125,-3.3553
317.003,1.78135,-3.3554
318.002,1.78144,-3.35551
319.001,1.78154,-3.35561
320,1.78164,-3.35571
320.999,1.78173,-3.35581
321.998,1.78182,-3.35591
322.997,1.78192,-3.35602
323.996,1.78201,-3.35612
324.995,1.7821,-3.35621
325.994,1.7822,-3.35631
326.993,1.78229,-3.35641
327.992,1.78238,-3.35651
328.991,1.78247,-3.35661
329.991,1.78256,-3.3567
330.99,1.78265,-3.3568
331.989,1.78274,-3.35689
332.988,1.78283,-3.35699
333.987,1.78291,-3.35708
334.986,1.783,-3.35718
335.985,1.78309,-3.35727
336.984,1.78317,-3.35736
337.983,1.78326,-3.35745
338.983,1.78335,-3.35754
339.982,1.78343,-3.35763
340.981,1.78351,-3.35772
341.98,1.7836,-3.35781
342.979,1.78368,-3.3579
343.978,1.78376,-3.35799
344.977,1.78385,-3.35808
345.977,1.78393,-3.35817
346.976,1.78401,-3.35826
347.975,1.78409,-3.35834
348.974,1.78417,-3.35843
349.973,1.78425,-3.35851
350.973,1.78433,-3.3586
351.972,1.78441,-3.35868
352.971,1.78449,-3.35877
353.97,1.78457,-3.35885
354.969,1.78464,-3.35894
355.969,1.78472,-3.35902
356.968,1.7848,-3.3591
357.967,1.78487,-3.35918
358.966,1.78495,-3.35926
359.965,1.78503,-3.35935
360.965,1.7851,-3.35943
361.964,1.78518,-3.35951
362.963,1.78525,-3.35959
363.962,1.78532,-3.35967
364.962,1.7854,-3.35974
365.961,1.78547,-3.35982
366.96,1.78554,-3.3599
367.959,1.78562,-3.35998
368.959,1.78569,-3.36006
369.958,1.78576,-3.36013
370.957,1.78583,-3.36021
371.957,1.7859,-3.36028
372.956,1.78597,-3.36036
373.955,1.78604,-3.36043
374.954,1.78611,-3.36051
375.954,1.78618,-3.36058
376.953,1.78625,-3.36066
377.952,1.78632,-3.36073
378.952,1.78638,-3.3608
379.951,1.78645,-3.36088
380.95,1.78652,-3.36095
381.95,1.78659,-3.36102
382.949,1.78665,-3.36109
383.948,1.78672,-3.36116
384.947,1.78679,-3.36124
385.947,1.78685,-3.36131
386.946,1.78692,-3.36138
387.946,1.78698,-3.36145
388.945,1.78705,-3.36152
389.944,1.78711,-3.36158
390.944,1.78718,-3.36165
391.943,1.78724,-3.36172
392.942,1.7873,-3.36179
393.942,1.78737,-3.36186
394.941,1.78743,-3.36193
395.94,1.78749,-3.36199
396.94,1.78755,-3.36206
397.939,1.78761,-3.36213
398.938,1.78768,-3.36219
399.938,1.78774,-3.36226
400.937,1.7878,-3.36232
401.937,1.78786,-3.36239
402.936,1.78792,-3.36245
403.935,1.78798,-3.36252
404.935,1.78804,-3.36258
405.934,1.7881,-3.36264
406.934,1.78816,-3.36271
407.933,1.78821,-3.36277
408.932,1.78827,-3.36283
409.932,1.78833,-3.3629
410.931,1.78839,-3.36296
411.931,1.78845,-3.36302
412.93,1.7885,-3.36308
413.929,1.78856,-3.36314
414.929,1.78862,-3.3632
415.928,1.78867,-3.36327
416.928,1.78873,-3.36333
417.927,1.78879,-3.36339
418.927,1.78884,-3.36345
419.926,1.7889,-3.36351
420.925,1.78895,-3.36357
421.925,1.78901,-3.36362
422.924,1.78906,-3.36368
423.924,1.78912,-3.36374
424.923,1.78917,-3.3638
425.923,1.78922,-3.36386
426.922,1.78928,-3.36392
427.922,1.78933,-3.36397
428.921,1.78938,-3.36403
429.92,1.78944,-3.36409
430.92,1.78949,-3.36414
431.919,1.78954,-3.3642
432.919,1.78959,-3.36426
433.918,1.78965,-3.36431
434.918,1.7897,-3.36437
435.917,1.78975,-3.36442
436.917,1.7898,-3.36448
437.916,1.78985,-3.36453
438.916,1.7899,-3.36459
439.915,1.78995,-3.36464
440.915,1.79,-3.3647
441.914,1.79005,-3.36475
442.914,1.7901,-3.3648
443.913,1.79015,-3.36486
444.913,1.7902,-3.36491
445.912,1.79025,-3.36496
446.912,1.7903,-3.36502
447.911,1.79035,-3.36507
448.911,1.7904,-3.36512
449.91,1.79045,-3.36517
450.91,1.79049,-3.36522
451.909,1.79054,-3.36528
452.909,1.79059,-3.36533
453.908,1.79064,-3.36538
454.908,1.79068,-3.36543
455.907,1.79073,-3.36548
456.907,1.79078,-3.36553
457.906,1.79082,-3.36558
458.906,1.79087,-3.36563
459.905,1.79092,-3.36568
460.905,1.79096,-3.36573
461.904,1.79101,-3.36578
462.904,1.79105,-3.36583
463.903,1.7911,-3.36588
464.903,1.79114,-3.36593
465.903,1.79119,-3.36597
466.902,1.79123,-3.36602
467.902,1.79128,-3.36607
468.901,1.79132,-3.36612
469.901,1.79137,-3.36617
470.9,1.79141,-3.36621
471.9,1.79146,-3.36626
472.899,1.7915,-3.36631
473.899,1.79154,-3.36635
474.898,1.79159,-3.3664
475.898,1.79163,-3.36645
476.898,1.79167,-3.36649
477.897,1.79171,-3.36654
478.897,1.79176,-3.36659
479.896,1.7918,-3.36663
480.896,1.79184,-3.36668
481.895,1.79188,-3.36672
482.895,1.79193,-3.36677
483.895,1.79197,-3.36681
484.894,1.79201,-3.36686
485.894,1.79205,-3.3669
486.893,1.79209,-3.36695
487.893,1.79213,-3.36699
488.892,1.79217,-3.36703
489.892,1.79221,-3.36708
490.892,1.79225,-3.36712
491.891,1.7923,-3.36717
492.891,1.79234,-3.36721
493.89,1.79238,-3.36725
494.89,1.79242,-3.36729
495.89,1.79245,-3.36734
496.889,1.79249,-3.36738
497.889,1.79253,-3.36742
498.888,1.79257,-3.36746
499.888,1.79261,-3.36751
500.888,1.79265,-3.36755
501.887,1.79269,-3.36759
502.887,1.79273,-3.36763
503.886,1.79277,-3.36767
504.886,1.7928,-3.36772
505.886,1.79284,-3.36776
506.885,1.79288,-3.3678
507.885,1.79292,-3.36784
508.884,1.79296,-3.36788
509.884,1.79299,-3.36792
510.884,1.79303,-3.36796
511.883,1.79307,-3.368
512.883,1.79311,-3.36804
513.883,1.79314,-3.36808
514.882,1.79318,-3.36812
515.882,1.79322,-3.36816
516.881,1.79325,-3.3682
517.881,1.79329,-3.36824
518.881,1.79333,-3.36828
519.88,1.79336,-3.36832
520.88,1.7934,-3.36835
521.88,1.79343,-3.36839
522.879,1.79347,-3.36843
523.879,1.7935,-3.36847
524.879,1.79354,-3.36851
525.878,1.79358,-3.36855
526.878,1.79361,-3.36858
527.877,1.79365,-3.36862
528.877,1.79368,-3.36866
529.877,1.79372,-3.3687
530.876,1.79375,-3.36873
531.876,1.79378,-3.36877
532.876,1.79382,-3.36881
533.875,1.79385,-3.36885
534.875,1.79389,-3.36888
535.875,1.79392,-3.36892
536.874,1.79395,-3.36896
537.874,1.79399,-3.36899
538.874,1.79402,-3.36903
539.873,1.79406,-3.36906
540.873,1.79409,-3.3691
541.873,1.79412,-3.36914
542.872,1.79416,-3.36917
543.872,1.79419,-3.36921
544.872,1.79422,-3.36924
545.871,1.79425,-3.36928
546.871,1.79429,-3.36931
547.871,1.79432,-3.36935
548.87,1.79435,-3.36938
549.87,1.79438,-3.36942
550.87,1.79442,-3.36945
551.869,1.79445,-3.36949
552.869,1.79448,-3.36952
553.869,1.79451,-3.36956
554.868,1.79454,-3.36959
555.868,1.79457,-3.36963
556.868,1.79461,-3.36966
557.867,1.79464,-3.36969
558.867,1.79467,-3.36973
559.867,1.7947,-3.36976
560.866,1.79473,-3.36979
561.866,1.79476,-3.36983
562.866,1.79479,-3.36986
563.865,1.79482,-3.36989
564.865,1.79485,-3.36993
565.865,1.79488,-3.36996
566.864,1.79491,-3.36999
567.864,1.79494,-3.37003
568.864,1.79497,-3.37006
569.864,1.79501,-3.37009
570.863,1.79503,-3.37012
571.863,1.79506,-3.37016
572.863,1.79509,-3.37019
573.862,1.79512,-3.37022
574.862,1.79515,-3.37025
575.862,1.79518,-3.37028
576.861,1.79521,-3.37031
577.861,1.79524,-3.37035
578.861,1.79527,-3.37038
579.861,1.7953,-3.37041
580.86,1.79533,-3.37044
581.86,1.79536,-3.37047
582.86,1.79539,-3.3705
583.859,1.79541,-3.37053
584.859,1.79544,-3.37056
585.859,1.79547,-3.37059
586.858,1.7955,-3.37063
587.858,1.79553,-3.37066
588.858,1.79556,-3.37069
589.858,1.79558,-3.37072
590.857,1.79561,-3.37075
591.857,1.79564,-3.37078
592.857,1.79567,-3.37081
593.856,1.7957,-3.37084
594.856,1.79572,-3.37087
595.856,1.79575,-3.3709
596.856,1.79578,-3.37093
597.855,1.79581,-3.37096
598.855,1.79583,-3.37098
599.855,1.79586,-3.37101
600.855,1.79589,-3.37104
601.854,1.79591,-3.37107
602.854,1.79594,-3.3711
603.854,1.79597,-3.37113
604.853,1.79599,-3.37116
605.853,1.79602,-3.37119
606.853,1.79605,-3.37122
607.853,1.79607,-3.37124
608.852,1.7961,-3.37127
609.852,1.79613,-3.3713
610.852,1.79615,-3.37133
611.852,1.79618,-3.37136
612.851,1.7962,-3.37139
613.851,1.79623,-3.37141
614.851,1.79626,-3.37144
615.85,1.79628,-3.37147
616.85,1.79631,-3.3715
617.85,1.79633,-3.37152
618.85,1.79636,-3.37155
619.849,1.79638,-3.37158
620.849,1.79641,-3.37161
621.849,1.79643,-3.37163
622.849,1.79646,-3.37166
623.848,1.79648,-3.37169
624.848,1.79651,-3.37172
625.848,1.79653,-3.37174
626.848,1.79656,-3.37177
627.847,1.79658,-3.3718
628.847,1.79661,-3.37182
629.847,1.79663,-3.37185
630.847,1.79666,-3.37188
631.846,1.79668,-3.3719
632.846,1.79671,-3.37193
633.846,1.79673,-3.37196
634.846,1.79675,-3.37198
635.845,1.79678,-3.37201
636.845,1.7968,-3.37203
637.845,1.79683,-3.37206
638.845,1.79685,-3.37209
639.844,1.79687,-3.37211
640.844,1.7969,-3.37214
641.844,1.79692,-3.37216
642.844,1.79694,-3.37219
643.843,1.79697,-3.37221
644.843,1.79699,-3.37224
645.843,1.79701,-3.37226
646.843,1.79704,-3.37229
647.842,1.79706,-3.37231
648.842,1.79708,-3.37234
649.842,1.79711,-3.37236
650.842,1.79713,-3.37239
651.842,1.79715,-3.37241
652.841,1.79718,-3.37244
653.841,1.7972,-3.37246
654.841,1.79722,-3.37249
655.841,1.79724,-3.37251
656.84,1.79727,-3.37254
657.84,1.79729,-3.37256
658.84,1.79731,-3.37259
659.84,1.79733,-3.37261
660.839,1.79736,-3.37263
661.839,1.79738,-3.37266
662.839,1.7974,-3.37268
663.839,1.79742,-3.37271
664.839,1.79745,-3.37273
665.838,1.79747,-3.37275
666.838,1.79749,-3.37278
667.838,1.79751,-3.3728
668.838,1.79753,-3.37282
669.837,1.79755,-3.37285
670.837,1.79758,-3.37287
671.837,1.7976,-3.37289
672.837,1.79762,-3.37292
673.837,1.79764,-3.37294
674.836,1.79766,-3.37296
675.836,1.79768,-3.37299
676.836,1.7977,-3.37301
677.836,1.79773,-3.37303
678.835,1.79775,-3.37306
679.835,1.79777,-3.37308
680.835,1.79779,-3.3731
681.835,1.79781,-3.37312
682.835,1.79783,-3.37315
683.834,1.79785,-3.37317
684.834,1.79787,-3.37319
685.834,1.79789,-3.37321
686.834,1.79791,-3.37324
687.834,1.79793,-3.37326
688.833,1.79796,-3.37328
689.833,1.79798,-3.3733
690.833,1.798,-3.37333
691.833,1.79802,-3.37335
692.832,1.79804,-3.37337
693.832,1.79806,-3.37339
694.832,1.79808,-3.37341
695.832,1.7981,-3.37344
696.832,1.79812,-3.37346
697.831,1.79814,-3.37348
698.831,1.79816,-3.3735
699.831,1.79818,-3.37352
700.831,1.7982,-3.37354
701.831,1.79822,-3.37356
702.83,1.79824,-3.37359
703.83,1.79826,-3.37361
704.83,1.79828,-3.37363
705.83,1.7983,-3.37365
706.83,1.79831,-3.37367
707.829,1.79833,-3.37369
708.829,1.79835,-3.37371
709.829,1.79837,-3.37373
710.829,1.79839,-3.37375
711.829,1.79841,-3.37378
712.828,1.79843,-3.3738
713.828,1.79845,-3.37382
714.828,1.79847,-3.37384
715.828,1.79849,-3.37386
716.828,1.79851,-3.37388
717.827,1.79853,-3.3739
718.827,1.79854,-3.37392
719.827,1.79856,-3.37394
720.827,1.79858,-3.37396
721.827,1.7986,-3.37398
722.827,1.79862,-3.374
723.826,1.79864,-3.37402
724.826,1.79866,-3.37404
725.826,1.79868,-3.37406
726.826,1.79869,-3.37408
727.826,1.79871,-3.3741
728.825,1.79873,-3.37412
729.825,1.79875,-3.37414
730.825,1.79877,-3.37416
731.825,1.79878,-3.37418
732.825,1.7988,-3.3742
733.824,1.79882,-3.37422
734.824,1.79884,-3.37424
735.824,1.79886,-3.37426
736.824,1.79888,-3.37428
737.824,1.79889,-3.3743
738.824,1.79891,-3.37432
739.823,1.79893,-3.37434
740.823,1.79895,-3.37436
741.823,1.79896,-3.37437
742.823,1.79898,-3.37439
743.823,1.799,-3.37441
744.822,1.79902,-3.37443
745.822,1.79903,-3.37445
746.822,1.79905,-3.37447
747.822,1.79907,-3.37449
748.822,1.79909,-3.37451
749.822,1.7991,-3.37453
750.821,1.79912,-3.37454
751.821,1.79914,-3.37456
752.821,1.79916,-3.37458
753.821,1.79917,-3.3746
754.821,1.79919,-3.37462
755.82,1.79921,-3.37464
756.82,1.79922,-3.37466
757.82,1.79924,-3.37467
758.82,1.79926,-3.37469
759.82,1.79927,-3.37471
760.82,1.79929,-3.37473
761.819,1.79931,-3.37475
762.819,1.79933,-3.37477
763.819,1.79934,-3.37478
764.819,1.79936,-3.3748
765.819,1.79937,-3.37482
766.819,1.79939,-3.37484
767.818,1.79941,-3.37486
768.818,1.79942,-3.37487
769.818,1.79944,-3.37489
770.818,1.79946,-3.37491
771.818,1.79947,-3.37493
772.818,1.79949,-3.37494
773.817,1.79951,-3.37496
774.817,1.79952,-3.37498
775.817,1.79954,-3.375
776.817,1.79955,-3.37501
777.817,1.79957,-3.37503
778.817,1.79959,-3.37505
779.816,1.7996,-3.37507
780.816,1.79962,-3.37508
781.816,1.79963,-3.3751
782.816,1.79965,-3.37512
783.816,1.79967,-3.37514
784.816,1.79968,-3.37515
785.815,1.7997,-3.37517
786.815,1.79971,-3.37519
787.815,1.79973,-3.3752
788.815,1.79975,-3.37522
789.815,1.79976,-3.37524
790.815,1.79978,-3.37525
791.814,1.79979,-3.37527
792.814,1.79981,-3.37529
793.814,1.79982,-3.37531
794.814,1.79984,-3.37532
795.814,1.79985,-3.37534
796.814,1.79987,-3.37536
797.814,1.79988,-3.37537
798.813,1.7999,-3.37539
799.813,1.79991,-3.3754
800.813,1.79993,-3.37542
801.813,1.79995,-3.37544
802.813,1.79996,-3.37545
803.813,1.79998,-3.37547
804.812,1.79999,-3.37549
805.812,1.80001,-3.3755
806.812,1.80002,-3.37552
807.812,1.80004,-3.37554
808.812,1.80005,-3.37555
809.812,1.80006,-3.37557
810.812,1.80008,-3.37558
811.811,1.80009,-3.3756
812.811,1.80011,-3.37562
813.811,1.80012,-3.37563
814.811,1.80014,-3.37565
815.811,1.80015,-3.37566
816.811,1.80017,-3.37568
817.81,1.80018,-3.37569
818.81,1.8002,-3.37571
819.81,1.80021,-3.37573
820.81,1.80023,-3.37574
821.81,1.80024,-3.37576
822.81,1.80025,-3.37577
823.81,1.80027,-3.37579
824.809,1.80028,-3.3758
825.809,1.8003,-3.37582
826.809,1.80031,-3.37584
827.809,1.80033,-3.37585
828.809,1.80034,-3.37587
829.809,1.80035,-3.37588
830.809,1.80037,-3.3759
831.808,1.80038,-3.37591
832.808,1.8004,-3.37593
833.808,1.80041,-3.37594
834.808,1.80042,-3.37596
835.808,1.80044,-3.37597
836.808,1.80045,-3.37599
837.808,1.80047,-3.376
838.807,1.80048,-3.37602
839.807,1.80049,-3.37603
840.807,1.80051,-3.37605
841.807,1.80052,-3.37606
842.807,1.80053,-3.37608
843.807,1.80055,-3.37609
844.807,1.80056,-3.37611
845.806,1.80058,-3.37612
846.806,1.80059,-3.37614
847.806,1.8006,-3.37615
848.806,1.80062,-3.37617
849.806,1.80063,-3.37618
850.806,1.80064,-3.37619
851.806,1.80066,-3.37621
852.805,1.80067,-3.37622
853.805,1.80068,-3.37624
854.805,1.8007,-3.37625
855.805,1.80071,-3.37627
856.805,1.80072,-3.37628
857.805,1.80074,-3.3763
858.805,1.80075,-3.37631
859.805,1.80076,-3.37632
860.804,1.80078,-3.37634
861.804,1.80079,-3.37635
862.804,1.8008,-3.37637
863.804,1.80082,-3.37638
864.804,1.80083,-3.3764
865.804,1.80084,-3.37641
866.804,1.80085,-3.37642
867.803,1.80087,-3.37644
868.803,1.80088,-3.37645
869.803,1.80089,-3.37647
870.803,1.80091,-3.37648
871.803,1.80092,-3.37649
872.803,1.80093,-3.37651
873.803,1.80094,-3.37652
874.803,1.80096,-3.37654
875.802,1.80097,-3.37655
876.802,1.80098,-3.37656
877.802,1.80099,-3.37658
878.802,1.80101,-3.37659
879.802,1.80102,-3.3766
880.802,1.80103,-3.37662
881.802,1.80105,-3.37663
882.801,1.80106,-3.37664
883.801,1.80107,-3.37666
884.801,1.80108,-3.37667
885.801,1.80109,-3.37668
886.801,1.80111,-3.3767
887.801,1.80112,-3.37671
888.801,1.80113,-3.37672
889.801,1.80114,-3.37674
890.8,1.80116,-3.37675
891.8,1.80117,-3.37676
892.8,1.80118,-3.37678
893.8,1.80119,-3.37679
894.8,1.80121,-3.3768
895.8,1.80122,-3.37682
896.8,1.80123,-3.37683
897.8,1.80124,-3.37684
898.799,1.80125,-3.37686
899.799,1.80127,-3.37687
900.799,1.80128,-3.37688
901.799,1.80129,-3.3769
902.799,1.8013,-3.37691
903.799,1.80131,-3.37692
904.799,1.80133,-3.37693
905.799,1.80134,-3.37695
906.799,1.80135,-3.37696
907.798,1.80136,-3.37697
908.798,1.80137,-3.37699
909.798,1.80138,-3.377
910.798,1.8014,-3.37701
911.798,1.80141,-3.37702
912.798,1.80142,-3.37704
913.798,1.80143,-3.37705
914.798,1.80144,-3.37706
915.797,1.80145,-3.37707
916.797,1.80147,-3.37709
917.797,1.80148,-3.3771
918.797,1.80149,-3.37711
919.797,1.8015,-3.37713
920.797,1.80151,-3.37714
921.797,1.80152,-3.37715
922.797,1.80153,-3.37716
923.796,1.80155,-3.37717
924.796,1.80156,-3.37719
925.796,1.80157,-3.3772
926.796,1.80158,-3.37721
927.796,1.80159,-3.37722
928.796,1.8016,-3.37724
929.796,1.80161,-3.37725
930.796,1.80163,-3.37726
931.796,1.80164,-3.37727
932.795,1.80165,-3.37728
933.795,1.80166,-3.3773
934.795,1.80167,-3.37731
935.795,1.80168,-3.37732
936.795,1.80169,-3.37733
937.795,1.8017,-3.37735
938.795,1.80171,-3.37736
939.795,1.80173,-3.37737
940.795,1.80174,-3.37738
941.794,1.80175,-3.37739
942.794,1.80176,-3.3774
943.794,1.80177,-3.37742
944.794,1.80178,-3.37743
945.794,1.80179,-3.37744
946.794,1.8018,-3.37745
947.794,1.80181,-3.37746
948.794,1.80182,-3.37748
949.794,1.80183,-3.37749
950.793,1.80184,-3.3775
951.793,1.80186,-3.37751
952.793,1.80187,-3.37752
953.793,1.80188,-3.37753
954.793,1.80189,-3.37755
955.793,1.8019,-3.37756
956.793,1.80191,-3.37757
957.793,1.80192,-3.37758
958.793,1.80193,-3.37759
959.792,1.80194,-3.3776
960.792,1.80195,-3.37761
961.792,1.80196,-3.37763
962.792,1.80197,-3.37764
963.792,1.80198,-3.37765
964.792,1.80199,-3.37766
965.792,1.802,-3.37767
966.792,1.80201,-3.37768
967.792,1.80202,-3.37769
968.791,1.80203,-3.37771
969.791,1.80205,-3.37772
970.791,1.80206,-3.37773
971.791,1.80207,-3.37774
972.791,1.80208,-3.37775
973.791,1.80209,-3.37776
974.791,1.8021,-3.37777
975.791,1.80211,-3.37778
976.791,1.80212,-3.37779
977.791,1.80213,-3.37781
978.79,1.80214,-3.37782
979.79,1.80215,-3.37783
980.79,1.80216,-3.37784
981.79,1.80217,-3.37785
982.79,1.80218,-3.37786
983.79,1.80219,-3.37787
984.79,1.8022,-3.37788
985.79,1.80221,-3.37789
986.79,1.80222,-3.3779
987.789,1.80223,-3.37791
988.789,1.80224,-3.37793
989.789,1.80225,-3.37794
990.789,1.80226,-3.37795
991.789,1.80227,-3.37796
992.789,1.80228,-3.37797
993.789,1.80229,-3.37798
994.789,1.8023,-3.37799
995.789,1.80231,-3.378
996.789,1.80232,-3.37801
997.788,1.80233,-3.37802
