999.101,1.57079,0.00156079
998.101,1.57078,0.00155076
997.102,1.57077,0.00154071
996.102,1.57076,0.00153064
995.102,1.57075,0.00152055
994.102,1.57074,0.00151044
993.102,1.57073,0.00150031
992.102,1.57072,0.00149016
991.102,1.57071,0.00147999
990.102,1.5707,0.00146979
989.102,1.57069,0.00145958
988.102,1.57067,0.00144935
987.103,1.57066,0.00143909
986.103,1.57065,0.00142882
985.103,1.57064,0.00141852
984.103,1.57063,0.00140821
983.103,1.57062,0.00139787
982.103,1.57061,0.00138751
981.103,1.5706,0.00137713
980.103,1.57059,0.00136673
979.103,1.57058,0.00135631
978.103,1.57057,0.00134586
977.104,1.57056,0.0013354
976.104,1.57055,0.00132491
975.104,1.57054,0.00131441
974.104,1.57053,0.00130388
973.104,1.57052,0.00129332
972.104,1.57051,0.00128275
971.104,1.5705,0.00127216
970.104,1.57049,0.00126154
969.104,1.57048,0.0012509
968.105,1.57047,0.00124024
967.105,1.57046,0.00122956
966.105,1.57044,0.00121885
965.105,1.57043,0.00120813
964.105,1.57042,0.00119738
963.105,1.57041,0.00118661
962.105,1.5704,0.00117581
961.105,1.57039,0.001165
960.105,1.57038,0.00115416
959.105,1.57037,0.00114329
958.106,1.57036,0.00113241
957.106,1.57035,0.0011215
956.106,1.57034,0.00111057
955.106,1.57033,0.00109962
954.106,1.57031,0.00108864
953.106,1.5703,0.00107765
952.106,1.57029,0.00106662
951.106,1.57028,0.00105558
950.106,1.57027,0.00104451
949.107,1.57026,0.00103342
948.107,1.57025,0.0010223
947.107,1.57024,0.00101116
946.107,1.57023,0.001
945.107,1.57021,0.000988816
944.107,1.5702,0.000977606
943.107,1.57019,0.000966373
942.107,1.57018,0.000955116
941.107,1.57017,0.000943834
940.108,1.57016,0.000932529
939.108,1.57015,0.0009212
938.108,1.57014,0.000909846
937.108,1.57012,0.000898468
936.108,1.57011,0.000887066
935.108,1.5701,0.000875639
934.108,1.57009,0.000864188
933.108,1.57008,0.000852713
932.109,1.57007,0.000841212
931.109,1.57006,0.000829687
930.109,1.57004,0.000818138
929.109,1.57003,0.000806563
928.109,1.57002,0.000794963
927.109,1.57001,0.000783338
926.109,1.57,0.000771689
925.109,1.56999,0.000760013
924.109,1.56997,0.000748313
923.11,1.56996,0.000736587
922.11,1.56995,0.000724836
921.11,1.56994,0.000713059
920.11,1.56993,0.000701257
919.11,1.56992,0.000689429
918.11,1.5699,0.000677575
917.11,1.56989,0.000665695
916.11,1.56988,0.00065379
915.11,1.56987,0.000641858
914.111,1.56986,0.0006299
913.111,1.56984,0.000617916
912.111,1.56983,0.000605906
911.111,1.56982,0.000593869
910.111,1.56981,0.000581806
909.111,1.5698,0.000569716
908.111,1.56978,0.000557599
907.111,1.56977,0.000545456
906.112,1.56976,0.000533286
905.112,1.56975,0.000521089
904.112,1.56973,0.000508865
903.112,1.56972,0.000496614
902.112,1.56971,0.000484336
901.112,1.5697,0.00047203
900.112,1.56969,0.000459697
899.112,1.56967,0.000447337
898.113,1.56966,0.000434949
897.113,1.56965,0.000422534
896.113,1.56964,0.00041009
895.113,1.56962,0.000397619
894.113,1.56961,0.00038512
893.113,1.5696,0.000372593
892.113,1.56959,0.000360038
891.113,1.56957,0.000347454
890.114,1.56956,0.000334843
889.114,1.56955,0.000322203
888.114,1.56954,0.000309534
887.114,1.56952,0.000296837
886.114,1.56951,0.000284111
885.114,1.5695,0.000271356
884.114,1.56948,0.000258573
883.114,1.56947,0.00024576
882.115,1.56946,0.000232919
881.115,1.56945,0.000220048
880.115,1.56943,0.000207148
879.115,1.56942,0.000194218
878.115,1.56941,0.00018126
877.115,1.56939,0.000168271
876.115,1.56938,0.000155253
875.115,1.56937,0.000142205
874.116,1.56935,0.000129127
873.116,1.56934,0.000116019
872.116,1.56933,0.000102881
871.116,1.56932,8.97133e-05
870.116,1.5693,7.65149e-05
869.116,1.56929,6.32861e-05
868.116,1.56928,5.00268e-05
867.117,1.56926,3.67368e-05
866.117,1.56925,2.34162e-05
865.117,1.56924,1.00647e-05
864.117,1.56922,-3.31772e-06
863.117,1.56921,-1.67312e-05
862.117,1.5692,-3.01758e-05
861.117,1.56918,-4.36517e-05
860.117,1.56917,-5.71589e-05
859.118,1.56916,-7.06976e-05
858.118,1.56914,-8.42679e-05
857.118,1.56913,-9.78699e-05
856.118,1.56911,-0.000111504
855.118,1.5691,-0.000125169
854.118,1.56909,-0.000138867
853.118,1.56907,-0.000152597
852.119,1.56906,-0.000166359
851.119,1.56905,-0.000180154
850.119,1.56903,-0.000193981
849.119,1.56902,-0.00020784
848.119,1.569,-0.000221733
847.119,1.56899,-0.000235658
846.119,1.56898,-0.000249616
845.12,1.56896,-0.000263607
844.12,1.56895,-0.000277632
843.12,1.56893,-0.000291689
842.12,1.56892,-0.000305781
841.12,1.56891,-0.000319905
840.12,1.56889,-0.000334064
839.12,1.56888,-0.000348256
838.121,1.56886,-0.000362482
837.121,1.56885,-0.000376742
836.121,1.56883,-0.000391036
835.121,1.56882,-0.000405364
834.121,1.56881,-0.000419727
833.121,1.56879,-0.000434124
832.121,1.56878,-0.000448556
831.122,1.56876,-0.000463023
830.122,1.56875,-0.000477525
829.122,1.56873,-0.000492062
828.122,1.56872,-0.000506633
827.122,1.5687,-0.00052124
826.122,1.56869,-0.000535883
825.122,1.56868,-0.000550561
824.123,1.56866,-0.000565275
823.123,1.56865,-0.000580024
822.123,1.56863,-0.00059481
821.123,1.56862,-0.000609631
820.123,1.5686,-0.000624489
819.123,1.56859,-0.000639383
818.123,1.56857,-0.000654313
817.124,1.56856,-0.00066928
816.124,1.56854,-0.000684284
815.124,1.56853,-0.000699324
814.124,1.56851,-0.000714402
813.124,1.5685,-0.000729516
812.124,1.56848,-0.000744668
811.124,1.56847,-0.000759858
810.125,1.56845,-0.000775085
809.125,1.56844,-0.000790349
808.125,1.56842,-0.000805652
807.125,1.56841,-0.000820992
806.125,1.56839,-0.00083637
805.125,1.56837,-0.000851787
804.126,1.56836,-0.000867242
803.126,1.56834,-0.000882736
802.126,1.56833,-0.000898268
801.126,1.56831,-0.000913839
800.126,1.5683,-0.000929449
799.126,1.56828,-0.000945098
798.126,1.56827,-0.000960787
797.127,1.56825,-0.000976515
796.127,1.56823,-0.000992282
795.127,1.56822,-0.00100809
794.127,1.5682,-0.00102394
793.127,1.56819,-0.00103982
792.127,1.56817,-0.00105575
791.128,1.56815,-0.00107172
790.128,1.56814,-0.00108773
789.128,1.56812,-0.00110377
788.128,1.56811,-0.00111986
787.128,1.56809,-0.00113599
786.128,1.56807,-0.00115216
785.129,1.56806,-0.00116838
784.129,1.56804,-0.00118463
783.129,1.56803,-0.00120093
782.129,1.56801,-0.00121726
781.129,1.56799,-0.00123364
780.129,1.56798,-0.00125006
779.13,1.56796,-0.00126653
778.13,1.56794,-0.00128303
777.13,1.56793,-0.00129958
776.13,1.56791,-0.00131617
775.13,1.56789,-0.00133281
774.13,1.56788,-0.00134948
773.131,1.56786,-0.0013662
772.131,1.56784,-0.00138297
771.131,1.56783,-0.00139977
770.131,1.56781,-0.00141662
769.131,1.56779,-0.00143352
768.131,1.56778,-0.00145046
767.132,1.56776,-0.00146744
766.132,1.56774,-0.00148447
765.132,1.56772,-0.00150154
764.132,1.56771,-0.00151865
763.132,1.56769,-0.00153582
762.132,1.56767,-0.00155302
761.133,1.56766,-0.00157027
760.133,1.56764,-0.00158757
759.133,1.56762,-0.00160491
758.133,1.5676,-0.0016223
757.133,1.56759,-0.00163974
756.133,1.56757,-0.00165722
755.134,1.56755,-0.00167474
754.134,1.56753,-0.00169232
753.134,1.56752,-0.00170994
752.134,1.5675,-0.00172761
751.134,1.56748,-0.00174532
750.134,1.56746,-0.00176308
749.135,1.56745,-0.00178089
748.135,1.56743,-0.00179875
747.135,1.56741,-0.00181665
746.135,1.56739,-0.0018346
745.135,1.56737,-0.00185261
744.136,1.56736,-0.00187065
743.136,1.56734,-0.00188875
742.136,1.56732,-0.0019069
741.136,1.5673,-0.0019251
740.136,1.56728,-0.00194334
739.136,1.56727,-0.00196163
738.137,1.56725,-0.00197998
737.137,1.56723,-0.00199837
736.137,1.56721,-0.00201682
735.137,1.56719,-0.00203531
734.137,1.56717,-0.00205386
733.138,1.56715,-0.00207245
732.138,1.56714,-0.0020911
731.138,1.56712,-0.00210979
730.138,1.5671,-0.00212854
729.138,1.56708,-0.00214734
728.138,1.56706,-0.00216619
727.139,1.56704,-0.0021851
726.139,1.56702,-0.00220405
725.139,1.567,-0.00222306
724.139,1.56698,-0.00224212
723.139,1.56697,-0.00226124
722.14,1.56695,-0.0022804
721.14,1.56693,-0.00229962
720.14,1.56691,-0.0023189
719.14,1.56689,-0.00233822
718.14,1.56687,-0.0023576
717.141,1.56685,-0.00237704
716.141,1.56683,-0.00239653
715.141,1.56681,-0.00241607
714.141,1.56679,-0.00243567
713.141,1.56677,-0.00245532
712.142,1.56675,-0.00247503
711.142,1.56673,-0.0024948
710.142,1.56671,-0.00251462
709.142,1.56669,-0.00253449
708.142,1.56667,-0.00255442
707.143,1.56665,-0.00257441
706.143,1.56663,-0.00259446
705.143,1.56661,-0.00261456
704.143,1.56659,-0.00263472
703.143,1.56657,-0.00265494
702.144,1.56655,-0.00267521
701.144,1.56653,-0.00269554
700.144,1.56651,-0.00271594
699.144,1.56649,-0.00273638
698.144,1.56647,-0.00275689
697.145,1.56645,-0.00277746
696.145,1.56643,-0.00279808
695.145,1.56641,-0.00281877
694.145,1.56639,-0.00283951
693.145,1.56637,-0.00286032
692.146,1.56635,-0.00288118
691.146,1.56633,-0.00290211
690.146,1.5663,-0.0029231
689.146,1.56628,-0.00294414
688.146,1.56626,-0.00296525
687.147,1.56624,-0.00298642
686.147,1.56622,-0.00300765
685.147,1.5662,-0.00302895
684.147,1.56618,-0.0030503
683.147,1.56616,-0.00307172
682.148,1.56613,-0.0030932
681.148,1.56611,-0.00311475
680.148,1.56609,-0.00313636
679.148,1.56607,-0.00315803
678.149,1.56605,-0.00317976
677.149,1.56603,-0.00320156
676.149,1.566,-0.00322343
675.149,1.56598,-0.00324536
674.149,1.56596,-0.00326735
673.15,1.56594,-0.00328941
672.15,1.56592,-0.00331154
671.15,1.56589,-0.00333373
670.15,1.56587,-0.00335599
669.151,1.56585,-0.00337831
668.151,1.56583,-0.00340071
667.151,1.5658,-0.00342316
666.151,1.56578,-0.00344569
665.151,1.56576,-0.00346829
664.152,1.56574,-0.00349095
663.152,1.56571,-0.00351368
662.152,1.56569,-0.00353648
661.152,1.56567,-0.00355935
660.153,1.56565,-0.00358229
659.153,1.56562,-0.00360529
658.153,1.5656,-0.00362837
657.153,1.56558,-0.00365152
656.153,1.56555,-0.00367474
655.154,1.56553,-0.00369803
654.154,1.56551,-0.00372139
653.154,1.56548,-0.00374482
652.154,1.56546,-0.00376833
651.155,1.56544,-0.0037919
650.155,1.56541,-0.00381555
649.155,1.56539,-0.00383928
648.155,1.56537,-0.00386307
647.156,1.56534,-0.00388694
646.156,1.56532,-0.00391088
645.156,1.56529,-0.0039349
644.156,1.56527,-0.00395899
643.157,1.56525,-0.00398316
642.157,1.56522,-0.00400741
641.157,1.5652,-0.00403172
640.157,1.56517,-0.00405612
639.158,1.56515,-0.00408059
638.158,1.56512,-0.00410514
637.158,1.5651,-0.00412976
636.158,1.56507,-0.00415447
635.159,1.56505,-0.00417925
634.159,1.56502,-0.0042041
633.159,1.565,-0.00422904
632.159,1.56497,-0.00425406
631.16,1.56495,-0.00427915
630.16,1.56492,-0.00430433
629.16,1.5649,-0.00432959
628.16,1.56487,-0.00435492
627.161,1.56485,-0.00438034
626.161,1.56482,-0.00440584
625.161,1.5648,-0.00443142
624.161,1.56477,-0.00445708
623.162,1.56475,-0.00448283
622.162,1.56472,-0.00450865
621.162,1.56469,-0.00453456
620.162,1.56467,-0.00456056
619.163,1.56464,-0.00458664
618.163,1.56462,-0.0046128
617.163,1.56459,-0.00463905
616.163,1.56456,-0.00466538
615.164,1.56454,-0.0046918
614.164,1.56451,-0.00471831
613.164,1.56448,-0.0047449
612.164,1.56446,-0.00477158
611.165,1.56443,-0.00479834
610.165,1.5644,-0.0048252
609.165,1.56438,-0.00485214
608.165,1.56435,-0.00487917
607.166,1.56432,-0.00490629
606.166,1.5643,-0.0049335
605.166,1.56427,-0.0049608
604.167,1.56424,-0.00498819
603.167,1.56421,-0.00501567
602.167,1.56419,-0.00504325
601.167,1.56416,-0.00507091
600.168,1.56413,-0.00509867
599.168,1.5641,-0.00512652
598.168,1.56408,-0.00515446
597.169,1.56405,-0.0051825
596.169,1.56402,-0.00521063
595.169,1.56399,-0.00523886
594.169,1.56396,-0.00526718
593.17,1.56393,-0.00529559
592.17,1.56391,-0.00532411
591.17,1.56388,-0.00535272
590.17,1.56385,-0.00538142
589.171,1.56382,-0.00541023
588.171,1.56379,-0.00543913
587.171,1.56376,-0.00546813
586.172,1.56373,-0.00549723
585.172,1.5637,-0.00552643
584.172,1.56367,-0.00555573
583.173,1.56365,-0.00558513
582.173,1.56362,-0.00561463
581.173,1.56359,-0.00564423
580.173,1.56356,-0.00567394
579.174,1.56353,-0.00570375
578.174,1.5635,-0.00573366
577.174,1.56347,-0.00576367
576.175,1.56344,-0.00579379
575.175,1.56341,-0.00582402
574.175,1.56338,-0.00585435
573.175,1.56335,-0.00588478
572.176,1.56332,-0.00591532
571.176,1.56328,-0.00594597
570.176,1.56325,-0.00597673
569.177,1.56322,-0.0060076
568.177,1.56319,-0.00603857
567.177,1.56316,-0.00606965
566.178,1.56313,-0.00610085
565.178,1.5631,-0.00613215
564.178,1.56307,-0.00616357
563.179,1.56304,-0.00619509
562.179,1.563,-0.00622673
561.179,1.56297,-0.00625849
560.18,1.56294,-0.00629035
559.18,1.56291,-0.00632233
558.18,1.56288,-0.00635443
557.18,1.56284,-0.00638664
556.181,1.56281,-0.00641896
555.181,1.56278,-0.00645141
554.181,1.56275,-0.00648397
553.182,1.56271,-0.00651664
552.182,1.56268,-0.00654944
551.182,1.56265,-0.00658236
550.183,1.56262,-0.00661539
549.183,1.56258,-0.00664855
548.183,1.56255,-0.00668182
547.184,1.56252,-0.00671522
546.184,1.56248,-0.00674875
545.184,1.56245,-0.00678239
544.185,1.56242,-0.00681616
543.185,1.56238,-0.00685005
542.185,1.56235,-0.00688407
541.186,1.56231,-0.00691822
540.186,1.56228,-0.00695249
539.186,1.56225,-0.00698688
538.187,1.56221,-0.00702141
537.187,1.56218,-0.00705607
536.187,1.56214,-0.00709085
535.188,1.56211,-0.00712577
534.188,1.56207,-0.00716081
533.189,1.56204,-0.00719599
532.189,1.562,-0.0072313
531.189,1.56197,-0.00726674
530.19,1.56193,-0.00730232
529.19,1.56189,-0.00733803
528.19,1.56186,-0.00737388
527.191,1.56182,-0.00740986
526.191,1.56179,-0.00744598
525.191,1.56175,-0.00748224
524.192,1.56171,-0.00751864
523.192,1.56168,-0.00755517
522.192,1.56164,-0.00759185
521.193,1.5616,-0.00762867
520.193,1.56157,-0.00766562
519.194,1.56153,-0.00770273
518.194,1.56149,-0.00773997
517.194,1.56146,-0.00777736
516.195,1.56142,-0.0078149
515.195,1.56138,-0.00785258
514.195,1.56134,-0.0078904
513.196,1.56131,-0.00792838
512.196,1.56127,-0.0079665
511.197,1.56123,-0.00800477
510.197,1.56119,-0.0080432
509.197,1.56115,-0.00808177
508.198,1.56111,-0.0081205
507.198,1.56107,-0.00815938
506.199,1.56104,-0.00819841
505.199,1.561,-0.0082376
504.199,1.56096,-0.00827694
503.2,1.56092,-0.00831644
502.2,1.56088,-0.0083561
501.2,1.56084,-0.00839592
500.201,1.5608,-0.0084359
499.201,1.56076,-0.00847603
498.202,1.56072,-0.00851633
497.202,1.56068,-0.00855679
496.202,1.56064,-0.00859741
495.203,1.5606,-0.0086382
494.203,1.56056,-0.00867916
493.204,1.56051,-0.00872028
492.204,1.56047,-0.00876156
491.205,1.56043,-0.00880302
490.205,1.56039,-0.00884464
489.205,1.56035,-0.00888644
488.206,1.56031,-0.00892841
487.206,1.56027,-0.00897055
486.207,1.56022,-0.00901286
485.207,1.56018,-0.00905535
484.207,1.56014,-0.00909801
483.208,1.5601,-0.00914085
482.208,1.56005,-0.00918387
481.209,1.56001,-0.00922707
480.209,1.55997,-0.00927045
479.21,1.55992,-0.00931401
478.21,1.55988,-0.00935775
477.21,1.55983,-0.00940168
476.211,1.55979,-0.00944579
475.211,1.55975,-0.00949009
474.212,1.5597,-0.00953457
473.212,1.55966,-0.00957924
472.213,1.55961,-0.0096241
471.213,1.55957,-0.00966916
470.214,1.55952,-0.0097144
469.214,1.55948,-0.00975984
468.214,1.55943,-0.00980547
467.215,1.55939,-0.0098513
466.215,1.55934,-0.00989732
465.216,1.55929,-0.00994355
464.216,1.55925,-0.00998997
463.217,1.5592,-0.0100366
462.217,1.55915,-0.0100834
461.218,1.55911,-0.0101304
460.218,1.55906,-0.0101777
459.219,1.55901,-0.0102251
458.219,1.55897,-0.0102728
457.22,1.55892,-0.0103206
456.22,1.55887,-0.0103687
455.221,1.55882,-0.010417
454.221,1.55877,-0.0104655
453.222,1.55872,-0.0105142
452.222,1.55868,-0.0105631
451.223,1.55863,-0.0106122
450.223,1.55858,-0.0106616
449.223,1.55853,-0.0107112
448.224,1.55848,-0.010761
447.224,1.55843,-0.010811
446.225,1.55838,-0.0108612
445.225,1.55833,-0.0109117
444.226,1.55828,-0.0109624
443.227,1.55823,-0.0110133
442.227,1.55818,-0.0110645
441.228,1.55812,-0.0111159
440.228,1.55807,-0.0111675
439.229,1.55802,-0.0112194
438.229,1.55797,-0.0112715
437.23,1.55792,-0.0113238
436.23,1.55786,-0.0113764
435.231,1.55781,-0.0114292
434.231,1.55776,-0.0114823
433.232,1.55771,-0.0115356
432.232,1.55765,-0.0115892
431.233,1.5576,-0.011643
430.233,1.55754,-0.011697
429.234,1.55749,-0.0117513
428.234,1.55744,-0.0118059
427.235,1.55738,-0.0118607
426.235,1.55733,-0.0119158
425.236,1.55727,-0.0119711
424.237,1.55722,-0.0120267
423.237,1.55716,-0.0120826
422.238,1.5571,-0.0121387
421.238,1.55705,-0.0121951
420.239,1.55699,-0.0122518
419.239,1.55693,-0.0123087
418.24,1.55688,-0.0123659
417.241,1.55682,-0.0124234
416.241,1.55676,-0.0124812
415.242,1.5567,-0.0125392
414.242,1.55665,-0.0125975
413.243,1.55659,-0.0126561
412.243,1.55653,-0.012715
411.244,1.55647,-0.0127742
410.245,1.55641,-0.0128336
409.245,1.55635,-0.0128934
408.246,1.55629,-0.0129534
407.246,1.55623,-0.0130138
406.247,1.55617,-0.0130744
405.248,1.55611,-0.0131354
404.248,1.55605,-0.0131966
403.249,1.55599,-0.0132582
402.249,1.55593,-0.01332
401.25,1.55586,-0.0133822
400.251,1.5558,-0.0134446
399.251,1.55574,-0.0135074
398.252,1.55568,-0.0135705
397.253,1.55561,-0.013634
396.253,1.55555,-0.0136977
395.254,1.55548,-0.0137618
394.254,1.55542,-0.0138262
393.255,1.55536,-0.0138909
392.256,1.55529,-0.0139559
391.256,1.55523,-0.0140213
390.257,1.55516,-0.014087
389.258,1.55509,-0.0141531
388.258,1.55503,-0.0142195
387.259,1.55496,-0.0142862
386.26,1.5549,-0.0143533
385.26,1.55483,-0.0144208
384.261,1.55476,-0.0144886
383.262,1.55469,-0.0145567
382.262,1.55462,-0.0146252
381.263,1.55456,-0.0146941
380.264,1.55449,-0.0147633
379.264,1.55442,-0.0148329
378.265,1.55435,-0.0149028
377.266,1.55428,-0.0149732
376.267,1.55421,-0.0150439
375.267,1.55414,-0.015115
374.268,1.55406,-0.0151864
373.269,1.55399,-0.0152583
372.269,1.55392,-0.0153305
371.27,1.55385,-0.0154032
370.271,1.55378,-0.0154762
369.272,1.5537,-0.0155496
368.272,1.55363,-0.0156234
367.273,1.55355,-0.0156976
366.274,1.55348,-0.0157722
365.275,1.55341,-0.0158473
364.275,1.55333,-0.0159227
363.276,1.55325,-0.0159986
362.277,1.55318,-0.0160749
361.278,1.5531,-0.0161516
360.278,1.55303,-0.0162287
359.279,1.55295,-0.0163063
358.28,1.55287,-0.0163843
357.281,1.55279,-0.0164627
356.281,1.55271,-0.0165416
355.282,1.55263,-0.0166209
354.283,1.55255,-0.0167007
353.284,1.55247,-0.0167809
352.285,1.55239,-0.0168616
351.285,1.55231,-0.0169427
350.286,1.55223,-0.0170243
349.287,1.55215,-0.0171064
348.288,1.55207,-0.017189
347.289,1.55199,-0.017272
346.289,1.5519,-0.0173555
345.29,1.55182,-0.0174395
344.291,1.55173,-0.017524
343.292,1.55165,-0.0176089
342.293,1.55156,-0.0176944
341.294,1.55148,-0.0177804
340.295,1.55139,-0.0178669
339.295,1.55131,-0.0179539
338.296,1.55122,-0.0180414
337.297,1.55113,-0.0181294
336.298,1.55104,-0.0182179
335.299,1.55095,-0.018307
334.3,1.55086,-0.0183966
333.301,1.55078,-0.0184868
332.302,1.55068,-0.0185775
331.303,1.55059,-0.0186687
330.303,1.5505,-0.0187605
329.304,1.55041,-0.0188529
328.305,1.55032,-0.0189458
327.306,1.55022,-0.0190393
326.307,1.55013,-0.0191334
325.308,1.55004,-0.019228
324.309,1.54994,-0.0193233
323.31,1.54985,-0.0194191
322.311,1.54975,-0.0195155
321.312,1.54965,-0.0196125
320.313,1.54956,-0.0197102
319.314,1.54946,-0.0198084
318.315,1.54936,-0.0199073
317.316,1.54926,-0.0200068
316.317,1.54916,-0.0201069
315.318,1.54906,-0.0202076
314.319,1.54896,-0.020309
313.32,1.54886,-0.0204111
312.321,1.54876,-0.0205138
311.322,1.54865,-0.0206171
310.323,1.54855,-0.0207212
309.324,1.54844,-0.0208259
308.325,1.54834,-0.0209313
307.326,1.54823,-0.0210374
306.327,1.54813,-0.0211441
305.328,1.54802,-0.0212516
304.329,1.54791,-0.0213598
303.33,1.5478,-0.0214687
302.331,1.5477,-0.0215783
301.332,1.54759,-0.0216886
300.334,1.54748,-0.0217997
299.335,1.54736,-0.0219116
298.336,1.54725,-0.0220241
297.337,1.54714,-0.0221375
296.338,1.54703,-0.0222516
295.339,1.54691,-0.0223665
294.34,1.5468,-0.0224821
293.342,1.54668,-0.0225986
292.343,1.54656,-0.0227159
291.344,1.54645,-0.0228339
290.345,1.54633,-0.0229528
289.346,1.54621,-0.0230725
288.347,1.54609,-0.023193
287.349,1.54597,-0.0233144
286.35,1.54585,-0.0234367
285.351,1.54572,-0.0235597
284.352,1.5456,-0.0236837
283.353,1.54548,-0.0238085
282.355,1.54535,-0.0239343
281.356,1.54522,-0.0240609
280.357,1.5451,-0.0241884
279.359,1.54497,-0.0243168
278.36,1.54484,-0.0244462
277.361,1.54471,-0.0245765
276.362,1.54458,-0.0247078
275.364,1.54445,-0.02484
274.365,1.54432,-0.0249731
273.366,1.54418,-0.0251073
272.368,1.54405,-0.0252424
271.369,1.54391,-0.0253786
270.37,1.54378,-0.0255157
269.372,1.54364,-0.0256539
268.373,1.5435,-0.0257931
267.375,1.54336,-0.0259333
266.376,1.54322,-0.0260746
265.377,1.54308,-0.026217
264.379,1.54294,-0.0263605
263.38,1.54279,-0.026505
262.382,1.54265,-0.0266507
261.383,1.5425,-0.0267974
260.385,1.54235,-0.0269453
259.386,1.54221,-0.0270944
258.388,1.54206,-0.0272446
257.389,1.54191,-0.027396
256.391,1.54175,-0.0275485
255.392,1.5416,-0.0277023
254.394,1.54145,-0.0278572
253.395,1.54129,-0.0280134
252.397,1.54113,-0.0281709
251.398,1.54098,-0.0283296
250.4,1.54082,-0.0284896
249.401,1.54066,-0.0286508
248.403,1.5405,-0.0288134
247.405,1.54033,-0.0289773
246.406,1.54017,-0.0291425
245.408,1.54,-0.029309
244.41,1.53984,-0.029477
243.411,1.53967,-0.0296463
242.413,1.5395,-0.029817
241.415,1.53933,-0.0299892
240.416,1.53915,-0.0301627
239.418,1.53898,-0.0303378
238.42,1.5388,-0.0305143
237.422,1.53863,-0.0306923
236.423,1.53845,-0.0308718
235.425,1.53827,-0.0310528
234.427,1.53809,-0.0312354
233.429,1.5379,-0.0314196
232.431,1.53772,-0.0316054
231.433,1.53753,-0.0317927
230.434,1.53735,-0.0319817
229.436,1.53716,-0.0321724
228.438,1.53696,-0.0323647
227.44,1.53677,-0.0325587
226.442,1.53658,-0.0327545
225.444,1.53638,-0.032952
224.446,1.53618,-0.0331512
223.448,1.53598,-0.0333523
222.45,1.53578,-0.0335552
221.452,1.53558,-0.0337599
220.454,1.53537,-0.0339664
219.456,1.53517,-0.0341749
218.458,1.53496,-0.0343853
217.46,1.53475,-0.0345976
216.462,1.53453,-0.0348119
215.465,1.53432,-0.0350282
214.467,1.5341,-0.0352465
213.469,1.53388,-0.0354668
212.471,1.53366,-0.0356893
211.473,1.53344,-0.0359138
210.476,1.53321,-0.0361405
209.478,1.53299,-0.0363694
208.48,1.53276,-0.0366005
207.482,1.53252,-0.0368338
206.485,1.53229,-0.0370694
205.487,1.53205,-0.0373073
204.49,1.53182,-0.0375475
203.492,1.53157,-0.0377901
202.494,1.53133,-0.0380351
201.497,1.53109,-0.0382826
200.499,1.53084,-0.0385325
199.502,1.53059,-0.038785
198.504,1.53033,-0.03904
197.507,1.53008,-0.0392976
196.509,1.52982,-0.0395578
195.512,1.52956,-0.0398207
194.515,1.5293,-0.0400863
193.517,1.52903,-0.0403547
192.52,1.52876,-0.0406259
191.523,1.52849,-0.0408999
190.525,1.52821,-0.0411768
189.528,1.52794,-0.0414567
188.531,1.52765,-0.0417395
187.534,1.52737,-0.0420254
186.537,1.52708,-0.0423143
185.54,1.52679,-0.0426064
184.542,1.5265,-0.0429017
183.545,1.52621,-0.0432002
182.548,1.52591,-0.0435019
181.551,1.5256,-0.0438071
180.554,1.5253,-0.0441156
179.558,1.52499,-0.0444275
178.561,1.52468,-0.044743
177.564,1.52436,-0.0450621
176.567,1.52404,-0.0453847
175.57,1.52372,-0.0457111
174.573,1.52339,-0.0460413
173.577,1.52306,-0.0463752
172.58,1.52272,-0.0467131
171.583,1.52238,-0.0470549
170.587,1.52204,-0.0474007
169.59,1.52169,-0.0477507
168.594,1.52134,-0.0481048
167.597,1.52099,-0.0484631
166.601,1.52063,-0.0488258
165.605,1.52026,-0.0491929
164.608,1.5199,-0.0495645
163.612,1.51952,-0.0499406
162.616,1.51915,-0.0503214
161.62,1.51876,-0.050707
160.623,1.51838,-0.0510973
159.627,1.51799,-0.0514926
158.631,1.51759,-0.0518929
157.635,1.51719,-0.0522983
156.639,1.51678,-0.0527089
155.643,1.51637,-0.0531248
154.648,1.51595,-0.0535461
153.652,1.51553,-0.053973
152.656,1.5151,-0.0544054
151.66,1.51467,-0.0548436
150.665,1.51423,-0.0552877
149.669,1.51378,-0.0557377
148.674,1.51333,-0.0561938
147.678,1.51287,-0.0566561
146.683,1.51241,-0.0571248
145.688,1.51194,-0.0575999
144.692,1.51146,-0.0580817
143.697,1.51098,-0.0585702
142.702,1.51049,-0.0590656
141.707,1.50999,-0.059568
140.712,1.50949,-0.0600776
139.717,1.50898,-0.0605946
138.722,1.50846,-0.061119
137.728,1.50793,-0.0616511
136.733,1.5074,-0.0621911
135.738,1.50686,-0.0627391
134.744,1.50631,-0.0632952
133.749,1.50575,-0.0638597
132.755,1.50518,-0.0644328
131.761,1.50461,-0.0650147
130.766,1.50402,-0.0656055
129.772,1.50343,-0.0662054
128.778,1.50283,-0.0668148
127.785,1.50222,-0.0674338
126.791,1.5016,-0.0680626
125.797,1.50097,-0.0687014
124.803,1.50033,-0.0693506
123.81,1.49967,-0.0700103
122.817,1.49901,-0.0706809
121.823,1.49834,-0.0713625
120.83,1.49766,-0.0720555
119.837,1.49696,-0.0727602
118.844,1.49625,-0.0734768
117.851,1.49553,-0.0742057
116.859,1.4948,-0.0749471
115.866,1.49406,-0.0757015
114.874,1.4933,-0.076469
113.881,1.49253,-0.0772502
112.889,1.49175,-0.0780453
111.897,1.49095,-0.0788547
110.905,1.49014,-0.0796789
109.913,1.48931,-0.0805181
108.922,1.48847,-0.0813729
107.93,1.48761,-0.0822437
106.939,1.48674,-0.0831309
105.948,1.48585,-0.084035
104.957,1.48494,-0.0849564
103.966,1.48401,-0.0858957
102.976,1.48307,-0.0868535
101.985,1.48211,-0.0878302
100.995,1.48113,-0.0888263
100.005,1.48013,-0.0898426
99.0155,1.47911,-0.0908796
98.026,1.47807,-0.091938
97.0366,1.47701,-0.0930183
96.0475,1.47592,-0.0941214
95.0586,1.47481,-0.0952479
94.0699,1.47368,-0.0963986
93.0815,1.47253,-0.0975742
92.0933,1.47135,-0.0987756
91.1054,1.47014,-0.100004
90.1178,1.46891,-0.101259
89.1304,1.46765,-0.102543
88.1434,1.46636,-0.103857
87.1566,1.46504,-0.1052
86.1702,1.46369,-0.106576
85.1841,1.46231,-0.107984
84.1983,1.4609,-0.109426
83.2128,1.45945,-0.110902
82.2277,1.45797,-0.112416
81.243,1.45645,-0.113966
80.2587,1.45489,-0.115556
79.2748,1.45329,-0.117187
78.2913,1.45166,-0.118859
77.3082,1.44998,-0.120575
76.3256,1.44825,-0.122337
75.3434,1.44648,-0.124146
74.3618,1.44467,-0.126004
73.3806,1.4428,-0.127914
72.4,1.44088,-0.129877
71.4199,1.43891,-0.131895
70.4405,1.43689,-0.133971
69.4616,1.4348,-0.136108
68.4833,1.43265,-0.138309
67.5057,1.43045,-0.140575
66.5288,1.42817,-0.14291
65.5526,1.42582,-0.145317
64.5772,1.42341,-0.1478
63.6026,1.42091,-0.150362
62.6288,1.41834,-0.153007
61.6558,1.41568,-0.155739
60.6838,1.41294,-0.158562
59.7128,1.4101,-0.161481
58.7428,1.40717,-0.164501
57.7738,1.40414,-0.167626
56.806,1.401,-0.170864
55.8393,1.39775,-0.174219
54.874,1.39438,-0.177698
53.9099,1.39089,-0.181308
52.9473,1.38726,-0.185056
51.9862,1.3835,-0.188951
51.0266,1.37959,-0.193001
50.0688,1.37553,-0.197215
49.1127,1.3713,-0.201603
48.1585,1.36689,-0.206176
47.2064,1.3623,-0.210947
46.2565,1.35752,-0.215926
45.3089,1.35253,-0.22113
44.3637,1.34731,-0.226571
43.4213,1.34186,-0.232267
42.4817,1.33615,-0.238236
41.5452,1.33017,-0.244497
40.6121,1.3239,-0.251072
39.6825,1.31733,-0.257983
38.7568,1.31042,-0.265256
37.8354,1.30315,-0.272921
36.9185,1.2955,-0.281007
36.0066,1.28744,-0.28955
35.1002,1.27894,-0.298587
34.1996,1.26995,-0.308161
33.3056,1.26045,-0.318319
32.4187,1.2504,-0.329112
31.5397,1.23973,-0.340599
30.6693,1.22842,-0.352844
29.8085,1.2164,-0.365921
28.9583,1.20362,-0.379911
28.1198,1.19001,-0.394904
27.2944,1.17552,-0.411004
26.4835,1.16006,-0.428326
25.6889,1.14358,-0.446998
24.9124,1.12599,-0.467168
24.1561,1.10723,-0.488999
23.4224,1.08723,-0.512676
22.714,1.06594,-0.538405
22.0336,1.04333,-0.566417
21.3844,1.01937,-0.596969
20.7695,0.994093,-0.630345
20.1924,0.96757,-0.666856
19.6564,0.939932,-0.706836
19.1645,0.911384,-0.750641
18.7198,0.882215,-0.798637
18.3248,0.852801,-0.851185
17.9813,0.823608,-0.908617
17.6907,0.79518,-0.971207
17.4537,0.768122,-1.03912
17.2706,0.743073,-1.11236
17.141,0.720669,-1.19071
17.0644,0.701503,-1.27369
17.0401,0.686081,-1.36052
17.0672,0.674777,-1.45009
17.1449,0.667802,-1.54111
17.2726,0.665183,-1.6321
17.4493,0.666766,-1.72161
17.6745,0.672232,-1.80834
17.9472,0.681136,-1.8912
18.2665,0.692955,-1.96942
18.6313,0.707127,-2.04252
19.0401,0.7231,-2.1103
19.4913,0.740355,-2.17277
19.9829,0.758432,-2.23012
20.5129,0.776935,-2.2826
21.079,0.795542,-2.33057
21.6789,0.813994,-2.37438
22.31,0.832095,-2.41441
22.9701,0.8497,-2.45101
23.6568,0.866709,-2.48451
24.3678,0.883058,-2.51523
25.1011,0.898709,-2.54343
25.8546,0.913647,-2.56938
26.6266,0.927872,-2.5933
27.4154,0.941397,-2.61539
28.2194,0.954243,-2.63584
29.0373,0.966434,-2.6548
29.8679,0.978001,-2.67242
30.7099,0.988974,-2.68882
31.5623,0.999385,-2.70412
32.4244,1.00927,-2.71842
33.2951,1.01865,-2.7318
34.1738,1.02756,-2.74435
35.0599,1.03603,-2.75614
35.9526,1.04408,-2.76723
36.8516,1.05175,-2.77768
37.7562,1.05906,-2.78754
38.666,1.06602,-2.79686
39.5807,1.07266,-2.80568
40.4998,1.079,-2.81403
41.4231,1.08506,-2.82195
42.3502,1.09085,-2.82948
43.2809,1.09639,-2.83664
44.2149,1.10169,-2.84345
45.152,1.10678,-2.84995
46.092,1.11165,-2.85614
47.0347,1.11633,-2.86206
47.98,1.12083,-2.86771
48.9275,1.12514,-2.87312
49.8774,1.1293,-2.8783
50.8292,1.13329,-2.88327
51.7831,1.13714,-2.88803
52.7388,1.14085,-2.89261
53.6962,1.14442,-2.897
54.6553,1.14787,-2.90122
55.6159,1.15119,-2.90529
56.578,1.1544,-2.9092
57.5414,1.15751,-2.91297
58.5062,1.16051,-2.9166
59.4722,1.16341,-2.92011
60.4394,1.16622,-2.92349
61.4077,1.16894,-2.92676
62.377,1.17157,-2.92992
63.3474,1.17413,-2.93297
64.3187,1.1766,-2.93593
65.291,1.179,-2.93879
66.2641,1.18133,-2.94156
67.2381,1.18359,-2.94424
68.2128,1.18579,-2.94684
69.1883,1.18792,-2.94937
70.1646,1.19,-2.95181
71.1415,1.19201,-2.95419
72.1191,1.19398,-2.9565
73.0973,1.19588,-2.95874
74.0762,1.19774,-2.96092
75.0556,1.19955,-2.96303
76.0356,1.20131,-2.96509
77.0161,1.20303,-2.9671
77.9971,1.2047,-2.96905
78.9787,1.20634,-2.97095
79.9607,1.20793,-2.9728
80.9432,1.20948,-2.9746
81.9261,1.21099,-2.97636
82.9094,1.21247,-2.97807
83.8932,1.21392,-2.97974
84.8773,1.21533,-2.98137
85.8619,1.21671,-2.98296
86.8468,1.21805,-2.98451
87.832,1.21937,-2.98603
88.8176,1.22065,-2.98751
89.8035,1.22191,-2.98895
90.7898,1.22314,-2.99037
91.7763,1.22435,-2.99175
92.7631,1.22553,-2.9931
93.7503,1.22668,-2.99442
94.7377,1.22781,-2.99571
95.7254,1.22891,-2.99697
96.7133,1.23,-2.99821
97.7015,1.23106,-2.99942
98.69,1.2321,-3.00061
99.6787,1.23312,-3.00177
100.668,1.23412,-3.0029
101.657,1.2351,-3.00402
102.646,1.23606,-3.00511
103.636,1.237,-3.00618
104.625,1.23792,-3.00723
105.615,1.23883,-3.00826
106.606,1.23972,-3.00927
107.596,1.24059,-3.01026
108.586,1.24145,-3.01123
109.577,1.24229,-3.01218
110.568,1.24312,-3.01311
111.559,1.24393,-3.01403
112.55,1.24473,-3.01493
113.542,1.24551,-3.01581
114.533,1.24628,-3.01668
115.525,1.24704,-3.01754
116.517,1.24778,-3.01837
117.509,1.24851,-3.0192
118.501,1.24923,-3.02
119.493,1.24994,-3.0208
120.485,1.25063,-3.02158
121.478,1.25132,-3.02235
122.47,1.25199,-3.0231
123.463,1.25265,-3.02385
124.456,1.2533,-3.02458
125.449,1.25395,-3.0253
126.442,1.25458,-3.026
127.435,1.2552,-3.0267
128.429,1.25581,-3.02738
129.422,1.25641,-3.02806
130.415,1.257,-3.02872
131.409,1.25759,-3.02937
132.403,1.25816,-3.03001
133.397,1.25873,-3.03065
134.391,1.25929,-3.03127
135.385,1.25984,-3.03188
136.379,1.26038,-3.03249
137.373,1.26091,-3.03308
138.367,1.26144,-3.03367
139.361,1.26196,-3.03425
140.356,1.26247,-3.03482
141.35,1.26297,-3.03538
142.345,1.26347,-3.03593
143.34,1.26396,-3.03648
144.334,1.26444,-3.03702
145.329,1.26492,-3.03755
146.324,1.26539,-3.03807
147.319,1.26585,-3.03858
148.314,1.26631,-3.03909
149.309,1.26676,-3.03959
150.304,1.26721,-3.04009
151.299,1.26765,-3.04058
152.295,1.26808,-3.04106
153.29,1.26851,-3.04153
154.285,1.26893,-3.042
155.281,1.26935,-3.04246
156.276,1.26976,-3.04292
157.272,1.27017,-3.04337
158.268,1.27057,-3.04381
159.263,1.27097,-3.04425
160.259,1.27136,-3.04469
161.255,1.27175,-3.04511
162.251,1.27213,-3.04554
163.247,1.2725,-3.04595
164.243,1.27288,-3.04637
165.239,1.27325,-3.04677
166.235,1.27361,-3.04717
167.231,1.27397,-3.04757
168.227,1.27432,-3.04796
169.223,1.27468,-3.04835
170.219,1.27502,-3.04873
171.216,1.27537,-3.04911
172.212,1.2757,-3.04949
173.208,1.27604,-3.04986
174.205,1.27637,-3.05022
175.201,1.2767,-3.05058
176.198,1.27702,-3.05094
177.194,1.27734,-3.05129
178.191,1.27766,-3.05164
179.187,1.27797,-3.05198
180.184,1.27828,-3.05232
181.181,1.27859,-3.05266
182.178,1.27889,-3.05299
183.174,1.27919,-3.05332
184.171,1.27949,-3.05365
185.168,1.27978,-3.05397
186.165,1.28007,-3.05429
187.162,1.28035,-3.05461
188.159,1.28064,-3.05492
189.156,1.28092,-3.05523
190.153,1.2812,-3.05553
191.15,1.28147,-3.05583
192.147,1.28174,-3.05613
193.144,1.28201,-3.05643
194.141,1.28228,-3.05672
195.138,1.28254,-3.05701
196.135,1.2828,-3.05729
197.132,1.28306,-3.05758
198.13,1.28332,-3.05786
199.127,1.28357,-3.05814
200.124,1.28382,-3.05841
201.122,1.28407,-3.05868
202.119,1.28432,-3.05895
203.116,1.28456,-3.05922
204.114,1.2848,-3.05948
205.111,1.28504,-3.05974
206.109,1.28528,-3.06
207.106,1.28551,-3.06026
208.104,1.28574,-3.06051
209.101,1.28597,-3.06076
210.099,1.2862,-3.06101
211.096,1.28642,-3.06126
212.094,1.28665,-3.0615
213.091,1.28687,-3.06175
214.089,1.28709,-3.06199
215.087,1.2873,-3.06222
216.084,1.28752,-3.06246
217.082,1.28773,-3.06269
218.08,1.28794,-3.06292
219.078,1.28815,-3.06315
220.075,1.28836,-3.06338
221.073,1.28856,-3.0636
222.071,1.28877,-3.06382
223.069,1.28897,-3.06404
224.067,1.28917,-3.06426
225.065,1.28937,-3.06448
226.062,1.28956,-3.06469
227.06,1.28976,-3.0649
228.058,1.28995,-3.06511
229.056,1.29014,-3.06532
230.054,1.29033,-3.06553
231.052,1.29052,-3.06573
232.05,1.29071,-3.06594
233.048,1.29089,-3.06614
234.046,1.29107,-3.06634
235.044,1.29125,-3.06654
236.042,1.29143,-3.06673
237.04,1.29161,-3.06693
238.039,1.29179,-3.06712
239.037,1.29197,-3.06731
240.035,1.29214,-3.0675
241.033,1.29231,-3.06769
242.031,1.29248,-3.06788
243.029,1.29265,-3.06806
244.027,1.29282,-3.06824
245.026,1.29299,-3.06843
246.024,1.29315,-3.06861
247.022,1.29332,-3.06879
248.02,1.29348,-3.06896
249.019,1.29364,-3.06914
250.017,1.2938,-3.06931
251.015,1.29396,-3.06949
252.014,1.29412,-3.06966
253.012,1.29428,-3.06983
254.01,1.29443,-3.07
255.009,1.29459,-3.07017
256.007,1.29474,-3.07033
257.005,1.29489,-3.0705
258.004,1.29504,-3.07066
259.002,1.29519,-3.07082
260,1.29534,-3.07098
260.999,1.29549,-3.07114
261.997,1.29563,-3.0713
262.996,1.29578,-3.07146
263.994,1.29592,-3.07162
264.993,1.29606,-3.07177
265.991,1.29621,-3.07193
266.99,1.29635,-3.07208
267.988,1.29649,-3.07223
268.987,1.29662,-3.07238
269.985,1.29676,-3.07253
270.984,1.2969,-3.07268
271.982,1.29703,-3.07283
272.981,1.29717,-3.07297
273.979,1.2973,-3.07312
274.978,1.29743,-3.07326
275.977,1.29757,-3.0734
276.975,1.2977,-3.07355
277.974,1.29783,-3.07369
278.972,1.29796,-3.07383
279.971,1.29808,-3.07396
280.97,1.29821,-3.0741
281.968,1.29834,-3.07424
282.967,1.29846,-3.07437
283.966,1.29859,-3.07451
284.964,1.29871,-3.07464
285.963,1.29883,-3.07478
286.962,1.29895,-3.07491
287.96,1.29907,-3.07504
288.959,1.29919,-3.07517
289.958,1.29931,-3.0753
290.957,1.29943,-3.07543
291.955,1.29955,-3.07555
292.954,1.29967,-3.07568
293.953,1.29978,-3.07581
294.952,1.2999,-3.07593
295.95,1.30001,-3.07605
296.949,1.30012,-3.07618
297.948,1.30024,-3.0763
298.947,1.30035,-3.07642
299.946,1.30046,-3.07654
300.944,1.30057,-3.07666
301.943,1.30068,-3.07678
302.942,1.30079,-3.0769
303.941,1.3009,-3.07702
304.94,1.30101,-3.07713
305.939,1.30111,-3.07725
306.938,1.30122,-3.07736
307.936,1.30133,-3.07748
308.935,1.30143,-3.07759
309.934,1.30154,-3.0777
310.933,1.30164,-3.07782
311.932,1.30174,-3.07793
312.931,1.30184,-3.07804
313.93,1.30195,-3.07815
314.929,1.30205,-3.07826
315.928,1.30215,-3.07837
316.927,1.30225,-3.07847
317.926,1.30235,-3.07858
318.924,1.30244,-3.07869
319.923,1.30254,-3.07879
320.922,1.30264,-3.0789
321.921,1.30274,-3.079
322.92,1.30283,-3.07911
323.919,1.30293,-3.07921
324.918,1.30302,-3.07931
325.917,1.30312,-3.07942
326.916,1.30321,-3.07952
327.915,1.3033,-3.07962
328.914,1.3034,-3.07972
329.913,1.30349,-3.07982
330.912,1.30358,-3.07992
331.911,1.30367,-3.08001
332.91,1.30376,-3.08011
333.909,1.30385,-3.08021
334.908,1.30394,-3.08031
335.908,1.30403,-3.0804
336.907,1.30412,-3.0805
337.906,1.3042,-3.08059
338.905,1.30429,-3.08069
339.904,1.30438,-3.08078
340.903,1.30446,-3.08087
341.902,1.30455,-3.08096
342.901,1.30464,-3.08106
343.9,1.30472,-3.08115
344.899,1.3048,-3.08124
345.898,1.30489,-3.08133
346.897,1.30497,-3.08142
347.897,1.30505,-3.08151
348.896,1.30514,-3.0816
349.895,1.30522,-3.08169
350.894,1.3053,-3.08177
351.893,1.30538,-3.08186
352.892,1.30546,-3.08195
353.891,1.30554,-3.08203
354.891,1.30562,-3.08212
355.89,1.3057,-3.0822
356.889,1.30578,-3.08229
357.888,1.30586,-3.08237
358.887,1.30593,-3.08246
359.886,1.30601,-3.08254
360.886,1.30609,-3.08262
361.885,1.30616,-3.08271
362.884,1.30624,-3.08279
363.883,1.30632,-3.08287
364.882,1.30639,-3.08295
365.882,1.30647,-3.08303
366.881,1.30654,-3.08311
367.88,1.30661,-3.08319
368.879,1.30669,-3.08327
369.878,1.30676,-3.08335
370.878,1.30683,-3.08343
371.877,1.30691,-3.08351
372.876,1.30698,-3.08358
373.875,1.30705,-3.08366
374.875,1.30712,-3.08374
375.874,1.30719,-3.08381
376.873,1.30726,-3.08389
377.872,1.30733,-3.08397
378.872,1.3074,-3.08404
379.871,1.30747,-3.08412
380.87,1.30754,-3.08419
381.869,1.30761,-3.08426
382.869,1.30768,-3.08434
383.868,1.30774,-3.08441
384.867,1.30781,-3.08448
385.866,1.30788,-3.08456
386.866,1.30795,-3.08463
387.865,1.30801,-3.0847
388.864,1.30808,-3.08477
389.864,1.30815,-3.08484
390.863,1.30821,-3.08491
391.862,1.30828,-3.08498
392.862,1.30834,-3.08505
393.861,1.30841,-3.08512
394.86,1.30847,-3.08519
395.859,1.30853,-3.08526
396.859,1.3086,-3.08533
397.858,1.30866,-3.0854
398.857,1.30872,-3.08546
399.857,1.30879,-3.08553
400.856,1.30885,-3.0856
401.855,1.30891,-3.08567
402.855,1.30897,-3.08573
403.854,1.30903,-3.0858
404.854,1.30909,-3.08586
405.853,1.30915,-3.08593
406.852,1.30922,-3.08599
407.852,1.30928,-3.08606
408.851,1.30934,-3.08612
409.85,1.30939,-3.08619
410.85,1.30945,-3.08625
411.849,1.30951,-3.08631
412.848,1.30957,-3.08638
413.848,1.30963,-3.08644
414.847,1.30969,-3.0865
415.847,1.30975,-3.08657
416.846,1.3098,-3.08663
417.845,1.30986,-3.08669
418.845,1.30992,-3.08675
419.844,1.30997,-3.08681
420.844,1.31003,-3.08687
421.843,1.31009,-3.08693
422.842,1.31014,-3.08699
423.842,1.3102,-3.08705
424.841,1.31025,-3.08711
425.841,1.31031,-3.08717
426.84,1.31036,-3.08723
427.839,1.31042,-3.08729
428.839,1.31047,-3.08735
429.838,1.31053,-3.08741
430.838,1.31058,-3.08746
431.837,1.31064,-3.08752
432.837,1.31069,-3.08758
433.836,1.31074,-3.08764
434.835,1.3108,-3.08769
435.835,1.31085,-3.08775
436.834,1.3109,-3.08781
437.834,1.31095,-3.08786
438.833,1.311,-3.08792
439.833,1.31106,-3.08797
440.832,1.31111,-3.08803
441.832,1.31116,-3.08809
442.831,1.31121,-3.08814
443.83,1.31126,-3.08819
444.83,1.31131,-3.08825
445.829,1.31136,-3.0883
446.829,1.31141,-3.08836
447.828,1.31146,-3.08841
448.828,1.31151,-3.08846
449.827,1.31156,-3.08852
450.827,1.31161,-3.08857
451.826,1.31166,-3.08862
452.826,1.31171,-3.08867
453.825,1.31176,-3.08873
454.825,1.3118,-3.08878
455.824,1.31185,-3.08883
456.824,1.3119,-3.08888
457.823,1.31195,-3.08893
458.823,1.312,-3.08898
459.822,1.31204,-3.08904
460.822,1.31209,-3.08909
461.821,1.31214,-3.08914
462.821,1.31218,-3.08919
463.82,1.31223,-3.08924
464.82,1.31228,-3.08929
465.819,1.31232,-3.08934
466.819,1.31237,-3.08939
467.818,1.31241,-3.08943
468.818,1.31246,-3.08948
469.817,1.31251,-3.08953
470.817,1.31255,-3.08958
471.816,1.3126,-3.08963
472.816,1.31264,-3.08968
473.815,1.31268,-3.08972
474.815,1.31273,-3.08977
475.814,1.31277,-3.08982
476.814,1.31282,-3.08987
477.813,1.31286,-3.08991
478.813,1.3129,-3.08996
479.812,1.31295,-3.09001
480.812,1.31299,-3.09005
481.812,1.31303,-3.0901
482.811,1.31308,-3.09015
483.811,1.31312,-3.09019
484.81,1.31316,-3.09024
485.81,1.31321,-3.09028
486.809,1.31325,-3.09033
487.809,1.31329,-3.09037
488.808,1.31333,-3.09042
489.808,1.31337,-3.09046
490.808,1.31341,-3.09051
491.807,1.31346,-3.09055
492.807,1.3135,-3.0906
493.806,1.31354,-3.09064
494.806,1.31358,-3.09068
495.805,1.31362,-3.09073
496.805,1.31366,-3.09077
497.804,1.3137,-3.09081
498.804,1.31374,-3.09086
499.804,1.31378,-3.0909
500.803,1.31382,-3.09094
501.803,1.31386,-3.09099
502.802,1.3139,-3.09103
503.802,1.31394,-3.09107
504.802,1.31398,-3.09111
505.801,1.31402,-3.09116
506.801,1.31406,-3.0912
507.8,1.3141,-3.09124
508.8,1.31413,-3.09128
509.799,1.31417,-3.09132
510.799,1.31421,-3.09136
511.799,1.31425,-3.0914
512.798,1.31429,-3.09144
513.798,1.31432,-3.09148
514.797,1.31436,-3.09153
515.797,1.3144,-3.09157
516.797,1.31444,-3.09161
517.796,1.31448,-3.09165
518.796,1.31451,-3.09169
519.795,1.31455,-3.09173
520.795,1.31459,-3.09176
521.795,1.31462,-3.0918
522.794,1.31466,-3.09184
523.794,1.3147,-3.09188
524.794,1.31473,-3.09192
525.793,1.31477,-3.09196
526.793,1.3148,-3.092
527.792,1.31484,-3.09204
528.792,1.31488,-3.09208
529.792,1.31491,-3.09211
530.791,1.31495,-3.09215
531.791,1.31498,-3.09219
532.79,1.31502,-3.09223
533.79,1.31505,-3.09227
534.79,1.31509,-3.0923
535.789,1.31512,-3.09234
536.789,1.31516,-3.09238
537.789,1.31519,-3.09241
538.788,1.31523,-3.09245
539.788,1.31526,-3.09249
540.788,1.31529,-3.09252
541.787,1.31533,-3.09256
542.787,1.31536,-3.0926
543.786,1.3154,-3.09263
544.786,1.31543,-3.09267
545.786,1.31546,-3.09271
546.785,1.3155,-3.09274
547.785,1.31553,-3.09278
548.785,1.31556,-3.09281
549.784,1.3156,-3.09285
550.784,1.31563,-3.09288
551.784,1.31566,-3.09292
552.783,1.3157,-3.09295
553.783,1.31573,-3.09299
554.783,1.31576,-3.09302
555.782,1.31579,-3.09306
556.782,1.31583,-3.09309
557.782,1.31586,-3.09313
558.781,1.31589,-3.09316
559.781,1.31592,-3.0932
560.781,1.31595,-3.09323
561.78,1.31598,-3.09326
562.78,1.31602,-3.0933
563.78,1.31605,-3.09333
564.779,1.31608,-3.09337
565.779,1.31611,-3.0934
566.779,1.31614,-3.09343
567.778,1.31617,-3.09347
568.778,1.3162,-3.0935
569.778,1.31623,-3.09353
570.777,1.31627,-3.09356
571.777,1.3163,-3.0936
572.777,1.31633,-3.09363
573.776,1.31636,-3.09366
574.776,1.31639,-3.09369
575.776,1.31642,-3.09373
576.775,1.31645,-3.09376
577.775,1.31648,-3.09379
578.775,1.31651,-3.09382
579.774,1.31654,-3.09385
580.774,1.31657,-3.09389
581.774,1.3166,-3.09392
582.773,1.31663,-3.09395
583.773,1.31665,-3.09398
584.773,1.31668,-3.09401
585.772,1.31671,-3.09404
586.772,1.31674,-3.09407
587.772,1.31677,-3.09411
588.772,1.3168,-3.09414
589.771,1.31683,-3.09417
590.771,1.31686,-3.0942
591.771,1.31689,-3.09423
592.77,1.31691,-3.09426
593.77,1.31694,-3.09429
594.77,1.31697,-3.09432
595.769,1.317,-3.09435
596.769,1.31703,-3.09438
597.769,1.31706,-3.09441
598.769,1.31708,-3.09444
599.768,1.31711,-3.09447
600.768,1.31714,-3.0945
601.768,1.31717,-3.09453
602.767,1.31719,-3.09456
603.767,1.31722,-3.09459
604.767,1.31725,-3.09462
605.767,1.31728,-3.09465
606.766,1.3173,-3.09468
607.766,1.31733,-3.0947
608.766,1.31736,-3.09473
609.765,1.31738,-3.09476
610.765,1.31741,-3.09479
611.765,1.31744,-3.09482
612.765,1.31746,-3.09485
613.764,1.31749,-3.09488
614.764,1.31752,-3.0949
615.764,1.31754,-3.09493
616.763,1.31757,-3.09496
617.763,1.3176,-3.09499
618.763,1.31762,-3.09502
619.763,1.31765,-3.09504
620.762,1.31767,-3.09507
621.762,1.3177,-3.0951
622.762,1.31773,-3.09513
623.761,1.31775,-3.09515
624.761,1.31778,-3.09518
625.761,1.3178,-3.09521
626.761,1.31783,-3.09524
627.76,1.31785,-3.09526
628.76,1.31788,-3.09529
629.76,1.3179,-3.09532
630.76,1.31793,-3.09534
631.759,1.31795,-3.09537
632.759,1.31798,-3.0954
633.759,1.318,-3.09543
634.759,1.31803,-3.09545
635.758,1.31805,-3.09548
636.758,1.31808,-3.0955
637.758,1.3181,-3.09553
638.757,1.31813,-3.09556
639.757,1.31815,-3.09558
640.757,1.31818,-3.09561
641.757,1.3182,-3.09564
642.756,1.31822,-3.09566
643.756,1.31825,-3.09569
644.756,1.31827,-3.09571
645.756,1.3183,-3.09574
646.755,1.31832,-3.09576
647.755,1.31834,-3.09579
648.755,1.31837,-3.09581
649.755,1.31839,-3.09584
650.754,1.31842,-3.09587
651.754,1.31844,-3.09589
652.754,1.31846,-3.09592
653.754,1.31849,-3.09594
654.753,1.31851,-3.09597
655.753,1.31853,-3.09599
656.753,1.31856,-3.09602
657.753,1.31858,-3.09604
658.752,1.3186,-3.09606
659.752,1.31862,-3.09609
660.752,1.31865,-3.09611
661.752,1.31867,-3.09614
662.751,1.31869,-3.09616
663.751,1.31872,-3.09619
664.751,1.31874,-3.09621
665.751,1.31876,-3.09623
666.751,1.31878,-3.09626
667.75,1.31881,-3.09628
668.75,1.31883,-3.09631
669.75,1.31885,-3.09633
670.75,1.31887,-3.09635
671.749,1.31889,-3.09638
672.749,1.31892,-3.0964
673.749,1.31894,-3.09643
674.749,1.31896,-3.09645
675.748,1.31898,-3.09647
676.748,1.319,-3.0965
677.748,1.31903,-3.09652
678.748,1.31905,-3.09654
679.747,1.31907,-3.09656
680.747,1.31909,-3.09659
681.747,1.31911,-3.09661
682.747,1.31913,-3.09663
683.747,1.31916,-3.09666
684.746,1.31918,-3.09668
685.746,1.3192,-3.0967
686.746,1.31922,-3.09672
687.746,1.31924,-3.09675
688.745,1.31926,-3.09677
689.745,1.31928,-3.09679
690.745,1.3193,-3.09681
691.745,1.31932,-3.09684
692.745,1.31935,-3.09686
693.744,1.31937,-3.09688
694.744,1.31939,-3.0969
695.744,1.31941,-3.09693
696.744,1.31943,-3.09695
697.743,1.31945,-3.09697
698.743,1.31947,-3.09699
699.743,1.31949,-3.09701
700.743,1.31951,-3.09704
701.743,1.31953,-3.09706
702.742,1.31955,-3.09708
703.742,1.31957,-3.0971
704.742,1.31959,-3.09712
705.742,1.31961,-3.09714
706.742,1.31963,-3.09716
707.741,1.31965,-3.09719
708.741,1.31967,-3.09721
709.741,1.31969,-3.09723
710.741,1.31971,-3.09725
711.74,1.31973,-3.09727
712.74,1.31975,-3.09729
713.74,1.31977,-3.09731
714.74,1.31979,-3.09733
715.74,1.31981,-3.09735
716.739,1.31983,-3.09738
717.739,1.31985,-3.0974
718.739,1.31987,-3.09742
719.739,1.31989,-3.09744
720.739,1.31991,-3.09746
721.738,1.31992,-3.09748
722.738,1.31994,-3.0975
723.738,1.31996,-3.09752
724.738,1.31998,-3.09754
725.738,1.32,-3.09756
726.737,1.32002,-3.09758
727.737,1.32004,-3.0976
728.737,1.32006,-3.09762
729.737,1.32008,-3.09764
730.737,1.32009,-3.09766
731.736,1.32011,-3.09768
732.736,1.32013,-3.0977
733.736,1.32015,-3.09772
734.736,1.32017,-3.09774
735.736,1.32019,-3.09776
736.735,1.32021,-3.09778
737.735,1.32022,-3.0978
738.735,1.32024,-3.09782
739.735,1.32026,-3.09784
740.735,1.32028,-3.09786
741.734,1.3203,-3.09788
742.734,1.32032,-3.0979
743.734,1.32033,-3.09792
744.734,1.32035,-3.09793
745.734,1.32037,-3.09795
746.733,1.32039,-3.09797
747.733,1.32041,-3.09799
748.733,1.32042,-3.09801
749.733,1.32044,-3.09803
750.733,1.32046,-3.09805
751.733,1.32048,-3.09807
752.732,1.32049,-3.09809
753.732,1.32051,-3.09811
754.732,1.32053,-3.09812
755.732,1.32055,-3.09814
756.732,1.32056,-3.09816
757.731,1.32058,-3.09818
758.731,1.3206,-3.0982
759.731,1.32062,-3.09822
760.731,1.32063,-3.09824
761.731,1.32065,-3.09825
762.731,1.32067,-3.09827
763.73,1.32069,-3.09829
764.73,1.3207,-3.09831
765.73,1.32072,-3.09833
766.73,1.32074,-3.09835
767.73,1.32075,-3.09836
768.729,1.32077,-3.09838
769.729,1.32079,-3.0984
770.729,1.3208,-3.09842
771.729,1.32082,-3.09844
772.729,1.32084,-3.09845
773.729,1.32085,-3.09847
774.728,1.32087,-3.09849
775.728,1.32089,-3.09851
776.728,1.3209,-3.09852
777.728,1.32092,-3.09854
778.728,1.32094,-3.09856
779.727,1.32095,-3.09858
780.727,1.32097,-3.09859
781.727,1.32099,-3.09861
782.727,1.321,-3.09863
783.727,1.32102,-3.09865
784.727,1.32103,-3.09866
785.726,1.32105,-3.09868
786.726,1.32107,-3.0987
787.726,1.32108,-3.09872
788.726,1.3211,-3.09873
789.726,1.32112,-3.09875
790.726,1.32113,-3.09877
791.725,1.32115,-3.09878
792.725,1.32116,-3.0988
793.725,1.32118,-3.09882
794.725,1.32119,-3.09883
795.725,1.32121,-3.09885
796.725,1.32123,-3.09887
797.724,1.32124,-3.09889
798.724,1.32126,-3.0989
799.724,1.32127,-3.09892
800.724,1.32129,-3.09894
801.724,1.3213,-3.09895
802.724,1.32132,-3.09897
803.723,1.32134,-3.09898
804.723,1.32135,-3.099
805.723,1.32137,-3.09902
806.723,1.32138,-3.09903
807.723,1.3214,-3.09905
808.723,1.32141,-3.09907
809.722,1.32143,-3.09908
810.722,1.32144,-3.0991
811.722,1.32146,-3.09912
812.722,1.32147,-3.09913
813.722,1.32149,-3.09915
814.722,1.3215,-3.09916
815.722,1.32152,-3.09918
816.721,1.32153,-3.0992
817.721,1.32155,-3.09921
818.721,1.32156,-3.09923
819.721,1.32158,-3.09924
820.721,1.32159,-3.09926
821.721,1.32161,-3.09928
822.72,1.32162,-3.09929
823.72,1.32164,-3.09931
824.72,1.32165,-3.09932
825.72,1.32167,-3.09934
826.72,1.32168,-3.09935
827.72,1.3217,-3.09937
828.719,1.32171,-3.09938
829.719,1.32172,-3.0994
830.719,1.32174,-3.09942
831.719,1.32175,-3.09943
832.719,1.32177,-3.09945
833.719,1.32178,-3.09946
834.719,1.3218,-3.09948
835.718,1.32181,-3.09949
836.718,1.32183,-3.09951
837.718,1.32184,-3.09952
838.718,1.32185,-3.09954
839.718,1.32187,-3.09955
840.718,1.32188,-3.09957
841.718,1.3219,-3.09958
842.717,1.32191,-3.0996
843.717,1.32192,-3.09961
844.717,1.32194,-3.09963
845.717,1.32195,-3.09964
846.717,1.32197,-3.09966
847.717,1.32198,-3.09967
848.716,1.32199,-3.09969
849.716,1.32201,-3.0997
850.716,1.32202,-3.09972
851.716,1.32204,-3.09973
852.716,1.32205,-3.09975
853.716,1.32206,-3.09976
854.716,1.32208,-3.09978
855.715,1.32209,-3.09979
856.715,1.3221,-3.0998
857.715,1.32212,-3.09982
858.715,1.32213,-3.09983
859.715,1.32214,-3.09985
860.715,1.32216,-3.09986
861.715,1.32217,-3.09988
862.714,1.32218,-3.09989
863.714,1.3222,-3.09991
864.714,1.32221,-3.09992
865.714,1.32223,-3.09993
866.714,1.32224,-3.09995
867.714,1.32225,-3.09996
868.714,1.32226,-3.09998
869.713,1.32228,-3.09999
870.713,1.32229,-3.1
871.713,1.3223,-3.10002
872.713,1.32232,-3.10003
873.713,1.32233,-3.10005
874.713,1.32234,-3.10006
875.713,1.32236,-3.10007
876.712,1.32237,-3.10009
877.712,1.32238,-3.1001
878.712,1.3224,-3.10012
879.712,1.32241,-3.10013
880.712,1.32242,-3.10014
881.712,1.32243,-3.10016
882.712,1.32245,-3.10017
883.712,1.32246,-3.10018
884.711,1.32247,-3.1002
885.711,1.32249,-3.10021
886.711,1.3225,-3.10023
887.711,1.32251,-3.10024
888.711,1.32252,-3.10025
889.711,1.32254,-3.10027
890.711,1.32255,-3.10028
891.71,1.32256,-3.10029
892.71,1.32257,-3.10031
893.71,1.32259,-3.10032
894.71,1.3226,-3.10033
895.71,1.32261,-3.10035
896.71,1.32262,-3.10036
897.71,1.32264,-3.10037
898.71,1.32265,-3.10039
899.709,1.32266,-3.1004
900.709,1.32267,-3.10041
901.709,1.32269,-3.10042
902.709,1.3227,-3.10044
903.709,1.32271,-3.10045
904.709,1.32272,-3.10046
905.709,1.32273,-3.10048
906.708,1.32275,-3.10049
907.708,1.32276,-3.1005
908.708,1.32277,-3.10052
909.708,1.32278,-3.10053
910.708,1.32279,-3.10054
911.708,1.32281,-3.10055
912.708,1.32282,-3.10057
913.708,1.32283,-3.10058
914.707,1.32284,-3.10059
915.707,1.32285,-3.10061
916.707,1.32287,-3.10062
917.707,1.32288,-3.10063
918.707,1.32289,-3.10064
919.707,1.3229,-3.10066
920.707,1.32291,-3.10067
921.707,1.32293,-3.10068
922.706,1.32294,-3.10069
923.706,1.32295,-3.10071
924.706,1.32296,-3.10072
925.706,1.32297,-3.10073
926.706,1.32298,-3.10074
927.706,1.323,-3.10076
928.706,1.32301,-3.10077
929.706,1.32302,-3.10078
930.705,1.32303,-3.10079
931.705,1.32304,-3.1008
932.705,1.32305,-3.10082
933.705,1.32306,-3.10083
934.705,1.32308,-3.10084
935.705,1.32309,-3.10085
936.705,1.3231,-3.10087
937.705,1.32311,-3.10088
938.705,1.32312,-3.10089
939.704,1.32313,-3.1009
940.704,1.32314,-3.10091
941.704,1.32316,-3.10093
942.704,1.32317,-3.10094
943.704,1.32318,-3.10095
944.704,1.32319,-3.10096
945.704,1.3232,-3.10097
946.704,1.32321,-3.10099
947.703,1.32322,-3.101
948.703,1.32323,-3.10101
949.703,1.32325,-3.10102
950.703,1.32326,-3.10103
951.703,1.32327,-3.10104
952.703,1.32328,-3.10106
953.703,1.32329,-3.10107
954.703,1.3233,-3.10108
955.703,1.32331,-3.10109
956.702,1.32332,-3.1011
957.702,1.32333,-3.10111
958.702,1.32334,-3.10113
959.702,1.32335,-3.10114
960.702,1.32337,-3.10115
961.702,1.32338,-3.10116
962.702,1.32339,-3.10117
963.702,1.3234,-3.10118
964.701,1.32341,-3.1012
965.701,1.32342,-3.10121
966.701,1.32343,-3.10122
967.701,1.32344,-3.10123
968.701,1.32345,-3.10124
969.701,1.32346,-3.10125
970.701,1.32347,-3.10126
971.701,1.32348,-3.10128
972.701,1.32349,-3.10129
973.7,1.3235,-3.1013
974.7,1.32351,-3.10131
975.7,1.32353,-3.10132
976.7,1.32354,-3.10133
977.7,1.32355,-3.10134
978.7,1.32356,-3.10135
979.7,1.32357,-3.10136
980.7,1.32358,-3.10138
981.7,1.32359,-3.10139
982.699,1.3236,-3.1014
983.699,1.32361,-3.10141
984.699,1.32362,-3.10142
985.699,1.32363,-3.10143
986.699,1.32364,-3.10144
987.699,1.32365,-3.10145
988.699,1.32366,-3.10146
989.699,1.32367,-3.10147
990.699,1.32368,-3.10148
991.699,1.32369,-3.1015
992.698,1.3237,-3.10151
993.698,1.32371,-3.10152
994.698,1.32372,-3.10153
995.698,1.32373,-3.10154
996.698,1.32374,-3.10155
997.698,1.32375,-3.10156
998.698,1.32376,-3.10157
999.698,1.32377,-3.10158
1000.7,1.32378,-3.10159
1001.7,1.32379,-3.1016
1002.7,1.3238,-3.10161
