999.003,1.57079,0.00152081
998.004,1.57078,0.00147072
997.005,1.57077,0.00142054
996.006,1.57076,0.00137025
995.008,1.57075,0.00131987
994.009,1.57074,0.00126938
993.01,1.57073,0.00121879
992.012,1.57072,0.0011681
991.013,1.57071,0.0011173
990.014,1.5707,0.00106641
989.016,1.57069,0.00101541
988.017,1.57068,0.000964304
987.018,1.57066,0.000913099
986.02,1.57065,0.000861789
985.021,1.57064,0.000810376
984.022,1.57063,0.000758858
983.024,1.57062,0.000707235
982.025,1.57061,0.000655508
981.026,1.5706,0.000603675
980.028,1.57059,0.000551737
979.029,1.57058,0.000499692
978.03,1.57057,0.000447542
977.032,1.57056,0.000395284
976.033,1.57055,0.00034292
975.034,1.57054,0.000290449
974.036,1.57053,0.00023787
973.037,1.57052,0.000185183
972.039,1.57051,0.000132387
971.04,1.5705,7.94835e-05
970.041,1.57049,2.64707e-05
969.043,1.57048,-2.66513e-05
968.044,1.57047,-7.9883e-05
967.045,1.57046,-0.000133225
966.047,1.57044,-0.000186676
965.048,1.57043,-0.000240239
964.05,1.57042,-0.000293912
963.051,1.57041,-0.000347697
962.052,1.5704,-0.000401594
961.054,1.57039,-0.000455602
960.055,1.57038,-0.000509723
959.057,1.57037,-0.000563956
958.058,1.57036,-0.000618303
957.059,1.57035,-0.000672763
956.061,1.57034,-0.000727336
955.062,1.57033,-0.000782024
954.064,1.57031,-0.000836827
953.065,1.5703,-0.000891744
952.067,1.57029,-0.000946776
951.068,1.57028,-0.00100192
950.069,1.57027,-0.00105719
949.071,1.57026,-0.00111257
948.072,1.57025,-0.00116806
947.074,1.57024,-0.00122368
946.075,1.57023,-0.00127941
945.077,1.57022,-0.00133526
944.078,1.5702,-0.00139123
943.079,1.57019,-0.00144731
942.081,1.57018,-0.00150352
941.082,1.57017,-0.00155984
940.084,1.57016,-0.00161628
939.085,1.57015,-0.00167285
938.087,1.57014,-0.00172953
937.088,1.57012,-0.00178634
936.09,1.57011,-0.00184326
935.091,1.5701,-0.00190031
934.093,1.57009,-0.00195748
933.094,1.57008,-0.00201477
932.096,1.57007,-0.00207218
931.097,1.57006,-0.00212972
930.099,1.57004,-0.00218738
929.1,1.57003,-0.00224517
928.102,1.57002,-0.00230308
927.103,1.57001,-0.00236111
926.105,1.57,-0.00241927
925.106,1.56999,-0.00247756
924.108,1.56997,-0.00253597
923.109,1.56996,-0.00259451
922.111,1.56995,-0.00265317
921.112,1.56994,-0.00271196
920.114,1.56993,-0.00277088
919.115,1.56992,-0.00282993
918.117,1.5699,-0.0028891
917.118,1.56989,-0.00294841
916.12,1.56988,-0.00300784
915.122,1.56987,-0.0030674
914.123,1.56986,-0.0031271
913.125,1.56984,-0.00318692
912.126,1.56983,-0.00324687
911.128,1.56982,-0.00330696
910.129,1.56981,-0.00336718
909.131,1.5698,-0.00342753
908.132,1.56978,-0.00348801
907.134,1.56977,-0.00354863
906.136,1.56976,-0.00360938
905.137,1.56975,-0.00367026
904.139,1.56974,-0.00373128
903.14,1.56972,-0.00379243
902.142,1.56971,-0.00385372
901.143,1.5697,-0.00391514
900.145,1.56969,-0.0039767
899.147,1.56967,-0.0040384
898.148,1.56966,-0.00410024
897.15,1.56965,-0.00416221
896.152,1.56964,-0.00422432
895.153,1.56962,-0.00428657
894.155,1.56961,-0.00434895
893.156,1.5696,-0.00441148
892.158,1.56959,-0.00447415
891.16,1.56957,-0.00453696
890.161,1.56956,-0.0045999
889.163,1.56955,-0.00466299
888.165,1.56954,-0.00472623
887.166,1.56952,-0.0047896
886.168,1.56951,-0.00485312
885.169,1.5695,-0.00491678
884.171,1.56949,-0.00498058
883.173,1.56947,-0.00504453
882.174,1.56946,-0.00510862
881.176,1.56945,-0.00517286
880.178,1.56943,-0.00523724
879.179,1.56942,-0.00530177
878.181,1.56941,-0.00536645
877.183,1.5694,-0.00543127
876.184,1.56938,-0.00549624
875.186,1.56937,-0.00556136
874.188,1.56936,-0.00562663
873.19,1.56934,-0.00569205
872.191,1.56933,-0.00575762
871.193,1.56932,-0.00582333
870.195,1.5693,-0.0058892
869.196,1.56929,-0.00595522
868.198,1.56928,-0.00602139
867.2,1.56926,-0.00608772
866.202,1.56925,-0.0061542
865.203,1.56924,-0.00622083
864.205,1.56922,-0.00628761
863.207,1.56921,-0.00635455
862.208,1.5692,-0.00642164
861.21,1.56918,-0.00648889
860.212,1.56917,-0.0065563
859.214,1.56916,-0.00662386
858.215,1.56914,-0.00669158
857.217,1.56913,-0.00675945
856.219,1.56912,-0.00682749
855.221,1.5691,-0.00689568
854.223,1.56909,-0.00696404
853.224,1.56908,-0.00703255
852.226,1.56906,-0.00710122
851.228,1.56905,-0.00717006
850.23,1.56903,-0.00723906
849.231,1.56902,-0.00730821
848.233,1.56901,-0.00737754
847.235,1.56899,-0.00744702
846.237,1.56898,-0.00751667
845.239,1.56896,-0.00758648
844.24,1.56895,-0.00765646
843.242,1.56894,-0.00772661
842.244,1.56892,-0.00779692
841.246,1.56891,-0.00786739
840.248,1.56889,-0.00793804
839.25,1.56888,-0.00800885
838.251,1.56887,-0.00807983
837.253,1.56885,-0.00815098
836.255,1.56884,-0.0082223
835.257,1.56882,-0.00829379
834.259,1.56881,-0.00836545
833.261,1.56879,-0.00843729
832.263,1.56878,-0.00850929
831.264,1.56877,-0.00858147
830.266,1.56875,-0.00865383
829.268,1.56874,-0.00872635
828.27,1.56872,-0.00879905
827.272,1.56871,-0.00887193
826.274,1.56869,-0.00894498
825.276,1.56868,-0.00901821
824.278,1.56866,-0.00909162
823.28,1.56865,-0.0091652
822.282,1.56863,-0.00923897
821.283,1.56862,-0.00931291
820.285,1.5686,-0.00938703
819.287,1.56859,-0.00946134
818.289,1.56858,-0.00953582
817.291,1.56856,-0.00961049
816.293,1.56855,-0.00968534
815.295,1.56853,-0.00976037
814.297,1.56852,-0.00983559
813.299,1.5685,-0.00991099
812.301,1.56848,-0.00998657
811.303,1.56847,-0.0100623
810.305,1.56845,-0.0101383
809.307,1.56844,-0.0102145
808.309,1.56842,-0.0102908
807.311,1.56841,-0.0103673
806.313,1.56839,-0.010444
805.315,1.56838,-0.0105209
804.317,1.56836,-0.010598
803.319,1.56835,-0.0106753
802.321,1.56833,-0.0107528
801.323,1.56832,-0.0108305
800.325,1.5683,-0.0109083
799.327,1.56828,-0.0109864
798.329,1.56827,-0.0110646
797.331,1.56825,-0.0111431
796.333,1.56824,-0.0112217
795.335,1.56822,-0.0113006
794.337,1.56821,-0.0113796
793.339,1.56819,-0.0114588
792.341,1.56817,-0.0115383
791.343,1.56816,-0.0116179
790.345,1.56814,-0.0116978
789.347,1.56813,-0.0117778
788.349,1.56811,-0.0118581
787.352,1.56809,-0.0119385
786.354,1.56808,-0.0120192
785.356,1.56806,-0.0121
784.358,1.56805,-0.0121811
783.36,1.56803,-0.0122624
782.362,1.56801,-0.0123438
781.364,1.568,-0.0124255
780.366,1.56798,-0.0125074
779.368,1.56796,-0.0125895
778.371,1.56795,-0.0126718
777.373,1.56793,-0.0127544
776.375,1.56791,-0.0128371
775.377,1.5679,-0.0129201
774.379,1.56788,-0.0130032
773.381,1.56786,-0.0130866
772.383,1.56785,-0.0131702
771.386,1.56783,-0.013254
770.388,1.56781,-0.013338
769.39,1.5678,-0.0134223
768.392,1.56778,-0.0135068
767.394,1.56776,-0.0135914
766.397,1.56775,-0.0136763
765.399,1.56773,-0.0137615
764.401,1.56771,-0.0138468
763.403,1.5677,-0.0139324
762.405,1.56768,-0.0140182
761.408,1.56766,-0.0141042
760.41,1.56764,-0.0141905
759.412,1.56763,-0.0142769
758.414,1.56761,-0.0143636
757.417,1.56759,-0.0144506
756.419,1.56757,-0.0145377
755.421,1.56756,-0.0146251
754.423,1.56754,-0.0147127
753.426,1.56752,-0.0148006
752.428,1.5675,-0.0148887
751.43,1.56749,-0.014977
750.433,1.56747,-0.0150656
749.435,1.56745,-0.0151543
748.437,1.56743,-0.0152434
747.44,1.56742,-0.0153326
746.442,1.5674,-0.0154221
745.444,1.56738,-0.0155119
744.446,1.56736,-0.0156019
743.449,1.56734,-0.0156921
742.451,1.56733,-0.0157826
741.454,1.56731,-0.0158733
740.456,1.56729,-0.0159642
739.458,1.56727,-0.0160554
738.461,1.56725,-0.0161469
737.463,1.56723,-0.0162386
736.465,1.56722,-0.0163305
735.468,1.5672,-0.0164227
734.47,1.56718,-0.0165151
733.473,1.56716,-0.0166078
732.475,1.56714,-0.0167008
731.477,1.56712,-0.016794
730.48,1.5671,-0.0168874
729.482,1.56709,-0.0169812
728.485,1.56707,-0.0170751
727.487,1.56705,-0.0171694
726.49,1.56703,-0.0172638
725.492,1.56701,-0.0173586
724.495,1.56699,-0.0174536
723.497,1.56697,-0.0175489
722.499,1.56695,-0.0176444
721.502,1.56693,-0.0177402
720.504,1.56692,-0.0178362
719.507,1.5669,-0.0179326
718.509,1.56688,-0.0180292
717.512,1.56686,-0.018126
716.514,1.56684,-0.0182231
715.517,1.56682,-0.0183206
714.52,1.5668,-0.0184182
713.522,1.56678,-0.0185162
712.525,1.56676,-0.0186144
711.527,1.56674,-0.0187129
710.53,1.56672,-0.0188117
709.532,1.5667,-0.0189107
708.535,1.56668,-0.01901
707.537,1.56666,-0.0191097
706.54,1.56664,-0.0192095
705.543,1.56662,-0.0193097
704.545,1.5666,-0.0194102
703.548,1.56658,-0.0195109
702.55,1.56656,-0.019612
701.553,1.56654,-0.0197133
700.556,1.56652,-0.0198149
699.558,1.5665,-0.0199168
698.561,1.56648,-0.020019
697.564,1.56646,-0.0201214
696.566,1.56644,-0.0202242
695.569,1.56642,-0.0203273
694.572,1.5664,-0.0204306
693.574,1.56638,-0.0205343
692.577,1.56635,-0.0206382
691.58,1.56633,-0.0207425
690.582,1.56631,-0.0208471
689.585,1.56629,-0.0209519
688.588,1.56627,-0.0210571
687.591,1.56625,-0.0211626
686.593,1.56623,-0.0212683
685.596,1.56621,-0.0213744
684.599,1.56619,-0.0214808
683.602,1.56617,-0.0215875
682.604,1.56614,-0.0216945
681.607,1.56612,-0.0218019
680.61,1.5661,-0.0219095
679.613,1.56608,-0.0220175
678.616,1.56606,-0.0221257
677.618,1.56604,-0.0222343
676.621,1.56601,-0.0223432
675.624,1.56599,-0.0224525
674.627,1.56597,-0.022562
673.63,1.56595,-0.0226719
672.633,1.56593,-0.0227821
671.636,1.5659,-0.0228927
670.638,1.56588,-0.0230035
669.641,1.56586,-0.0231147
668.644,1.56584,-0.0232263
667.647,1.56582,-0.0233381
666.65,1.56579,-0.0234503
665.653,1.56577,-0.0235628
664.656,1.56575,-0.0236757
663.659,1.56572,-0.0237889
662.662,1.5657,-0.0239025
661.665,1.56568,-0.0240164
660.668,1.56566,-0.0241306
659.671,1.56563,-0.0242452
658.674,1.56561,-0.0243601
657.677,1.56559,-0.0244754
656.68,1.56556,-0.024591
655.683,1.56554,-0.024707
654.686,1.56552,-0.0248233
653.689,1.56549,-0.02494
652.692,1.56547,-0.025057
651.695,1.56545,-0.0251744
650.698,1.56542,-0.0252922
649.701,1.5654,-0.0254103
648.704,1.56538,-0.0255288
647.707,1.56535,-0.0256476
646.71,1.56533,-0.0257669
645.713,1.56531,-0.0258864
644.716,1.56528,-0.0260064
643.719,1.56526,-0.0261267
642.722,1.56523,-0.0262474
641.726,1.56521,-0.0263685
640.729,1.56518,-0.0264899
639.732,1.56516,-0.0266118
638.735,1.56514,-0.026734
637.738,1.56511,-0.0268566
636.741,1.56509,-0.0269796
635.745,1.56506,-0.0271029
634.748,1.56504,-0.0272267
633.751,1.56501,-0.0273508
632.754,1.56499,-0.0274753
631.758,1.56496,-0.0276002
630.761,1.56494,-0.0277256
629.764,1.56491,-0.0278513
628.767,1.56489,-0.0279774
627.771,1.56486,-0.0281039
626.774,1.56484,-0.0282308
625.777,1.56481,-0.0283581
624.781,1.56479,-0.0284859
623.784,1.56476,-0.028614
622.787,1.56473,-0.0287425
621.791,1.56471,-0.0288715
620.794,1.56468,-0.0290009
619.797,1.56466,-0.0291306
618.801,1.56463,-0.0292608
617.804,1.5646,-0.0293915
616.807,1.56458,-0.0295225
615.811,1.56455,-0.029654
614.814,1.56453,-0.0297859
613.818,1.5645,-0.0299182
612.821,1.56447,-0.030051
611.825,1.56445,-0.0301842
610.828,1.56442,-0.0303178
609.831,1.56439,-0.0304518
608.835,1.56437,-0.0305863
607.838,1.56434,-0.0307213
606.842,1.56431,-0.0308567
605.846,1.56428,-0.0309925
604.849,1.56426,-0.0311288
603.853,1.56423,-0.0312655
602.856,1.5642,-0.0314027
601.86,1.56418,-0.0315403
600.863,1.56415,-0.0316784
599.867,1.56412,-0.0318169
598.87,1.56409,-0.0319559
597.874,1.56406,-0.0320954
596.878,1.56404,-0.0322353
595.881,1.56401,-0.0323757
594.885,1.56398,-0.0325166
593.889,1.56395,-0.032658
592.892,1.56392,-0.0327998
591.896,1.5639,-0.0329421
590.9,1.56387,-0.0330849
589.903,1.56384,-0.0332281
588.907,1.56381,-0.0333719
587.911,1.56378,-0.0335161
586.915,1.56375,-0.0336608
585.918,1.56372,-0.0338061
584.922,1.56369,-0.0339518
583.926,1.56366,-0.034098
582.93,1.56363,-0.0342447
581.934,1.56361,-0.0343919
580.937,1.56358,-0.0345396
579.941,1.56355,-0.0346878
578.945,1.56352,-0.0348366
577.949,1.56349,-0.0349858
576.953,1.56346,-0.0351356
575.957,1.56343,-0.0352859
574.961,1.5634,-0.0354367
573.965,1.56337,-0.035588
572.969,1.56334,-0.0357398
571.973,1.56331,-0.0358922
570.977,1.56328,-0.0360451
569.98,1.56324,-0.0361986
568.984,1.56321,-0.0363526
567.988,1.56318,-0.0365071
566.992,1.56315,-0.0366621
565.997,1.56312,-0.0368178
565.001,1.56309,-0.0369739
564.005,1.56306,-0.0371306
563.009,1.56303,-0.0372879
562.013,1.563,-0.0374457
561.017,1.56296,-0.0376041
560.021,1.56293,-0.0377631
559.025,1.5629,-0.0379226
558.029,1.56287,-0.0380827
557.033,1.56284,-0.0382433
556.038,1.5628,-0.0384045
555.042,1.56277,-0.0385664
554.046,1.56274,-0.0387287
553.05,1.56271,-0.0388917
552.055,1.56267,-0.0390553
551.059,1.56264,-0.0392194
550.063,1.56261,-0.0393842
549.067,1.56257,-0.0395495
548.072,1.56254,-0.0397155
547.076,1.56251,-0.039882
546.08,1.56247,-0.0400492
545.085,1.56244,-0.040217
544.089,1.56241,-0.0403854
543.093,1.56237,-0.0405544
542.098,1.56234,-0.040724
541.102,1.56231,-0.0408942
540.107,1.56227,-0.0410651
539.111,1.56224,-0.0412366
538.116,1.5622,-0.0414088
537.12,1.56217,-0.0415815
536.125,1.56213,-0.041755
535.129,1.5621,-0.041929
534.134,1.56206,-0.0421037
533.138,1.56203,-0.0422791
532.143,1.56199,-0.0424551
531.147,1.56196,-0.0426318
530.152,1.56192,-0.0428092
529.156,1.56189,-0.0429872
528.161,1.56185,-0.0431659
527.166,1.56182,-0.0433452
526.17,1.56178,-0.0435253
525.175,1.56174,-0.043706
524.18,1.56171,-0.0438874
523.185,1.56167,-0.0440695
522.189,1.56164,-0.0442523
521.194,1.5616,-0.0444358
520.199,1.56156,-0.04462
519.204,1.56152,-0.0448049
518.208,1.56149,-0.0449905
517.213,1.56145,-0.0451768
516.218,1.56141,-0.0453639
515.223,1.56138,-0.0455516
514.228,1.56134,-0.0457401
513.233,1.5613,-0.0459293
512.238,1.56126,-0.0461193
511.243,1.56122,-0.04631
510.248,1.56119,-0.0465014
509.253,1.56115,-0.0466936
508.258,1.56111,-0.0468866
507.263,1.56107,-0.0470803
506.268,1.56103,-0.0472747
505.273,1.56099,-0.04747
504.278,1.56095,-0.047666
503.283,1.56091,-0.0478627
502.288,1.56087,-0.0480603
501.293,1.56083,-0.0482586
500.298,1.5608,-0.0484578
499.303,1.56076,-0.0486577
498.309,1.56072,-0.0488584
497.314,1.56067,-0.0490599
496.319,1.56063,-0.0492623
495.324,1.56059,-0.0494654
494.33,1.56055,-0.0496694
493.335,1.56051,-0.0498741
492.34,1.56047,-0.0500798
491.346,1.56043,-0.0502862
490.351,1.56039,-0.0504935
489.356,1.56035,-0.0507016
488.362,1.56031,-0.0509106
487.367,1.56026,-0.0511204
486.373,1.56022,-0.0513311
485.378,1.56018,-0.0515426
484.384,1.56014,-0.0517551
483.389,1.56009,-0.0519683
482.395,1.56005,-0.0521825
481.4,1.56001,-0.0523976
480.406,1.55997,-0.0526135
479.412,1.55992,-0.0528304
478.417,1.55988,-0.0530481
477.423,1.55983,-0.0532667
476.429,1.55979,-0.0534863
475.434,1.55975,-0.0537068
474.44,1.5597,-0.0539282
473.446,1.55966,-0.0541505
472.452,1.55961,-0.0543738
471.458,1.55957,-0.054598
470.463,1.55952,-0.0548232
469.469,1.55948,-0.0550493
468.475,1.55943,-0.0552764
467.481,1.55939,-0.0555044
466.487,1.55934,-0.0557334
465.493,1.5593,-0.0559634
464.499,1.55925,-0.0561944
463.505,1.5592,-0.0564264
462.511,1.55916,-0.0566593
461.517,1.55911,-0.0568933
460.523,1.55906,-0.0571283
459.529,1.55902,-0.0573643
458.535,1.55897,-0.0576013
457.542,1.55892,-0.0578393
456.548,1.55887,-0.0580784
455.554,1.55883,-0.0583185
454.56,1.55878,-0.0585597
453.567,1.55873,-0.058802
452.573,1.55868,-0.0590453
451.579,1.55863,-0.0592896
450.586,1.55858,-0.0595351
449.592,1.55853,-0.0597816
448.598,1.55848,-0.0600292
447.605,1.55844,-0.060278
446.611,1.55839,-0.0605278
445.618,1.55834,-0.0607787
444.624,1.55828,-0.0610308
443.631,1.55823,-0.061284
442.637,1.55818,-0.0615384
441.644,1.55813,-0.0617938
440.651,1.55808,-0.0620505
439.657,1.55803,-0.0623083
438.664,1.55798,-0.0625672
437.671,1.55793,-0.0628274
436.678,1.55787,-0.0630887
435.684,1.55782,-0.0633512
434.691,1.55777,-0.0636149
433.698,1.55772,-0.0638798
432.705,1.55766,-0.0641459
431.712,1.55761,-0.0644133
430.719,1.55756,-0.0646819
429.726,1.5575,-0.0649517
428.733,1.55745,-0.0652228
427.74,1.55739,-0.0654952
426.747,1.55734,-0.0657688
425.754,1.55728,-0.0660437
424.761,1.55723,-0.0663198
423.769,1.55717,-0.0665973
422.776,1.55712,-0.0668761
421.783,1.55706,-0.0671562
420.79,1.55701,-0.0674376
419.798,1.55695,-0.0677203
418.805,1.55689,-0.0680044
417.813,1.55684,-0.0682898
416.82,1.55678,-0.0685766
415.827,1.55672,-0.0688648
414.835,1.55666,-0.0691543
413.843,1.55661,-0.0694452
412.85,1.55655,-0.0697376
411.858,1.55649,-0.0700313
410.865,1.55643,-0.0703265
409.873,1.55637,-0.070623
408.881,1.55631,-0.0709211
407.889,1.55625,-0.0712205
406.896,1.55619,-0.0715215
405.904,1.55613,-0.0718239
404.912,1.55607,-0.0721278
403.92,1.55601,-0.0724332
402.928,1.55595,-0.07274
401.936,1.55589,-0.0730484
400.944,1.55583,-0.0733584
399.952,1.55576,-0.0736698
398.96,1.5557,-0.0739829
397.968,1.55564,-0.0742974
396.977,1.55558,-0.0746136
395.985,1.55551,-0.0749313
394.993,1.55545,-0.0752507
394.001,1.55538,-0.0755716
393.01,1.55532,-0.0758942
392.018,1.55526,-0.0762184
391.027,1.55519,-0.0765442
390.035,1.55513,-0.0768717
389.044,1.55506,-0.0772008
388.052,1.55499,-0.0775317
387.061,1.55493,-0.0778642
386.07,1.55486,-0.0781985
385.078,1.55479,-0.0785345
384.087,1.55473,-0.0788722
383.096,1.55466,-0.0792116
382.105,1.55459,-0.0795528
381.114,1.55452,-0.0798958
380.123,1.55445,-0.0802406
379.132,1.55438,-0.0805872
378.141,1.55432,-0.0809356
377.15,1.55425,-0.0812858
376.159,1.55418,-0.0816379
375.168,1.5541,-0.0819919
374.177,1.55403,-0.0823477
373.186,1.55396,-0.0827054
372.196,1.55389,-0.083065
371.205,1.55382,-0.0834265
370.215,1.55375,-0.08379
369.224,1.55367,-0.0841554
368.234,1.5536,-0.0845228
367.243,1.55353,-0.0848922
366.253,1.55345,-0.0852635
365.262,1.55338,-0.0856369
364.272,1.5533,-0.0860123
363.282,1.55323,-0.0863898
362.292,1.55315,-0.0867693
361.302,1.55308,-0.0871509
360.312,1.553,-0.0875346
359.322,1.55292,-0.0879204
358.332,1.55285,-0.0883084
357.342,1.55277,-0.0886985
356.352,1.55269,-0.0890908
355.362,1.55261,-0.0894852
354.373,1.55253,-0.0898819
353.383,1.55245,-0.0902808
352.393,1.55237,-0.0906819
351.404,1.55229,-0.0910853
350.414,1.55221,-0.091491
349.425,1.55213,-0.0918989
348.436,1.55205,-0.0923092
347.446,1.55197,-0.0927218
346.457,1.55189,-0.0931368
345.468,1.5518,-0.0935542
344.479,1.55172,-0.0939739
343.49,1.55163,-0.0943961
342.501,1.55155,-0.0948207
341.512,1.55147,-0.0952478
340.523,1.55138,-0.0956773
339.534,1.55129,-0.0961094
338.545,1.55121,-0.096544
337.557,1.55112,-0.0969811
336.568,1.55103,-0.0974208
335.58,1.55094,-0.0978631
334.591,1.55086,-0.098308
333.603,1.55077,-0.0987555
332.615,1.55068,-0.0992058
331.626,1.55059,-0.0996586
330.638,1.5505,-0.100114
329.65,1.55041,-0.100573
328.662,1.55031,-0.101034
327.674,1.55022,-0.101498
326.686,1.55013,-0.101964
325.698,1.55004,-0.102434
324.711,1.54994,-0.102906
323.723,1.54985,-0.103381
322.735,1.54975,-0.10386
321.748,1.54966,-0.104341
320.76,1.54956,-0.104825
319.773,1.54946,-0.105312
318.786,1.54937,-0.105802
317.799,1.54927,-0.106295
316.811,1.54917,-0.106791
315.824,1.54907,-0.10729
314.837,1.54897,-0.107793
313.851,1.54887,-0.108299
312.864,1.54877,-0.108807
311.877,1.54867,-0.109319
310.89,1.54856,-0.109835
309.904,1.54846,-0.110353
308.917,1.54836,-0.110875
307.931,1.54825,-0.1114
306.945,1.54815,-0.111929
305.959,1.54804,-0.112461
304.973,1.54794,-0.112996
303.987,1.54783,-0.113535
303.001,1.54772,-0.114078
302.015,1.54761,-0.114624
301.029,1.5475,-0.115173
300.043,1.54739,-0.115726
299.058,1.54728,-0.116283
298.072,1.54717,-0.116844
297.087,1.54706,-0.117408
296.102,1.54695,-0.117976
295.117,1.54683,-0.118548
294.132,1.54672,-0.119123
293.147,1.54661,-0.119703
292.162,1.54649,-0.120286
291.177,1.54637,-0.120873
290.192,1.54626,-0.121465
289.208,1.54614,-0.12206
288.223,1.54602,-0.122659
287.239,1.5459,-0.123263
286.255,1.54578,-0.123871
285.271,1.54566,-0.124483
284.287,1.54554,-0.125099
283.303,1.54541,-0.125719
282.319,1.54529,-0.126344
281.336,1.54516,-0.126973
280.352,1.54504,-0.127606
279.369,1.54491,-0.128244
278.385,1.54478,-0.128887
277.402,1.54466,-0.129534
276.419,1.54453,-0.130186
275.436,1.5444,-0.130842
274.453,1.54427,-0.131503
273.471,1.54413,-0.132169
272.488,1.544,-0.132839
271.505,1.54387,-0.133515
270.523,1.54373,-0.134195
269.541,1.5436,-0.134881
268.559,1.54346,-0.135571
267.577,1.54332,-0.136266
266.595,1.54318,-0.136967
265.614,1.54304,-0.137673
264.632,1.5429,-0.138384
263.651,1.54276,-0.1391
262.669,1.54262,-0.139821
261.688,1.54248,-0.140548
260.707,1.54233,-0.141281
259.727,1.54218,-0.142019
258.746,1.54204,-0.142763
257.765,1.54189,-0.143512
256.785,1.54174,-0.144267
255.805,1.54159,-0.145028
254.825,1.54144,-0.145795
253.845,1.54129,-0.146567
252.865,1.54113,-0.147346
251.885,1.54098,-0.148131
250.906,1.54082,-0.148921
249.927,1.54066,-0.149718
248.948,1.5405,-0.150522
247.969,1.54034,-0.151331
246.99,1.54018,-0.152148
246.011,1.54002,-0.15297
245.033,1.53986,-0.153799
244.055,1.53969,-0.154635
243.077,1.53953,-0.155478
242.099,1.53936,-0.156327
241.121,1.53919,-0.157183
240.143,1.53902,-0.158047
239.166,1.53885,-0.158917
238.189,1.53867,-0.159794
237.212,1.5385,-0.160679
236.235,1.53832,-0.161571
235.258,1.53815,-0.162471
234.282,1.53797,-0.163378
233.306,1.53779,-0.164292
232.33,1.53761,-0.165214
231.354,1.53742,-0.166144
230.378,1.53724,-0.167082
229.403,1.53705,-0.168028
228.428,1.53686,-0.168982
227.453,1.53667,-0.169945
226.478,1.53648,-0.170915
225.504,1.53629,-0.171894
224.529,1.5361,-0.172881
223.555,1.5359,-0.173877
222.582,1.5357,-0.174882
221.608,1.5355,-0.175896
220.635,1.5353,-0.176918
219.661,1.5351,-0.17795
218.689,1.5349,-0.178991
217.716,1.53469,-0.180041
216.744,1.53448,-0.181101
215.771,1.53427,-0.18217
214.8,1.53406,-0.183249
213.828,1.53385,-0.184337
212.857,1.53363,-0.185436
211.885,1.53341,-0.186545
210.915,1.53319,-0.187664
209.944,1.53297,-0.188793
208.974,1.53275,-0.189933
208.004,1.53252,-0.191083
207.034,1.53229,-0.192244
206.065,1.53206,-0.193417
205.095,1.53183,-0.1946
204.127,1.5316,-0.195795
203.158,1.53136,-0.197001
202.19,1.53112,-0.198218
201.222,1.53088,-0.199447
200.254,1.53064,-0.200689
199.287,1.5304,-0.201942
198.32,1.53015,-0.203208
197.353,1.5299,-0.204486
196.387,1.52965,-0.205776
195.421,1.52939,-0.207079
194.455,1.52914,-0.208396
193.49,1.52888,-0.209725
192.525,1.52861,-0.211068
191.561,1.52835,-0.212425
190.596,1.52808,-0.213795
189.633,1.52781,-0.215179
188.669,1.52754,-0.216577
187.706,1.52726,-0.21799
186.743,1.52699,-0.219417
185.781,1.5267,-0.220859
184.819,1.52642,-0.222316
183.857,1.52613,-0.223789
182.896,1.52585,-0.225277
181.936,1.52555,-0.226781
180.975,1.52526,-0.2283
180.016,1.52496,-0.229836
179.056,1.52466,-0.231389
178.097,1.52435,-0.232958
177.139,1.52404,-0.234544
176.181,1.52373,-0.236148
175.223,1.52342,-0.237769
174.266,1.5231,-0.239408
173.309,1.52278,-0.241065
172.353,1.52246,-0.242741
171.398,1.52213,-0.244435
170.443,1.5218,-0.246149
169.488,1.52146,-0.247881
168.534,1.52112,-0.249634
167.58,1.52078,-0.251406
166.627,1.52043,-0.253199
165.675,1.52008,-0.255013
164.723,1.51973,-0.256847
163.772,1.51937,-0.258703
162.821,1.51901,-0.260581
161.871,1.51864,-0.26248
160.921,1.51827,-0.264403
159.972,1.5179,-0.266348
159.024,1.51752,-0.268316
158.076,1.51714,-0.270309
157.129,1.51675,-0.272325
156.183,1.51636,-0.274366
155.237,1.51596,-0.276431
154.292,1.51556,-0.278523
153.347,1.51516,-0.28064
152.404,1.51475,-0.282783
151.461,1.51433,-0.284953
150.519,1.51391,-0.28715
149.577,1.51349,-0.289376
148.636,1.51306,-0.291629
147.697,1.51262,-0.293911
146.757,1.51218,-0.296223
145.819,1.51174,-0.298565
144.882,1.51128,-0.300937
143.945,1.51083,-0.30334
143.009,1.51036,-0.305774
142.074,1.5099,-0.308241
141.14,1.50942,-0.31074
140.207,1.50894,-0.313273
139.275,1.50846,-0.315841
138.343,1.50796,-0.318442
137.413,1.50746,-0.32108
136.484,1.50696,-0.323753
135.555,1.50645,-0.326463
134.628,1.50593,-0.329211
133.701,1.50541,-0.331997
132.776,1.50488,-0.334822
131.852,1.50434,-0.337687
130.929,1.50379,-0.340592
130.007,1.50324,-0.343539
129.086,1.50268,-0.346529
128.167,1.50211,-0.349561
127.248,1.50154,-0.352637
126.331,1.50096,-0.355759
125.415,1.50037,-0.358926
124.5,1.49977,-0.36214
123.587,1.49916,-0.365402
122.675,1.49855,-0.368713
121.764,1.49792,-0.372074
120.855,1.49729,-0.375485
119.947,1.49665,-0.378949
119.041,1.496,-0.382465
118.136,1.49535,-0.386036
117.233,1.49468,-0.389663
116.331,1.494,-0.393346
115.431,1.49332,-0.397087
114.533,1.49262,-0.400887
113.636,1.49191,-0.404747
112.741,1.4912,-0.408669
111.848,1.49047,-0.412655
110.956,1.48974,-0.416705
110.066,1.48899,-0.420821
109.179,1.48823,-0.425005
108.293,1.48747,-0.429257
107.409,1.48669,-0.433581
106.527,1.48589,-0.437976
105.647,1.48509,-0.442446
104.77,1.48428,-0.446991
103.894,1.48345,-0.451613
103.021,1.48262,-0.456315
102.15,1.48176,-0.461097
101.282,1.4809,-0.465963
100.416,1.48003,-0.470913
99.5523,1.47914,-0.47595
98.6913,1.47824,-0.481076
97.8329,1.47732,-0.486293
96.9772,1.47639,-0.491603
96.1242,1.47545,-0.497008
95.274,1.47449,-0.502511
94.4268,1.47352,-0.508114
93.5825,1.47254,-0.513819
92.7413,1.47154,-0.519629
91.9033,1.47052,-0.525547
91.0685,1.4695,-0.531574
90.237,1.46845,-0.537714
89.4089,1.46739,-0.543969
88.5843,1.46631,-0.550343
87.7634,1.46522,-0.556837
86.9461,1.46412,-0.563456
86.1327,1.46299,-0.570201
85.3231,1.46185,-0.577076
84.5176,1.46069,-0.584084
83.7162,1.45952,-0.591229
82.9191,1.45833,-0.598514
82.1264,1.45712,-0.605941
81.3382,1.4559,-0.613515
80.5547,1.45466,-0.621239
79.7759,1.4534,-0.629116
79.002,1.45212,-0.637151
78.2332,1.45083,-0.645346
77.4696,1.44952,-0.653707
76.7113,1.44819,-0.662236
75.9586,1.44685,-0.670937
75.2116,1.44548,-0.679815
74.4704,1.4441,-0.688874
73.7353,1.44271,-0.698117
73.0063,1.44129,-0.707549
72.2838,1.43986,-0.717174
71.5678,1.43841,-0.726996
70.8586,1.43695,-0.73702
70.1564,1.43547,-0.747249
69.4614,1.43398,-0.757688
68.7737,1.43247,-0.768342
68.0937,1.43095,-0.779214
67.4216,1.42941,-0.790309
66.7576,1.42786,-0.801631
66.1018,1.4263,-0.813184
65.4547,1.42473,-0.824973
64.8163,1.42314,-0.837001
64.1871,1.42155,-0.849272
63.5672,1.41994,-0.861791
62.9569,1.41834,-0.87456
62.3566,1.41672,-0.887584
61.7664,1.4151,-0.900865
61.1866,1.41348,-0.914408
60.6177,1.41185,-0.928214
60.0598,1.41023,-0.942286
59.5133,1.4086,-0.956627
58.9785,1.40698,-0.971239
58.4556,1.40537,-0.986124
57.9451,1.40377,-1.00128
57.4473,1.40217,-1.01671
56.9624,1.40059,-1.03242
56.4907,1.39902,-1.0484
56.0328,1.39748,-1.06466
55.5887,1.39595,-1.08119
55.159,1.39445,-1.09798
54.7439,1.39297,-1.11505
54.3437,1.39152,-1.13239
53.9587,1.39011,-1.14998
53.5894,1.38873,-1.16783
53.236,1.38739,-1.18593
52.8988,1.3861,-1.20428
52.5781,1.38485,-1.22287
52.2743,1.38365,-1.24168
51.9875,1.3825,-1.26072
51.7182,1.3814,-1.27997
51.4665,1.38037,-1.29943
51.2327,1.37939,-1.31907
51.0171,1.37848,-1.3389
50.8199,1.37764,-1.3589
50.6413,1.37687,-1.37905
50.4814,1.37617,-1.39934
50.3406,1.37555,-1.41975
50.2188,1.375,-1.44028
50.1163,1.37453,-1.46091
50.0331,1.37414,-1.48161
49.9695,1.37383,-1.50238
49.9253,1.3736,-1.5232
49.9008,1.37346,-1.54404
49.8958,1.3734,-1.5649
49.9105,1.37343,-1.58576
49.9448,1.37353,-1.60659
49.9987,1.37373,-1.62739
50.0721,1.374,-1.64813
50.1649,1.37435,-1.6688
50.277,1.37479,-1.68938
50.4083,1.3753,-1.70986
50.5586,1.37589,-1.73022
50.7278,1.37655,-1.75045
50.9157,1.37729,-1.77053
51.1221,1.37809,-1.79045
51.3468,1.37896,-1.81019
51.5895,1.3799,-1.82975
51.85,1.3809,-1.84911
52.128,1.38195,-1.86827
52.4233,1.38306,-1.88721
52.7356,1.38422,-1.90592
53.0645,1.38543,-1.9244
53.4098,1.38669,-1.94263
53.7712,1.38798,-1.96062
54.1483,1.38932,-1.97835
54.5409,1.39069,-1.99582
54.9485,1.3921,-2.01304
55.371,1.39353,-2.02998
55.8079,1.39499,-2.04665
56.2589,1.39648,-2.06306
56.7237,1.39798,-2.07919
57.202,1.39951,-2.09504
57.6933,1.40105,-2.11062
58.1975,1.4026,-2.12593
58.7142,1.40416,-2.14096
59.2431,1.40573,-2.15572
59.7837,1.40731,-2.1702
60.3359,1.40889,-2.18442
60.8994,1.41048,-2.19837
61.4737,1.41206,-2.21206
62.0587,1.41365,-2.22548
62.654,1.41523,-2.23864
63.2593,1.4168,-2.25155
63.8744,1.41837,-2.2642
64.499,1.41994,-2.2766
65.1328,1.42149,-2.28876
65.7755,1.42304,-2.30068
66.427,1.42458,-2.31236
67.0869,1.4261,-2.3238
67.755,1.42762,-2.33502
68.4311,1.42912,-2.34601
69.1149,1.43061,-2.35678
69.8062,1.43208,-2.36734
70.5048,1.43354,-2.37768
71.2105,1.43499,-2.38781
71.9231,1.43642,-2.39774
72.6424,1.43783,-2.40747
73.3682,1.43923,-2.41701
74.1002,1.44061,-2.42635
74.8384,1.44198,-2.43551
75.5825,1.44333,-2.44449
76.3324,1.44467,-2.45328
77.0879,1.44598,-2.4619
77.8488,1.44728,-2.47035
78.615,1.44857,-2.47864
79.3864,1.44983,-2.48676
80.1627,1.45108,-2.49472
80.9439,1.45232,-2.50253
81.7298,1.45353,-2.51018
82.5202,1.45473,-2.51769
83.3152,1.45592,-2.52505
84.1144,1.45708,-2.53227
84.9178,1.45823,-2.53935
85.7254,1.45937,-2.54629
86.5369,1.46049,-2.55311
87.3522,1.46159,-2.55979
88.1713,1.46268,-2.56635
88.9941,1.46375,-2.57279
89.8204,1.4648,-2.57911
90.6502,1.46584,-2.58531
91.4834,1.46687,-2.5914
92.3198,1.46788,-2.59738
93.1594,1.46888,-2.60324
94.0022,1.46986,-2.60901
94.8479,1.47083,-2.61466
95.6966,1.47178,-2.62022
96.5482,1.47272,-2.62568
97.4025,1.47365,-2.63104
98.2596,1.47456,-2.6363
99.1193,1.47546,-2.64148
99.9816,1.47634,-2.64656
100.846,1.47722,-2.65156
101.714,1.47808,-2.65647
102.583,1.47893,-2.6613
103.455,1.47976,-2.66604
104.33,1.48059,-2.67071
105.206,1.4814,-2.67529
106.085,1.4822,-2.6798
106.966,1.48299,-2.68424
107.848,1.48377,-2.6886
108.733,1.48453,-2.69289
109.62,1.48529,-2.69711
110.509,1.48604,-2.70126
111.399,1.48677,-2.70535
112.292,1.4875,-2.70937
113.186,1.48821,-2.71332
114.082,1.48892,-2.71722
114.98,1.48961,-2.72105
115.879,1.4903,-2.72482
116.78,1.49097,-2.72854
117.682,1.49164,-2.73219
118.586,1.4923,-2.73579
119.492,1.49294,-2.73934
120.399,1.49358,-2.74283
121.307,1.49422,-2.74627
122.217,1.49484,-2.74966
123.129,1.49545,-2.753
124.041,1.49606,-2.75628
124.955,1.49666,-2.75952
125.871,1.49725,-2.76272
126.787,1.49783,-2.76586
127.705,1.4984,-2.76896
128.624,1.49897,-2.77202
129.544,1.49953,-2.77503
130.466,1.50008,-2.778
131.388,1.50063,-2.78093
132.312,1.50116,-2.78381
133.236,1.5017,-2.78666
134.162,1.50222,-2.78947
135.089,1.50274,-2.79224
136.017,1.50325,-2.79497
136.946,1.50375,-2.79766
137.876,1.50425,-2.80031
138.806,1.50474,-2.80294
139.738,1.50523,-2.80552
140.671,1.50571,-2.80807
141.605,1.50619,-2.81059
142.539,1.50665,-2.81307
143.474,1.50712,-2.81553
144.411,1.50757,-2.81795
145.348,1.50802,-2.82033
146.286,1.50847,-2.82269
147.225,1.50891,-2.82502
148.164,1.50935,-2.82732
149.104,1.50978,-2.82959
150.045,1.5102,-2.83183
150.987,1.51062,-2.83404
151.93,1.51104,-2.83622
152.873,1.51145,-2.83838
153.817,1.51185,-2.84051
154.762,1.51226,-2.84262
155.707,1.51265,-2.8447
156.653,1.51304,-2.84675
157.6,1.51343,-2.84878
158.547,1.51381,-2.85078
159.495,1.51419,-2.85277
160.444,1.51457,-2.85472
161.393,1.51494,-2.85666
162.343,1.5153,-2.85857
163.294,1.51567,-2.86046
164.245,1.51602,-2.86233
165.196,1.51638,-2.86417
166.149,1.51673,-2.866
167.101,1.51707,-2.8678
168.055,1.51742,-2.86958
169.008,1.51776,-2.87135
169.963,1.51809,-2.87309
170.918,1.51842,-2.87481
171.873,1.51875,-2.87652
172.829,1.51908,-2.8782
173.785,1.5194,-2.87987
174.742,1.51971,-2.88152
175.699,1.52003,-2.88315
176.657,1.52034,-2.88476
177.616,1.52065,-2.88636
178.574,1.52095,-2.88794
179.533,1.52125,-2.8895
180.493,1.52155,-2.89104
181.453,1.52185,-2.89257
182.414,1.52214,-2.89408
183.374,1.52243,-2.89558
184.336,1.52272,-2.89706
185.297,1.523,-2.89853
186.26,1.52328,-2.89998
187.222,1.52356,-2.90141
188.185,1.52384,-2.90283
189.148,1.52411,-2.90424
190.112,1.52438,-2.90563
191.076,1.52465,-2.90701
192.04,1.52491,-2.90837
193.005,1.52517,-2.90972
193.97,1.52543,-2.91106
194.936,1.52569,-2.91238
195.902,1.52595,-2.91369
196.868,1.5262,-2.91499
197.834,1.52645,-2.91627
198.801,1.5267,-2.91755
199.768,1.52694,-2.91881
200.736,1.52718,-2.92005
201.703,1.52742,-2.92129
202.671,1.52766,-2.92251
203.64,1.5279,-2.92373
204.609,1.52813,-2.92493
205.578,1.52837,-2.92612
206.547,1.5286,-2.92729
207.516,1.52882,-2.92846
208.486,1.52905,-2.92962
209.456,1.52927,-2.93076
210.427,1.52949,-2.9319
211.398,1.52971,-2.93302
212.368,1.52993,-2.93414
213.34,1.53015,-2.93524
214.311,1.53036,-2.93633
215.283,1.53057,-2.93742
216.255,1.53078,-2.93849
217.227,1.53099,-2.93956
218.2,1.5312,-2.94061
219.173,1.5314,-2.94166
220.146,1.53161,-2.94269
221.119,1.53181,-2.94372
222.092,1.53201,-2.94474
223.066,1.5322,-2.94575
224.04,1.5324,-2.94675
225.014,1.5326,-2.94774
225.989,1.53279,-2.94873
226.963,1.53298,-2.9497
227.938,1.53317,-2.95067
228.913,1.53336,-2.95163
229.888,1.53354,-2.95258
230.864,1.53373,-2.95352
231.839,1.53391,-2.95445
232.815,1.53409,-2.95538
233.791,1.53427,-2.9563
234.768,1.53445,-2.95721
235.744,1.53463,-2.95811
236.721,1.53481,-2.95901
237.698,1.53498,-2.9599
238.675,1.53515,-2.96078
239.652,1.53533,-2.96165
240.63,1.5355,-2.96252
241.607,1.53567,-2.96338
242.585,1.53583,-2.96423
243.563,1.536,-2.96508
244.541,1.53616,-2.96592
245.52,1.53633,-2.96675
246.498,1.53649,-2.96758
247.477,1.53665,-2.9684
248.456,1.53681,-2.96921
249.435,1.53697,-2.97002
250.414,1.53713,-2.97082
251.393,1.53729,-2.97161
252.373,1.53744,-2.9724
253.352,1.53759,-2.97318
254.332,1.53775,-2.97396
255.312,1.5379,-2.97473
256.292,1.53805,-2.97549
257.273,1.5382,-2.97625
258.253,1.53835,-2.977
259.234,1.53849,-2.97775
260.214,1.53864,-2.97849
261.195,1.53879,-2.97922
262.176,1.53893,-2.97995
263.158,1.53907,-2.98068
264.139,1.53921,-2.9814
265.12,1.53936,-2.98211
266.102,1.5395,-2.98282
267.084,1.53963,-2.98352
268.065,1.53977,-2.98422
269.047,1.53991,-2.98491
270.03,1.54004,-2.9856
271.012,1.54018,-2.98628
271.994,1.54031,-2.98696
272.977,1.54045,-2.98764
273.959,1.54058,-2.9883
274.942,1.54071,-2.98897
275.925,1.54084,-2.98963
276.908,1.54097,-2.99028
277.891,1.5411,-2.99093
278.874,1.54122,-2.99157
279.858,1.54135,-2.99221
280.841,1.54148,-2.99285
281.825,1.5416,-2.99348
282.809,1.54173,-2.99411
283.792,1.54185,-2.99473
284.776,1.54197,-2.99535
285.76,1.54209,-2.99596
286.745,1.54221,-2.99657
287.729,1.54233,-2.99718
288.713,1.54245,-2.99778
289.698,1.54257,-2.99838
290.682,1.54269,-2.99897
291.667,1.5428,-2.99956
292.652,1.54292,-3.00015
293.637,1.54303,-3.00073
294.622,1.54315,-3.00131
295.607,1.54326,-3.00188
296.592,1.54338,-3.00245
297.577,1.54349,-3.00302
298.563,1.5436,-3.00358
299.548,1.54371,-3.00414
300.534,1.54382,-3.00469
301.519,1.54393,-3.00524
302.505,1.54404,-3.00579
303.491,1.54415,-3.00634
304.477,1.54425,-3.00688
305.463,1.54436,-3.00741
306.449,1.54446,-3.00795
307.435,1.54457,-3.00848
308.422,1.54467,-3.00901
309.408,1.54478,-3.00953
310.395,1.54488,-3.01005
311.381,1.54498,-3.01057
312.368,1.54509,-3.01108
313.355,1.54519,-3.01159
314.342,1.54529,-3.0121
315.328,1.54539,-3.0126
316.315,1.54549,-3.0131
317.303,1.54558,-3.0136
318.29,1.54568,-3.0141
319.277,1.54578,-3.01459
320.264,1.54588,-3.01508
321.252,1.54597,-3.01556
322.239,1.54607,-3.01604
323.227,1.54616,-3.01652
324.214,1.54626,-3.017
325.202,1.54635,-3.01748
326.19,1.54645,-3.01795
327.178,1.54654,-3.01841
328.166,1.54663,-3.01888
329.154,1.54672,-3.01934
330.142,1.54681,-3.0198
331.13,1.54691,-3.02026
332.118,1.547,-3.02071
333.106,1.54709,-3.02117
334.095,1.54717,-3.02161
335.083,1.54726,-3.02206
336.071,1.54735,-3.0225
337.06,1.54744,-3.02295
338.049,1.54753,-3.02338
339.037,1.54761,-3.02382
340.026,1.5477,-3.02425
341.015,1.54778,-3.02468
342.004,1.54787,-3.02511
342.993,1.54795,-3.02554
343.982,1.54804,-3.02596
344.971,1.54812,-3.02638
345.96,1.5482,-3.0268
346.949,1.54829,-3.02722
347.938,1.54837,-3.02763
348.928,1.54845,-3.02804
349.917,1.54853,-3.02845
350.907,1.54861,-3.02886
351.896,1.54869,-3.02926
352.886,1.54877,-3.02967
353.875,1.54885,-3.03007
354.865,1.54893,-3.03046
355.855,1.54901,-3.03086
356.845,1.54909,-3.03125
357.834,1.54917,-3.03164
358.824,1.54924,-3.03203
359.814,1.54932,-3.03242
360.804,1.5494,-3.0328
361.794,1.54947,-3.03319
362.784,1.54955,-3.03357
363.775,1.54962,-3.03395
364.765,1.5497,-3.03432
365.755,1.54977,-3.0347
366.745,1.54985,-3.03507
367.736,1.54992,-3.03544
368.726,1.54999,-3.03581
369.717,1.55007,-3.03618
370.707,1.55014,-3.03654
371.698,1.55021,-3.0369
372.689,1.55028,-3.03726
373.679,1.55035,-3.03762
374.67,1.55043,-3.03798
375.661,1.5505,-3.03833
376.652,1.55057,-3.03869
377.643,1.55064,-3.03904
378.634,1.55071,-3.03939
379.625,1.55078,-3.03973
380.616,1.55084,-3.04008
381.607,1.55091,-3.04042
382.598,1.55098,-3.04077
383.589,1.55105,-3.04111
384.58,1.55112,-3.04145
385.571,1.55118,-3.04178
386.563,1.55125,-3.04212
387.554,1.55132,-3.04245
388.545,1.55138,-3.04278
389.537,1.55145,-3.04311
390.528,1.55151,-3.04344
391.52,1.55158,-3.04377
392.511,1.55164,-3.04409
393.503,1.55171,-3.04442
394.495,1.55177,-3.04474
395.486,1.55183,-3.04506
396.478,1.5519,-3.04538
397.47,1.55196,-3.04569
398.462,1.55202,-3.04601
399.454,1.55209,-3.04632
400.446,1.55215,-3.04664
401.437,1.55221,-3.04695
402.429,1.55227,-3.04726
403.421,1.55233,-3.04756
404.414,1.55239,-3.04787
405.406,1.55245,-3.04817
406.398,1.55251,-3.04848
407.39,1.55258,-3.04878
408.382,1.55263,-3.04908
409.374,1.55269,-3.04938
410.367,1.55275,-3.04968
411.359,1.55281,-3.04997
412.351,1.55287,-3.05027
413.344,1.55293,-3.05056
414.336,1.55299,-3.05085
415.329,1.55305,-3.05114
416.321,1.5531,-3.05143
417.314,1.55316,-3.05172
418.306,1.55322,-3.052
419.299,1.55327,-3.05229
420.292,1.55333,-3.05257
421.284,1.55339,-3.05285
422.277,1.55344,-3.05313
423.27,1.5535,-3.05341
424.263,1.55355,-3.05369
425.255,1.55361,-3.05397
426.248,1.55366,-3.05424
427.241,1.55372,-3.05452
428.234,1.55377,-3.05479
429.227,1.55383,-3.05506
430.22,1.55388,-3.05533
431.213,1.55393,-3.0556
432.206,1.55399,-3.05587
433.199,1.55404,-3.05614
434.192,1.55409,-3.0564
435.185,1.55415,-3.05667
436.179,1.5542,-3.05693
437.172,1.55425,-3.05719
438.165,1.5543,-3.05745
439.158,1.55435,-3.05771
440.152,1.55441,-3.05797
441.145,1.55446,-3.05823
442.138,1.55451,-3.05848
443.132,1.55456,-3.05874
444.125,1.55461,-3.05899
445.119,1.55466,-3.05925
446.112,1.55471,-3.0595
447.106,1.55476,-3.05975
448.099,1.55481,-3.06
449.093,1.55486,-3.06025
450.086,1.55491,-3.06049
451.08,1.55496,-3.06074
452.073,1.55501,-3.06098
453.067,1.55506,-3.06123
454.061,1.5551,-3.06147
455.055,1.55515,-3.06171
456.048,1.5552,-3.06195
457.042,1.55525,-3.06219
458.036,1.55529,-3.06243
459.03,1.55534,-3.06267
460.024,1.55539,-3.06291
461.018,1.55544,-3.06314
462.011,1.55548,-3.06338
463.005,1.55553,-3.06361
463.999,1.55558,-3.06384
464.993,1.55562,-3.06407
465.987,1.55567,-3.0643
466.981,1.55571,-3.06453
467.976,1.55576,-3.06476
468.97,1.5558,-3.06499
469.964,1.55585,-3.06522
470.958,1.5559,-3.06544
471.952,1.55594,-3.06567
472.946,1.55598,-3.06589
473.941,1.55603,-3.06611
474.935,1.55607,-3.06633
475.929,1.55612,-3.06656
476.923,1.55616,-3.06678
477.918,1.5562,-3.06699
478.912,1.55625,-3.06721
479.906,1.55629,-3.06743
480.901,1.55633,-3.06765
481.895,1.55638,-3.06786
482.89,1.55642,-3.06808
483.884,1.55646,-3.06829
484.879,1.55651,-3.0685
485.873,1.55655,-3.06872
486.868,1.55659,-3.06893
487.862,1.55663,-3.06914
488.857,1.55667,-3.06935
489.851,1.55672,-3.06955
490.846,1.55676,-3.06976
491.841,1.5568,-3.06997
492.835,1.55684,-3.07018
493.83,1.55688,-3.07038
494.825,1.55692,-3.07058
495.819,1.55696,-3.07079
496.814,1.557,-3.07099
497.809,1.55704,-3.07119
498.804,1.55708,-3.07139
499.798,1.55712,-3.07159
500.793,1.55716,-3.07179
501.788,1.5572,-3.07199
502.783,1.55724,-3.07219
503.778,1.55728,-3.07239
504.773,1.55732,-3.07258
505.768,1.55736,-3.07278
506.763,1.5574,-3.07297
507.758,1.55744,-3.07317
508.753,1.55748,-3.07336
509.748,1.55751,-3.07355
510.743,1.55755,-3.07375
511.738,1.55759,-3.07394
512.733,1.55763,-3.07413
513.728,1.55767,-3.07432
514.723,1.5577,-3.07451
515.718,1.55774,-3.07469
516.713,1.55778,-3.07488
517.708,1.55782,-3.07507
518.704,1.55785,-3.07525
519.699,1.55789,-3.07544
520.694,1.55793,-3.07562
521.689,1.55796,-3.07581
522.684,1.558,-3.07599
523.68,1.55804,-3.07617
524.675,1.55807,-3.07636
525.67,1.55811,-3.07654
526.666,1.55814,-3.07672
527.661,1.55818,-3.0769
528.656,1.55822,-3.07708
529.652,1.55825,-3.07725
530.647,1.55829,-3.07743
531.642,1.55832,-3.07761
532.638,1.55836,-3.07779
533.633,1.55839,-3.07796
534.629,1.55843,-3.07814
535.624,1.55846,-3.07831
536.62,1.5585,-3.07848
537.615,1.55853,-3.07866
538.611,1.55857,-3.07883
539.606,1.5586,-3.079
540.602,1.55863,-3.07917
541.598,1.55867,-3.07934
542.593,1.5587,-3.07951
543.589,1.55874,-3.07968
544.584,1.55877,-3.07985
545.58,1.5588,-3.08002
546.576,1.55884,-3.08019
547.571,1.55887,-3.08035
548.567,1.5589,-3.08052
549.563,1.55894,-3.08069
550.558,1.55897,-3.08085
551.554,1.559,-3.08102
552.55,1.55904,-3.08118
553.546,1.55907,-3.08134
554.541,1.5591,-3.08151
555.537,1.55913,-3.08167
556.533,1.55916,-3.08183
557.529,1.5592,-3.08199
558.525,1.55923,-3.08215
559.521,1.55926,-3.08231
560.516,1.55929,-3.08247
561.512,1.55932,-3.08263
562.508,1.55936,-3.08279
563.504,1.55939,-3.08294
564.5,1.55942,-3.0831
565.496,1.55945,-3.08326
566.492,1.55948,-3.08341
567.488,1.55951,-3.08357
568.484,1.55954,-3.08372
569.48,1.55957,-3.08388
570.476,1.5596,-3.08403
571.472,1.55964,-3.08418
572.468,1.55967,-3.08434
573.464,1.5597,-3.08449
574.46,1.55973,-3.08464
575.456,1.55976,-3.08479
576.452,1.55979,-3.08494
577.448,1.55982,-3.08509
578.445,1.55985,-3.08524
579.441,1.55988,-3.08539
580.437,1.55991,-3.08554
581.433,1.55994,-3.08569
582.429,1.55996,-3.08584
583.425,1.55999,-3.08598
584.422,1.56002,-3.08613
585.418,1.56005,-3.08627
586.414,1.56008,-3.08642
587.41,1.56011,-3.08657
588.407,1.56014,-3.08671
589.403,1.56017,-3.08685
590.399,1.5602,-3.087
591.395,1.56023,-3.08714
592.392,1.56025,-3.08728
593.388,1.56028,-3.08742
594.384,1.56031,-3.08757
595.381,1.56034,-3.08771
596.377,1.56037,-3.08785
597.373,1.56039,-3.08799
598.37,1.56042,-3.08813
599.366,1.56045,-3.08827
600.363,1.56048,-3.08841
601.359,1.56051,-3.08854
602.355,1.56053,-3.08868
603.352,1.56056,-3.08882
604.348,1.56059,-3.08896
605.345,1.56062,-3.08909
606.341,1.56064,-3.08923
607.338,1.56067,-3.08936
608.334,1.5607,-3.0895
609.331,1.56072,-3.08963
610.327,1.56075,-3.08977
611.324,1.56078,-3.0899
612.32,1.5608,-3.09004
613.317,1.56083,-3.09017
614.313,1.56086,-3.0903
615.31,1.56088,-3.09043
616.307,1.56091,-3.09057
617.303,1.56094,-3.0907
618.3,1.56096,-3.09083
619.296,1.56099,-3.09096
620.293,1.56101,-3.09109
621.29,1.56104,-3.09122
622.286,1.56107,-3.09135
623.283,1.56109,-3.09148
624.28,1.56112,-3.0916
625.276,1.56114,-3.09173
626.273,1.56117,-3.09186
627.27,1.56119,-3.09199
628.266,1.56122,-3.09211
629.263,1.56124,-3.09224
630.26,1.56127,-3.09237
631.257,1.56129,-3.09249
632.253,1.56132,-3.09262
633.25,1.56134,-3.09274
634.247,1.56137,-3.09287
635.244,1.56139,-3.09299
636.241,1.56142,-3.09311
637.237,1.56144,-3.09324
638.234,1.56147,-3.09336
639.231,1.56149,-3.09348
640.228,1.56152,-3.0936
641.225,1.56154,-3.09372
642.222,1.56156,-3.09385
643.218,1.56159,-3.09397
644.215,1.56161,-3.09409
645.212,1.56164,-3.09421
646.209,1.56166,-3.09433
647.206,1.56168,-3.09445
648.203,1.56171,-3.09457
649.2,1.56173,-3.09468
650.197,1.56176,-3.0948
651.194,1.56178,-3.09492
652.191,1.5618,-3.09504
653.188,1.56183,-3.09516
654.185,1.56185,-3.09527
655.182,1.56187,-3.09539
656.179,1.5619,-3.09551
657.176,1.56192,-3.09562
658.173,1.56194,-3.09574
659.17,1.56197,-3.09585
660.167,1.56199,-3.09597
661.164,1.56201,-3.09608
662.161,1.56203,-3.09619
663.158,1.56206,-3.09631
664.155,1.56208,-3.09642
665.152,1.5621,-3.09653
666.149,1.56212,-3.09665
667.146,1.56215,-3.09676
668.143,1.56217,-3.09687
669.14,1.56219,-3.09698
670.137,1.56221,-3.0971
671.134,1.56224,-3.09721
672.132,1.56226,-3.09732
673.129,1.56228,-3.09743
674.126,1.5623,-3.09754
675.123,1.56232,-3.09765
676.12,1.56235,-3.09776
677.117,1.56237,-3.09787
678.115,1.56239,-3.09797
679.112,1.56241,-3.09808
680.109,1.56243,-3.09819
681.106,1.56245,-3.0983
682.103,1.56248,-3.09841
683.101,1.5625,-3.09851
684.098,1.56252,-3.09862
685.095,1.56254,-3.09873
686.092,1.56256,-3.09883
687.09,1.56258,-3.09894
688.087,1.5626,-3.09904
689.084,1.56262,-3.09915
690.081,1.56265,-3.09925
691.079,1.56267,-3.09936
692.076,1.56269,-3.09946
693.073,1.56271,-3.09957
694.071,1.56273,-3.09967
695.068,1.56275,-3.09978
696.065,1.56277,-3.09988
697.062,1.56279,-3.09998
698.06,1.56281,-3.10008
699.057,1.56283,-3.10019
700.055,1.56285,-3.10029
701.052,1.56287,-3.10039
702.049,1.56289,-3.10049
703.047,1.56291,-3.10059
704.044,1.56293,-3.10069
705.041,1.56295,-3.10079
706.039,1.56297,-3.10089
707.036,1.56299,-3.10099
708.034,1.56301,-3.10109
709.031,1.56303,-3.10119
710.028,1.56305,-3.10129
711.026,1.56307,-3.10139
712.023,1.56309,-3.10149
713.021,1.56311,-3.10159
714.018,1.56313,-3.10169
715.016,1.56315,-3.10179
716.013,1.56317,-3.10188
717.011,1.56319,-3.10198
718.008,1.56321,-3.10208
719.006,1.56323,-3.10217
720.003,1.56325,-3.10227
721.001,1.56327,-3.10237
721.998,1.56329,-3.10246
722.996,1.56331,-3.10256
723.993,1.56332,-3.10265
724.991,1.56334,-3.10275
725.988,1.56336,-3.10284
726.986,1.56338,-3.10294
727.983,1.5634,-3.10303
728.981,1.56342,-3.10313
729.979,1.56344,-3.10322
730.976,1.56346,-3.10331
731.974,1.56348,-3.10341
732.971,1.56349,-3.1035
733.969,1.56351,-3.10359
734.966,1.56353,-3.10369
735.964,1.56355,-3.10378
736.962,1.56357,-3.10387
737.959,1.56359,-3.10396
738.957,1.5636,-3.10405
739.955,1.56362,-3.10414
740.952,1.56364,-3.10424
741.95,1.56366,-3.10433
742.948,1.56368,-3.10442
743.945,1.5637,-3.10451
744.943,1.56371,-3.1046
745.94,1.56373,-3.10469
746.938,1.56375,-3.10478
747.936,1.56377,-3.10487
748.934,1.56378,-3.10496
749.931,1.5638,-3.10504
750.929,1.56382,-3.10513
751.927,1.56384,-3.10522
752.924,1.56386,-3.10531
753.922,1.56387,-3.1054
754.92,1.56389,-3.10549
755.918,1.56391,-3.10557
756.915,1.56393,-3.10566
757.913,1.56394,-3.10575
758.911,1.56396,-3.10583
759.909,1.56398,-3.10592
760.906,1.56399,-3.10601
761.904,1.56401,-3.10609
762.902,1.56403,-3.10618
763.9,1.56405,-3.10626
764.897,1.56406,-3.10635
765.895,1.56408,-3.10644
766.893,1.5641,-3.10652
767.891,1.56411,-3.10661
768.889,1.56413,-3.10669
769.886,1.56415,-3.10677
770.884,1.56416,-3.10686
771.882,1.56418,-3.10694
772.88,1.5642,-3.10703
773.878,1.56422,-3.10711
774.876,1.56423,-3.10719
775.873,1.56425,-3.10728
776.871,1.56426,-3.10736
777.869,1.56428,-3.10744
778.867,1.5643,-3.10752
779.865,1.56431,-3.10761
780.863,1.56433,-3.10769
781.861,1.56435,-3.10777
782.858,1.56436,-3.10785
783.856,1.56438,-3.10793
784.854,1.5644,-3.10801
785.852,1.56441,-3.1081
786.85,1.56443,-3.10818
787.848,1.56444,-3.10826
788.846,1.56446,-3.10834
789.844,1.56448,-3.10842
790.842,1.56449,-3.1085
791.84,1.56451,-3.10858
792.838,1.56452,-3.10866
793.836,1.56454,-3.10874
794.833,1.56456,-3.10881
795.831,1.56457,-3.10889
796.829,1.56459,-3.10897
797.827,1.5646,-3.10905
798.825,1.56462,-3.10913
799.823,1.56463,-3.10921
800.821,1.56465,-3.10929
801.819,1.56467,-3.10936
802.817,1.56468,-3.10944
803.815,1.5647,-3.10952
804.813,1.56471,-3.1096
805.811,1.56473,-3.10967
806.809,1.56474,-3.10975
807.807,1.56476,-3.10983
808.805,1.56477,-3.1099
809.803,1.56479,-3.10998
810.801,1.5648,-3.11005
811.799,1.56482,-3.11013
812.797,1.56483,-3.11021
813.795,1.56485,-3.11028
814.794,1.56486,-3.11036
815.792,1.56488,-3.11043
816.79,1.56489,-3.11051
817.788,1.56491,-3.11058
818.786,1.56492,-3.11066
819.784,1.56494,-3.11073
820.782,1.56495,-3.1108
821.78,1.56497,-3.11088
822.778,1.56498,-3.11095
823.776,1.565,-3.11103
824.774,1.56501,-3.1111
825.772,1.56503,-3.11117
826.77,1.56504,-3.11125
827.769,1.56506,-3.11132
828.767,1.56507,-3.11139
829.765,1.56509,-3.11146
830.763,1.5651,-3.11154
831.761,1.56511,-3.11161
832.759,1.56513,-3.11168
833.757,1.56514,-3.11175
834.755,1.56516,-3.11183
835.754,1.56517,-3.1119
836.752,1.56519,-3.11197
837.75,1.5652,-3.11204
838.748,1.56521,-3.11211
839.746,1.56523,-3.11218
840.744,1.56524,-3.11225
841.743,1.56526,-3.11232
842.741,1.56527,-3.11239
843.739,1.56529,-3.11246
844.737,1.5653,-3.11253
845.735,1.56531,-3.1126
846.733,1.56533,-3.11267
847.732,1.56534,-3.11274
848.73,1.56536,-3.11281
849.728,1.56537,-3.11288
850.726,1.56538,-3.11295
851.724,1.5654,-3.11302
852.723,1.56541,-3.11309
853.721,1.56542,-3.11316
854.719,1.56544,-3.11322
855.717,1.56545,-3.11329
856.716,1.56546,-3.11336
857.714,1.56548,-3.11343
858.712,1.56549,-3.1135
859.71,1.56551,-3.11356
860.709,1.56552,-3.11363
861.707,1.56553,-3.1137
862.705,1.56555,-3.11377
863.703,1.56556,-3.11383
864.702,1.56557,-3.1139
865.7,1.56559,-3.11397
866.698,1.5656,-3.11403
867.696,1.56561,-3.1141
868.695,1.56563,-3.11417
869.693,1.56564,-3.11423
870.691,1.56565,-3.1143
871.69,1.56567,-3.11436
872.688,1.56568,-3.11443
873.686,1.56569,-3.1145
874.685,1.5657,-3.11456
875.683,1.56572,-3.11463
876.681,1.56573,-3.11469
877.679,1.56574,-3.11476
878.678,1.56576,-3.11482
879.676,1.56577,-3.11489
880.674,1.56578,-3.11495
881.673,1.5658,-3.11501
882.671,1.56581,-3.11508
883.669,1.56582,-3.11514
884.668,1.56583,-3.11521
885.666,1.56585,-3.11527
886.664,1.56586,-3.11533
887.663,1.56587,-3.1154
888.661,1.56588,-3.11546
889.66,1.5659,-3.11552
890.658,1.56591,-3.11559
891.656,1.56592,-3.11565
892.655,1.56593,-3.11571
893.653,1.56595,-3.11577
894.651,1.56596,-3.11584
895.65,1.56597,-3.1159
896.648,1.56598,-3.11596
897.647,1.566,-3.11602
898.645,1.56601,-3.11609
899.643,1.56602,-3.11615
900.642,1.56603,-3.11621
901.64,1.56605,-3.11627
902.639,1.56606,-3.11633
903.637,1.56607,-3.11639
904.635,1.56608,-3.11645
905.634,1.5661,-3.11652
906.632,1.56611,-3.11658
907.631,1.56612,-3.11664
908.629,1.56613,-3.1167
909.628,1.56614,-3.11676
910.626,1.56616,-3.11682
911.624,1.56617,-3.11688
912.623,1.56618,-3.11694
913.621,1.56619,-3.117
914.62,1.5662,-3.11706
915.618,1.56622,-3.11712
916.617,1.56623,-3.11718
917.615,1.56624,-3.11724
918.614,1.56625,-3.1173
919.612,1.56626,-3.11735
920.611,1.56628,-3.11741
921.609,1.56629,-3.11747
922.607,1.5663,-3.11753
923.606,1.56631,-3.11759
924.604,1.56632,-3.11765
925.603,1.56633,-3.11771
926.601,1.56635,-3.11776
927.6,1.56636,-3.11782
928.598,1.56637,-3.11788
929.597,1.56638,-3.11794
930.595,1.56639,-3.118
931.594,1.5664,-3.11805
932.592,1.56641,-3.11811
933.591,1.56643,-3.11817
934.589,1.56644,-3.11823
935.588,1.56645,-3.11828
936.587,1.56646,-3.11834
937.585,1.56647,-3.1184
938.584,1.56648,-3.11845
939.582,1.56649,-3.11851
940.581,1.56651,-3.11857
941.579,1.56652,-3.11862
942.578,1.56653,-3.11868
943.576,1.56654,-3.11874
944.575,1.56655,-3.11879
945.573,1.56656,-3.11885
946.572,1.56657,-3.1189
947.57,1.56658,-3.11896
948.569,1.5666,-3.11901
949.568,1.56661,-3.11907
950.566,1.56662,-3.11913
951.565,1.56663,-3.11918
952.563,1.56664,-3.11924
953.562,1.56665,-3.11929
954.56,1.56666,-3.11935
955.559,1.56667,-3.1194
956.558,1.56668,-3.11945
957.556,1.56669,-3.11951
958.555,1.56671,-3.11956
959.553,1.56672,-3.11962
960.552,1.56673,-3.11967
961.551,1.56674,-3.11973
962.549,1.56675,-3.11978
963.548,1.56676,-3.11983
964.546,1.56677,-3.11989
965.545,1.56678,-3.11994
966.544,1.56679,-3.12
967.542,1.5668,-3.12005
968.541,1.56681,-3.1201
969.539,1.56682,-3.12015
970.538,1.56683,-3.12021
971.537,1.56684,-3.12026
972.535,1.56685,-3.12031
973.534,1.56687,-3.12037
974.533,1.56688,-3.12042
975.531,1.56689,-3.12047
976.53,1.5669,-3.12052
977.529,1.56691,-3.12058
978.527,1.56692,-3.12063
979.526,1.56693,-3.12068
980.524,1.56694,-3.12073
981.523,1.56695,-3.12078
982.522,1.56696,-3.12084
983.52,1.56697,-3.12089
984.519,1.56698,-3.12094
985.518,1.56699,-3.12099
986.516,1.567,-3.12104
987.515,1.56701,-3.12109
988.514,1.56702,-3.12114
989.512,1.56703,-3.1212
990.511,1.56704,-3.12125
991.51,1.56705,-3.1213
992.509,1.56706,-3.12135
993.507,1.56707,-3.1214
994.506,1.56708,-3.12145
995.505,1.56709,-3.1215
996.503,1.5671,-3.12155
997.502,1.56711,-3.1216
998.501,1.56712,-3.12165
999.499,1.56713,-3.1217
1000.5,1.56714,-3.12175
