999.002,1.57079,0.0015708
998.002,1.57078,0.0015708
997.002,1.57077,0.0015708
996.002,1.57076,0.0015708
995.002,1.57075,0.0015708
994.003,1.57074,0.00157079
993.003,1.57073,0.00157079
992.003,1.57072,0.00157079
991.003,1.57071,0.00157079
990.003,1.5707,0.00157079
989.003,1.57069,0.00157079
988.003,1.57067,0.00157079
987.003,1.57066,0.00157079
986.003,1.57065,0.00157079
985.003,1.57064,0.00157079
984.003,1.57063,0.00157079
983.003,1.57062,0.00157079
982.003,1.57061,0.00157079
981.003,1.5706,0.00157079
980.003,1.57059,0.00157079
979.003,1.57058,0.00157079
978.003,1.57057,0.00157079
977.003,1.57056,0.00157079
976.003,1.57055,0.00157079
975.004,1.57054,0.00157079
974.004,1.57053,0.00157079
973.004,1.57052,0.00157079
972.004,1.57051,0.00157079
971.004,1.5705,0.00157079
970.004,1.57049,0.00157079
969.004,1.57048,0.00157079
968.004,1.57047,0.00157079
967.004,1.57046,0.00157079
966.004,1.57044,0.00157079
965.004,1.57043,0.00157079
964.004,1.57042,0.00157079
963.004,1.57041,0.00157079
962.004,1.5704,0.00157079
961.004,1.57039,0.00157079
960.004,1.57038,0.00157079
959.004,1.57037,0.00157079
958.004,1.57036,0.00157079
957.004,1.57035,0.00157079
956.005,1.57034,0.00157079
955.005,1.57033,0.00157079
954.005,1.57031,0.00157079
953.005,1.5703,0.00157079
952.005,1.57029,0.00157079
951.005,1.57028,0.00157079
950.005,1.57027,0.00157079
949.005,1.57026,0.00157079
948.005,1.57025,0.00157079
947.005,1.57024,0.00157079
946.005,1.57023,0.00157079
945.005,1.57021,0.00157079
944.005,1.5702,0.00157079
943.005,1.57019,0.00157079
942.005,1.57018,0.00157079
941.005,1.57017,0.00157079
940.005,1.57016,0.00157079
939.005,1.57015,0.00157079
938.006,1.57014,0.00157079
937.006,1.57012,0.00157079
936.006,1.57011,0.00157079
935.006,1.5701,0.00157079
934.006,1.57009,0.00157079
933.006,1.57008,0.00157079
932.006,1.57007,0.00157079
931.006,1.57006,0.00157079
930.006,1.57004,0.00157079
929.006,1.57003,0.00157079
928.006,1.57002,0.00157079
927.006,1.57001,0.00157079
926.006,1.57,0.00157079
925.006,1.56999,0.00157079
924.006,1.56997,0.00157079
923.006,1.56996,0.00157079
922.006,1.56995,0.00157079
921.007,1.56994,0.00157079
920.007,1.56993,0.00157079
919.007,1.56991,0.00157079
918.007,1.5699,0.00157079
917.007,1.56989,0.00157079
916.007,1.56988,0.00157079
915.007,1.56987,0.00157079
914.007,1.56986,0.00157079
913.007,1.56984,0.00157079
912.007,1.56983,0.00157079
911.007,1.56982,0.00157079
910.007,1.56981,0.00157079
909.007,1.5698,0.00157078
908.007,1.56978,0.00157078
907.007,1.56977,0.00157078
906.007,1.56976,0.00157078
905.007,1.56975,0.00157078
904.008,1.56973,0.00157078
903.008,1.56972,0.00157078
902.008,1.56971,0.00157078
901.008,1.5697,0.00157078
900.008,1.56969,0.00157078
899.008,1.56967,0.00157078
898.008,1.56966,0.00157078
897.008,1.56965,0.00157078
896.008,1.56964,0.00157078
895.008,1.56962,0.00157078
894.008,1.56961,0.00157078
893.008,1.5696,0.00157078
892.008,1.56959,0.00157078
891.008,1.56957,0.00157078
890.008,1.56956,0.00157078
889.008,1.56955,0.00157078
888.009,1.56954,0.00157078
887.009,1.56952,0.00157078
886.009,1.56951,0.00157078
885.009,1.5695,0.00157078
884.009,1.56948,0.00157078
883.009,1.56947,0.00157078
882.009,1.56946,0.00157078
881.009,1.56945,0.00157078
880.009,1.56943,0.00157078
879.009,1.56942,0.00157078
878.009,1.56941,0.00157078
877.009,1.56939,0.00157078
876.009,1.56938,0.00157077
875.009,1.56937,0.00157077
874.009,1.56935,0.00157077
873.009,1.56934,0.00157077
872.01,1.56933,0.00157077
871.01,1.56932,0.00157077
870.01,1.5693,0.00157077
869.01,1.56929,0.00157077
868.01,1.56928,0.00157077
867.01,1.56926,0.00157077
866.01,1.56925,0.00157077
865.01,1.56924,0.00157077
864.01,1.56922,0.00157077
863.01,1.56921,0.00157077
862.01,1.5692,0.00157077
861.01,1.56918,0.00157077
860.01,1.56917,0.00157077
859.01,1.56915,0.00157077
858.01,1.56914,0.00157077
857.011,1.56913,0.00157077
856.011,1.56911,0.00157077
855.011,1.5691,0.00157077
854.011,1.56909,0.00157077
853.011,1.56907,0.00157077
852.011,1.56906,0.00157076
851.011,1.56905,0.00157076
850.011,1.56903,0.00157076
849.011,1.56902,0.00157076
848.011,1.569,0.00157076
847.011,1.56899,0.00157076
846.011,1.56898,0.00157076
845.011,1.56896,0.00157076
844.011,1.56895,0.00157076
843.012,1.56893,0.00157076
842.012,1.56892,0.00157076
841.012,1.56891,0.00157076
840.012,1.56889,0.00157076
839.012,1.56888,0.00157076
838.012,1.56886,0.00157076
837.012,1.56885,0.00157076
836.012,1.56883,0.00157076
835.012,1.56882,0.00157076
834.012,1.56881,0.00157076
833.012,1.56879,0.00157075
832.012,1.56878,0.00157075
831.012,1.56876,0.00157075
830.012,1.56875,0.00157075
829.013,1.56873,0.00157075
828.013,1.56872,0.00157075
827.013,1.5687,0.00157075
826.013,1.56869,0.00157075
825.013,1.56868,0.00157075
824.013,1.56866,0.00157075
823.013,1.56865,0.00157075
822.013,1.56863,0.00157075
821.013,1.56862,0.00157075
820.013,1.5686,0.00157075
819.013,1.56859,0.00157075
818.013,1.56857,0.00157075
817.013,1.56856,0.00157074
816.013,1.56854,0.00157074
815.014,1.56853,0.00157074
814.014,1.56851,0.00157074
813.014,1.5685,0.00157074
812.014,1.56848,0.00157074
811.014,1.56847,0.00157074
810.014,1.56845,0.00157074
809.014,1.56844,0.00157074
808.014,1.56842,0.00157074
807.014,1.5684,0.00157074
806.014,1.56839,0.00157074
805.014,1.56837,0.00157074
804.014,1.56836,0.00157074
803.014,1.56834,0.00157073
802.015,1.56833,0.00157073
801.015,1.56831,0.00157073
800.015,1.5683,0.00157073
799.015,1.56828,0.00157073
798.015,1.56827,0.00157073
797.015,1.56825,0.00157073
796.015,1.56823,0.00157073
795.015,1.56822,0.00157073
794.015,1.5682,0.00157073
793.015,1.56819,0.00157073
792.015,1.56817,0.00157073
791.015,1.56815,0.00157072
790.015,1.56814,0.00157072
789.016,1.56812,0.00157072
788.016,1.56811,0.00157072
787.016,1.56809,0.00157072
786.016,1.56807,0.00157072
785.016,1.56806,0.00157072
784.016,1.56804,0.00157072
783.016,1.56803,0.00157072
782.016,1.56801,0.00157072
781.016,1.56799,0.00157072
780.016,1.56798,0.00157072
779.016,1.56796,0.00157071
778.016,1.56794,0.00157071
777.017,1.56793,0.00157071
776.017,1.56791,0.00157071
775.017,1.56789,0.00157071
774.017,1.56788,0.00157071
773.017,1.56786,0.00157071
772.017,1.56784,0.00157071
771.017,1.56783,0.00157071
770.017,1.56781,0.00157071
769.017,1.56779,0.0015707
768.017,1.56778,0.0015707
767.017,1.56776,0.0015707
766.017,1.56774,0.0015707
765.018,1.56772,0.0015707
764.018,1.56771,0.0015707
763.018,1.56769,0.0015707
762.018,1.56767,0.0015707
761.018,1.56766,0.0015707
760.018,1.56764,0.00157069
759.018,1.56762,0.00157069
758.018,1.5676,0.00157069
757.018,1.56759,0.00157069
756.018,1.56757,0.00157069
755.018,1.56755,0.00157069
754.019,1.56753,0.00157069
753.019,1.56752,0.00157069
752.019,1.5675,0.00157069
751.019,1.56748,0.00157068
750.019,1.56746,0.00157068
749.019,1.56745,0.00157068
748.019,1.56743,0.00157068
747.019,1.56741,0.00157068
746.019,1.56739,0.00157068
745.019,1.56737,0.00157068
744.019,1.56736,0.00157068
743.019,1.56734,0.00157067
742.02,1.56732,0.00157067
741.02,1.5673,0.00157067
740.02,1.56728,0.00157067
739.02,1.56726,0.00157067
738.02,1.56725,0.00157067
737.02,1.56723,0.00157067
736.02,1.56721,0.00157067
735.02,1.56719,0.00157066
734.02,1.56717,0.00157066
733.02,1.56715,0.00157066
732.02,1.56714,0.00157066
731.021,1.56712,0.00157066
730.021,1.5671,0.00157066
729.021,1.56708,0.00157066
728.021,1.56706,0.00157065
727.021,1.56704,0.00157065
726.021,1.56702,0.00157065
725.021,1.567,0.00157065
724.021,1.56698,0.00157065
723.021,1.56697,0.00157065
722.021,1.56695,0.00157065
721.022,1.56693,0.00157064
720.022,1.56691,0.00157064
719.022,1.56689,0.00157064
718.022,1.56687,0.00157064
717.022,1.56685,0.00157064
716.022,1.56683,0.00157064
715.022,1.56681,0.00157064
714.022,1.56679,0.00157063
713.022,1.56677,0.00157063
712.022,1.56675,0.00157063
711.023,1.56673,0.00157063
710.023,1.56671,0.00157063
709.023,1.56669,0.00157063
708.023,1.56667,0.00157062
707.023,1.56665,0.00157062
706.023,1.56663,0.00157062
705.023,1.56661,0.00157062
704.023,1.56659,0.00157062
703.023,1.56657,0.00157062
702.023,1.56655,0.00157061
701.024,1.56653,0.00157061
700.024,1.56651,0.00157061
699.024,1.56649,0.00157061
698.024,1.56647,0.00157061
697.024,1.56645,0.00157061
696.024,1.56643,0.0015706
695.024,1.56641,0.0015706
694.024,1.56639,0.0015706
693.024,1.56637,0.0015706
692.024,1.56635,0.0015706
691.025,1.56632,0.00157059
690.025,1.5663,0.00157059
689.025,1.56628,0.00157059
688.025,1.56626,0.00157059
687.025,1.56624,0.00157059
686.025,1.56622,0.00157058
685.025,1.5662,0.00157058
684.025,1.56618,0.00157058
683.025,1.56616,0.00157058
682.025,1.56613,0.00157058
681.026,1.56611,0.00157057
680.026,1.56609,0.00157057
679.026,1.56607,0.00157057
678.026,1.56605,0.00157057
677.026,1.56603,0.00157057
676.026,1.566,0.00157056
675.026,1.56598,0.00157056
674.026,1.56596,0.00157056
673.026,1.56594,0.00157056
672.027,1.56592,0.00157056
671.027,1.56589,0.00157055
670.027,1.56587,0.00157055
669.027,1.56585,0.00157055
668.027,1.56583,0.00157055
667.027,1.5658,0.00157054
666.027,1.56578,0.00157054
665.027,1.56576,0.00157054
664.027,1.56574,0.00157054
663.028,1.56571,0.00157054
662.028,1.56569,0.00157053
661.028,1.56567,0.00157053
660.028,1.56565,0.00157053
659.028,1.56562,0.00157053
658.028,1.5656,0.00157052
657.028,1.56558,0.00157052
656.028,1.56555,0.00157052
655.028,1.56553,0.00157052
654.029,1.56551,0.00157051
653.029,1.56548,0.00157051
652.029,1.56546,0.00157051
651.029,1.56544,0.00157051
650.029,1.56541,0.0015705
649.029,1.56539,0.0015705
648.029,1.56536,0.0015705
647.029,1.56534,0.0015705
646.03,1.56532,0.00157049
645.03,1.56529,0.00157049
644.03,1.56527,0.00157049
643.03,1.56524,0.00157049
642.03,1.56522,0.00157048
641.03,1.5652,0.00157048
640.03,1.56517,0.00157048
639.03,1.56515,0.00157047
638.031,1.56512,0.00157047
637.031,1.5651,0.00157047
636.031,1.56507,0.00157047
635.031,1.56505,0.00157046
634.031,1.56502,0.00157046
633.031,1.565,0.00157046
632.031,1.56497,0.00157045
631.031,1.56495,0.00157045
630.032,1.56492,0.00157045
629.032,1.5649,0.00157045
628.032,1.56487,0.00157044
627.032,1.56485,0.00157044
626.032,1.56482,0.00157044
625.032,1.5648,0.00157043
624.032,1.56477,0.00157043
623.032,1.56475,0.00157043
622.033,1.56472,0.00157042
621.033,1.56469,0.00157042
620.033,1.56467,0.00157042
619.033,1.56464,0.00157041
618.033,1.56462,0.00157041
617.033,1.56459,0.00157041
616.033,1.56456,0.0015704
615.033,1.56454,0.0015704
614.034,1.56451,0.0015704
613.034,1.56448,0.00157039
612.034,1.56446,0.00157039
611.034,1.56443,0.00157039
610.034,1.5644,0.00157038
609.034,1.56438,0.00157038
608.034,1.56435,0.00157038
607.035,1.56432,0.00157037
606.035,1.5643,0.00157037
605.035,1.56427,0.00157037
604.035,1.56424,0.00157036
603.035,1.56421,0.00157036
602.035,1.56419,0.00157036
601.035,1.56416,0.00157035
600.035,1.56413,0.00157035
599.036,1.5641,0.00157034
598.036,1.56407,0.00157034
597.036,1.56405,0.00157034
596.036,1.56402,0.00157033
595.036,1.56399,0.00157033
594.036,1.56396,0.00157033
593.036,1.56393,0.00157032
592.037,1.56391,0.00157032
591.037,1.56388,0.00157031
590.037,1.56385,0.00157031
589.037,1.56382,0.00157031
588.037,1.56379,0.0015703
587.037,1.56376,0.0015703
586.037,1.56373,0.00157029
585.038,1.5637,0.00157029
584.038,1.56367,0.00157029
583.038,1.56364,0.00157028
582.038,1.56361,0.00157028
581.038,1.56359,0.00157027
580.038,1.56356,0.00157027
579.038,1.56353,0.00157026
578.039,1.5635,0.00157026
577.039,1.56347,0.00157026
576.039,1.56344,0.00157025
575.039,1.56341,0.00157025
574.039,1.56338,0.00157024
573.039,1.56335,0.00157024
572.04,1.56331,0.00157023
571.04,1.56328,0.00157023
570.04,1.56325,0.00157022
569.04,1.56322,0.00157022
568.04,1.56319,0.00157021
567.04,1.56316,0.00157021
566.04,1.56313,0.0015702
565.041,1.5631,0.0015702
564.041,1.56307,0.00157019
563.041,1.56304,0.00157019
562.041,1.563,0.00157018
561.041,1.56297,0.00157018
560.041,1.56294,0.00157017
559.042,1.56291,0.00157017
558.042,1.56288,0.00157016
557.042,1.56284,0.00157016
556.042,1.56281,0.00157015
555.042,1.56278,0.00157015
554.042,1.56275,0.00157014
553.043,1.56271,0.00157014
552.043,1.56268,0.00157013
551.043,1.56265,0.00157013
550.043,1.56262,0.00157012
549.043,1.56258,0.00157012
548.043,1.56255,0.00157011
547.044,1.56252,0.00157011
546.044,1.56248,0.0015701
545.044,1.56245,0.00157009
544.044,1.56241,0.00157009
543.044,1.56238,0.00157008
542.044,1.56235,0.00157008
541.045,1.56231,0.00157007
540.045,1.56228,0.00157007
539.045,1.56224,0.00157006
538.045,1.56221,0.00157005
537.045,1.56218,0.00157005
536.045,1.56214,0.00157004
535.046,1.56211,0.00157004
534.046,1.56207,0.00157003
533.046,1.56204,0.00157002
532.046,1.562,0.00157002
531.046,1.56197,0.00157001
530.046,1.56193,0.00157
529.047,1.56189,0.00157
528.047,1.56186,0.00156999
527.047,1.56182,0.00156999
526.047,1.56179,0.00156998
525.047,1.56175,0.00156997
524.048,1.56171,0.00156997
523.048,1.56168,0.00156996
522.048,1.56164,0.00156995
521.048,1.5616,0.00156995
520.048,1.56157,0.00156994
519.048,1.56153,0.00156993
518.049,1.56149,0.00156992
517.049,1.56146,0.00156992
516.049,1.56142,0.00156991
515.049,1.56138,0.0015699
514.049,1.56134,0.0015699
513.05,1.5613,0.00156989
512.05,1.56127,0.00156988
511.05,1.56123,0.00156987
510.05,1.56119,0.00156987
509.05,1.56115,0.00156986
508.051,1.56111,0.00156985
507.051,1.56107,0.00156984
506.051,1.56103,0.00156984
505.051,1.561,0.00156983
504.051,1.56096,0.00156982
503.051,1.56092,0.00156981
502.052,1.56088,0.00156981
501.052,1.56084,0.0015698
500.052,1.5608,0.00156979
499.052,1.56076,0.00156978
498.052,1.56072,0.00156977
497.053,1.56068,0.00156977
496.053,1.56064,0.00156976
495.053,1.5606,0.00156975
494.053,1.56055,0.00156974
493.053,1.56051,0.00156973
492.054,1.56047,0.00156972
491.054,1.56043,0.00156971
490.054,1.56039,0.00156971
489.054,1.56035,0.0015697
488.055,1.56031,0.00156969
487.055,1.56026,0.00156968
486.055,1.56022,0.00156967
485.055,1.56018,0.00156966
484.055,1.56014,0.00156965
483.056,1.56009,0.00156964
482.056,1.56005,0.00156963
481.056,1.56001,0.00156962
480.056,1.55996,0.00156962
479.056,1.55992,0.00156961
478.057,1.55988,0.0015696
477.057,1.55983,0.00156959
476.057,1.55979,0.00156958
475.057,1.55975,0.00156957
474.058,1.5597,0.00156956
473.058,1.55966,0.00156955
472.058,1.55961,0.00156954
471.058,1.55957,0.00156953
470.058,1.55952,0.00156952
469.059,1.55948,0.00156951
468.059,1.55943,0.0015695
467.059,1.55938,0.00156949
466.059,1.55934,0.00156948
465.06,1.55929,0.00156946
464.06,1.55925,0.00156945
463.06,1.5592,0.00156944
462.06,1.55915,0.00156943
461.06,1.55911,0.00156942
460.061,1.55906,0.00156941
459.061,1.55901,0.0015694
458.061,1.55896,0.00156939
457.061,1.55892,0.00156938
456.062,1.55887,0.00156936
455.062,1.55882,0.00156935
454.062,1.55877,0.00156934
453.062,1.55872,0.00156933
452.063,1.55867,0.00156932
451.063,1.55863,0.00156931
450.063,1.55858,0.00156929
449.063,1.55853,0.00156928
448.064,1.55848,0.00156927
447.064,1.55843,0.00156926
446.064,1.55838,0.00156924
445.064,1.55833,0.00156923
444.065,1.55828,0.00156922
443.065,1.55823,0.00156921
442.065,1.55817,0.00156919
441.065,1.55812,0.00156918
440.066,1.55807,0.00156917
439.066,1.55802,0.00156915
438.066,1.55797,0.00156914
437.066,1.55792,0.00156913
436.067,1.55786,0.00156911
435.067,1.55781,0.0015691
434.067,1.55776,0.00156909
433.067,1.5577,0.00156907
432.068,1.55765,0.00156906
431.068,1.5576,0.00156904
430.068,1.55754,0.00156903
429.069,1.55749,0.00156901
428.069,1.55743,0.001569
427.069,1.55738,0.00156898
426.069,1.55732,0.00156897
425.07,1.55727,0.00156895
424.07,1.55721,0.00156894
423.07,1.55716,0.00156892
422.07,1.5571,0.00156891
421.071,1.55705,0.00156889
420.071,1.55699,0.00156888
419.071,1.55693,0.00156886
418.072,1.55688,0.00156885
417.072,1.55682,0.00156883
416.072,1.55676,0.00156881
415.072,1.5567,0.0015688
414.073,1.55664,0.00156878
413.073,1.55659,0.00156876
412.073,1.55653,0.00156875
411.074,1.55647,0.00156873
410.074,1.55641,0.00156871
409.074,1.55635,0.0015687
408.075,1.55629,0.00156868
407.075,1.55623,0.00156866
406.075,1.55617,0.00156864
405.075,1.55611,0.00156862
404.076,1.55605,0.00156861
403.076,1.55599,0.00156859
402.076,1.55592,0.00156857
401.077,1.55586,0.00156855
400.077,1.5558,0.00156853
399.077,1.55574,0.00156851
398.078,1.55567,0.00156849
397.078,1.55561,0.00156848
396.078,1.55555,0.00156846
395.079,1.55548,0.00156844
394.079,1.55542,0.00156842
393.079,1.55535,0.0015684
392.079,1.55529,0.00156838
391.08,1.55522,0.00156836
390.08,1.55516,0.00156834
389.08,1.55509,0.00156831
388.081,1.55503,0.00156829
387.081,1.55496,0.00156827
386.081,1.55489,0.00156825
385.082,1.55483,0.00156823
384.082,1.55476,0.00156821
383.082,1.55469,0.00156819
382.083,1.55462,0.00156816
381.083,1.55455,0.00156814
380.083,1.55448,0.00156812
379.084,1.55441,0.0015681
378.084,1.55434,0.00156807
377.085,1.55427,0.00156805
376.085,1.5542,0.00156803
375.085,1.55413,0.001568
374.086,1.55406,0.00156798
373.086,1.55399,0.00156795
372.086,1.55392,0.00156793
371.087,1.55385,0.0015679
370.087,1.55377,0.00156788
369.087,1.5537,0.00156785
368.088,1.55363,0.00156783
367.088,1.55355,0.0015678
366.089,1.55348,0.00156778
365.089,1.5534,0.00156775
364.089,1.55333,0.00156772
363.09,1.55325,0.0015677
362.09,1.55318,0.00156767
361.09,1.5531,0.00156764
360.091,1.55302,0.00156762
359.091,1.55295,0.00156759
358.092,1.55287,0.00156756
357.092,1.55279,0.00156753
356.092,1.55271,0.0015675
355.093,1.55263,0.00156747
354.093,1.55255,0.00156745
353.094,1.55247,0.00156742
352.094,1.55239,0.00156739
351.094,1.55231,0.00156736
350.095,1.55223,0.00156733
349.095,1.55215,0.0015673
348.096,1.55207,0.00156726
347.096,1.55198,0.00156723
346.096,1.5519,0.0015672
345.097,1.55182,0.00156717
344.097,1.55173,0.00156714
343.098,1.55165,0.0015671
342.098,1.55156,0.00156707
341.098,1.55148,0.00156704
340.099,1.55139,0.001567
339.099,1.5513,0.00156697
338.1,1.55122,0.00156694
337.1,1.55113,0.0015669
336.101,1.55104,0.00156687
335.101,1.55095,0.00156683
334.102,1.55086,0.0015668
333.102,1.55077,0.00156676
332.102,1.55068,0.00156672
331.103,1.55059,0.00156669
330.103,1.5505,0.00156665
329.104,1.55041,0.00156661
328.104,1.55031,0.00156657
327.105,1.55022,0.00156653
326.105,1.55013,0.00156649
325.106,1.55003,0.00156646
324.106,1.54994,0.00156642
323.107,1.54984,0.00156638
322.107,1.54975,0.00156633
321.108,1.54965,0.00156629
320.108,1.54955,0.00156625
319.109,1.54945,0.00156621
318.109,1.54936,0.00156617
317.109,1.54926,0.00156612
316.11,1.54916,0.00156608
315.11,1.54906,0.00156604
314.111,1.54896,0.00156599
313.111,1.54885,0.00156595
312.112,1.54875,0.0015659
311.113,1.54865,0.00156586
310.113,1.54855,0.00156581
309.114,1.54844,0.00156576
308.114,1.54834,0.00156572
307.115,1.54823,0.00156567
306.115,1.54812,0.00156562
305.116,1.54802,0.00156557
304.116,1.54791,0.00156552
303.117,1.5478,0.00156547
302.117,1.54769,0.00156542
301.118,1.54758,0.00156537
300.118,1.54747,0.00156532
299.119,1.54736,0.00156526
298.119,1.54725,0.00156521
297.12,1.54713,0.00156516
296.121,1.54702,0.0015651
295.121,1.54691,0.00156505
294.122,1.54679,0.00156499
293.122,1.54668,0.00156494
292.123,1.54656,0.00156488
291.123,1.54644,0.00156482
290.124,1.54632,0.00156476
289.125,1.5462,0.0015647
288.125,1.54608,0.00156464
287.126,1.54596,0.00156458
286.126,1.54584,0.00156452
285.127,1.54572,0.00156446
284.128,1.54559,0.0015644
283.128,1.54547,0.00156434
282.129,1.54535,0.00156427
281.13,1.54522,0.00156421
280.13,1.54509,0.00156414
279.131,1.54496,0.00156407
278.131,1.54484,0.00156401
277.132,1.54471,0.00156394
276.133,1.54458,0.00156387
275.133,1.54444,0.0015638
274.134,1.54431,0.00156373
273.135,1.54418,0.00156366
272.135,1.54404,0.00156359
271.136,1.54391,0.00156351
270.137,1.54377,0.00156344
269.137,1.54363,0.00156336
268.138,1.54349,0.00156329
267.139,1.54336,0.00156321
266.139,1.54321,0.00156313
265.14,1.54307,0.00156305
264.141,1.54293,0.00156297
263.142,1.54279,0.00156289
262.142,1.54264,0.00156281
261.143,1.5425,0.00156273
260.144,1.54235,0.00156264
259.145,1.5422,0.00156256
258.145,1.54205,0.00156247
257.146,1.5419,0.00156238
256.147,1.54175,0.00156229
255.148,1.54159,0.0015622
254.148,1.54144,0.00156211
253.149,1.54128,0.00156202
252.15,1.54113,0.00156193
251.151,1.54097,0.00156183
250.151,1.54081,0.00156173
249.152,1.54065,0.00156164
248.153,1.54049,0.00156154
247.154,1.54033,0.00156144
246.155,1.54016,0.00156134
245.155,1.54,0.00156123
244.156,1.53983,0.00156113
243.157,1.53966,0.00156102
242.158,1.53949,0.00156092
241.159,1.53932,0.00156081
240.16,1.53915,0.0015607
239.161,1.53897,0.00156059
238.161,1.5388,0.00156047
237.162,1.53862,0.00156036
236.163,1.53844,0.00156024
235.164,1.53826,0.00156013
234.165,1.53808,0.00156001
233.166,1.5379,0.00155988
232.167,1.53771,0.00155976
231.168,1.53753,0.00155964
230.169,1.53734,0.00155951
229.17,1.53715,0.00155938
228.171,1.53696,0.00155925
227.171,1.53676,0.00155912
226.172,1.53657,0.00155898
225.173,1.53637,0.00155885
224.174,1.53617,0.00155871
223.175,1.53598,0.00155857
222.176,1.53577,0.00155843
221.177,1.53557,0.00155828
220.178,1.53536,0.00155814
219.179,1.53516,0.00155799
218.18,1.53495,0.00155784
217.182,1.53474,0.00155768
216.183,1.53452,0.00155753
215.184,1.53431,0.00155737
214.185,1.53409,0.00155721
213.186,1.53387,0.00155705
212.187,1.53365,0.00155688
211.188,1.53343,0.00155671
210.189,1.5332,0.00155654
209.19,1.53298,0.00155637
208.191,1.53275,0.00155619
207.193,1.53251,0.00155601
206.194,1.53228,0.00155583
205.195,1.53204,0.00155565
204.196,1.53181,0.00155546
203.197,1.53156,0.00155527
202.198,1.53132,0.00155507
201.2,1.53108,0.00155488
200.201,1.53083,0.00155468
199.202,1.53058,0.00155447
198.203,1.53032,0.00155427
197.205,1.53007,0.00155406
196.206,1.52981,0.00155384
195.207,1.52955,0.00155363
194.209,1.52928,0.00155341
193.21,1.52902,0.00155318
192.211,1.52875,0.00155295
191.213,1.52848,0.00155272
190.214,1.5282,0.00155248
189.215,1.52792,0.00155224
188.217,1.52764,0.001552
187.218,1.52736,0.00155175
186.22,1.52707,0.0015515
185.221,1.52678,0.00155124
184.222,1.52649,0.00155098
183.224,1.52619,0.00155071
182.225,1.52589,0.00155044
181.227,1.52559,0.00155017
180.228,1.52528,0.00154988
179.23,1.52497,0.0015496
178.231,1.52466,0.00154931
177.233,1.52435,0.00154901
176.235,1.52403,0.00154871
175.236,1.5237,0.0015484
174.238,1.52337,0.00154809
173.239,1.52304,0.00154777
172.241,1.52271,0.00154744
171.243,1.52237,0.00154711
170.244,1.52203,0.00154677
169.246,1.52168,0.00154643
168.248,1.52133,0.00154608
167.25,1.52097,0.00154572
166.251,1.52061,0.00154536
165.253,1.52025,0.00154498
164.255,1.51988,0.00154461
163.257,1.51951,0.00154422
162.259,1.51913,0.00154383
161.261,1.51875,0.00154342
160.263,1.51836,0.00154301
159.265,1.51797,0.0015426
158.266,1.51757,0.00154217
157.268,1.51717,0.00154174
156.27,1.51676,0.00154129
155.273,1.51635,0.00154084
154.275,1.51593,0.00154038
153.277,1.51551,0.0015399
152.279,1.51508,0.00153942
151.281,1.51465,0.00153893
150.283,1.51421,0.00153843
149.285,1.51376,0.00153791
148.288,1.51331,0.00153739
147.29,1.51285,0.00153685
146.292,1.51239,0.0015363
145.294,1.51192,0.00153574
144.297,1.51144,0.00153517
143.299,1.51096,0.00153459
142.302,1.51047,0.00153399
141.304,1.50997,0.00153338
140.307,1.50947,0.00153275
139.309,1.50895,0.00153211
138.312,1.50843,0.00153146
137.314,1.50791,0.00153079
136.317,1.50737,0.0015301
135.32,1.50683,0.0015294
134.322,1.50628,0.00152868
133.325,1.50572,0.00152795
132.328,1.50516,0.0015272
131.331,1.50458,0.00152643
130.333,1.504,0.00152564
129.336,1.5034,0.00152483
128.339,1.5028,0.001524
127.342,1.50219,0.00152315
126.345,1.50157,0.00152228
125.349,1.50094,0.00152139
124.352,1.50029,0.00152047
123.355,1.49964,0.00151953
122.358,1.49898,0.00151857
121.362,1.49831,0.00151758
120.365,1.49762,0.00151657
119.368,1.49693,0.00151553
118.372,1.49622,0.00151446
117.375,1.4955,0.00151336
116.379,1.49477,0.00151223
115.383,1.49402,0.00151108
114.386,1.49326,0.00150989
113.39,1.49249,0.00150866
112.394,1.49171,0.00150741
111.398,1.49091,0.00150611
110.402,1.4901,0.00150478
109.406,1.48927,0.00150342
108.41,1.48843,0.00150201
107.414,1.48757,0.00150056
106.419,1.48669,0.00149907
105.423,1.4858,0.00149753
104.428,1.48489,0.00149595
103.432,1.48397,0.00149432
102.437,1.48302,0.00149264
101.441,1.48206,0.00149091
100.446,1.48108,0.00148913
99.4512,1.48008,0.00148728
98.4562,1.47906,0.00148538
97.4613,1.47801,0.00148342
96.4666,1.47695,0.0014814
95.4719,1.47586,0.00147931
94.4773,1.47475,0.00147714
93.4829,1.47362,0.00147491
92.4886,1.47247,0.0014726
91.4944,1.47128,0.00147022
90.5003,1.47008,0.00146775
89.5063,1.46884,0.00146519
88.5125,1.46758,0.00146254
87.5189,1.46629,0.0014598
86.5253,1.46497,0.00145696
85.5319,1.46362,0.00145402
84.5387,1.46223,0.00145097
83.5457,1.46082,0.00144781
82.5528,1.45937,0.00144452
81.56,1.45788,0.00144111
80.5675,1.45636,0.00143757
79.5751,1.4548,0.00143389
78.5829,1.4532,0.00143007
77.591,1.45156,0.00142609
76.5992,1.44988,0.00142195
75.6076,1.44815,0.00141764
74.6163,1.44638,0.00141315
73.6252,1.44456,0.00140847
72.6344,1.44268,0.0014036
71.6437,1.44076,0.00139851
70.6534,1.43879,0.00139319
69.6633,1.43675,0.00138765
68.6735,1.43466,0.00138185
67.684,1.43251,0.00137578
66.6948,1.4303,0.00136944
65.706,1.42801,0.0013628
64.7174,1.42566,0.00135584
63.7293,1.42324,0.00134854
62.7414,1.42073,0.00134088
61.754,1.41815,0.00133284
60.767,1.41549,0.00132439
59.7804,1.41273,0.00131551
58.7943,1.40989,0.00130616
57.8086,1.40694,0.00129631
56.8234,1.4039,0.00128593
55.8387,1.40075,0.00127497
54.8546,1.39748,0.0012634
53.871,1.39409,0.00125117
52.8881,1.39058,0.00123823
51.9058,1.38694,0.00122453
50.9242,1.38315,0.00121
49.9432,1.37922,0.00119457
48.9631,1.37513,0.00117819
47.9837,1.37087,0.00116075
47.0052,1.36643,0.00114218
46.0276,1.36181,0.00112237
45.051,1.35698,0.00110122
44.0754,1.35194,0.00107861
43.1008,1.34667,0.00105439
42.1275,1.34116,0.00102843
41.1554,1.33539,0.00100053
40.1846,1.32934,0.000970532
39.2153,1.32299,0.000938203
38.2475,1.31631,0.000903309
37.2813,1.3093,0.000865575
36.3169,1.3019,0.000824695
35.3545,1.29411,0.000780318
34.3942,1.28587,0.000732044
33.4361,1.27717,0.000679418
32.4804,1.26795,0.000621915
31.5275,1.25817,0.000558935
30.5774,1.24778,0.000489782
29.6305,1.23673,0.00041365
28.6871,1.22495,0.000329604
27.7476,1.21236,0.000236551
26.8123,1.1989,0.000133212
25.8816,1.18446,1.80809e-05
24.9561,1.16894,-0.00011062
24.0363,1.15224,-0.000255
23.1229,1.1342,-0.000417567
22.2166,1.11469,-0.000601326
21.3184,1.09352,-0.000809879
20.4292,1.07049,-0.00104757
19.5502,1.04537,-0.00131966
18.6828,1.0179,-0.00163251
17.8285,0.987766,-0.0019939
16.9893,0.95462,-0.00241327
16.1673,0.918058,-0.00290215
15.3651,0.877617,-0.00347456
14.5858,0.832776,-0.00414746
13.8329,0.782952,-0.0049412
13.1107,0.727503,-0.0058798
12.4241,0.665748,-0.00699084
11.7786,0.596988,-0.00830462
11.1806,0.520564,-0.00985164
10.6372,0.435928,-0.0116569
10.1562,0.34275,-0.0137266
9.74536,0.241046,-0.0160084
9.41263,0.131311,-0.0181714
9.16515,0.0146308,-0.000161795
9.00884,-0.107234,0.0231102
8.94778,-0.232097,0.0205935
8.98376,-0.357362,0.0173459
9.11605,-0.480378,0.0140431
9.34141,-0.59874,0.0108893
9.65448,-0.710538,0.00799239
10.0483,-0.814481,0.0054072
10.5149,-0.909905,0.00314977
11.0462,-0.996678,0.00120933
11.6341,-1.07506,-0.000441047
12.2713,-1.14558,-0.00183581
12.951,-1.20889,-0.00301101
13.6674,-1.2657,-0.00400073
14.4153,-1.3167,-0.00483542
15.1905,-1.36257,-0.00554128
15.989,-1.4039,-0.00614035
16.808,-1.44124,-0.00665092
17.6445,-1.47506,-0.00708803
18.4965,-1.50579,-0.00746402
19.3618,-1.53378,-0.00778896
20.239,-1.55935,-0.00807109
21.1266,-1.58278,-0.00831719
22.0234,-1.60431,-0.00853282
22.9283,-1.62414,-0.00872256
23.8405,-1.64246,-0.0088902
24.7592,-1.65943,-0.00903891
25.6838,-1.67517,-0.00917132
26.6136,-1.68981,-0.00928965
27.5481,-1.70347,-0.00939574
28.4869,-1.71622,-0.00949118
29.4296,-1.72816,-0.00957731
30.3759,-1.73935,-0.00965525
31.3254,-1.74987,-0.00972598
32.2778,-1.75976,-0.00979035
33.2329,-1.76909,-0.00984908
34.1905,-1.7779,-0.00990278
35.1505,-1.78622,-0.009952
36.1125,-1.7941,-0.00999722
37.0765,-1.80158,-0.0100388
38.0422,-1.80867,-0.0100772
39.0097,-1.81541,-0.0101127
39.9787,-1.82182,-0.0101456
40.9492,-1.82794,-0.010176
41.921,-1.83376,-0.0102043
42.8941,-1.83933,-0.0102307
43.8684,-1.84464,-0.0102552
44.8438,-1.84973,-0.0102781
45.8202,-1.8546,-0.0102995
46.7976,-1.85926,-0.0103196
47.7759,-1.86373,-0.0103384
48.755,-1.86803,-0.010356
49.735,-1.87215,-0.0103726
50.7157,-1.87612,-0.0103881
51.6972,-1.87993,-0.0104028
52.6793,-1.88361,-0.0104166
53.6621,-1.88715,-0.0104297
54.6455,-1.89056,-0.010442
55.6295,-1.89385,-0.0104536
56.6141,-1.89702,-0.0104647
57.5991,-1.90009,-0.0104751
58.5847,-1.90306,-0.010485
59.5707,-1.90592,-0.0104944
60.5572,-1.90869,-0.0105033
61.5441,-1.91138,-0.0105118
62.5314,-1.91398,-0.0105199
63.5191,-1.9165,-0.0105276
64.5072,-1.91894,-0.0105349
65.4956,-1.9213,-0.0105419
66.4844,-1.9236,-0.0105485
67.4735,-1.92583,-0.0105549
68.4629,-1.928,-0.010561
69.4526,-1.9301,-0.0105668
70.4426,-1.93215,-0.0105723
71.4329,-1.93413,-0.0105776
72.4234,-1.93607,-0.0105827
73.4142,-1.93795,-0.0105876
74.4052,-1.93978,-0.0105922
75.3965,-1.94156,-0.0105967
76.388,-1.9433,-0.010601
77.3797,-1.94499,-0.0106052
78.3716,-1.94664,-0.0106091
79.3637,-1.94825,-0.0106129
80.356,-1.94982,-0.0106166
81.3485,-1.95135,-0.0106201
82.3412,-1.95284,-0.0106235
83.334,-1.9543,-0.0106268
84.327,-1.95572,-0.0106299
85.3202,-1.95711,-0.010633
86.3135,-1.95847,-0.0106359
87.307,-1.9598,-0.0106387
88.3006,-1.9611,-0.0106414
89.2944,-1.96236,-0.010644
90.2883,-1.96361,-0.0106466
91.2823,-1.96482,-0.010649
92.2765,-1.96601,-0.0106514
93.2708,-1.96717,-0.0106537
94.2652,-1.96831,-0.0106559
95.2597,-1.96942,-0.010658
96.2543,-1.97051,-0.0106601
97.2491,-1.97158,-0.0106621
98.2439,-1.97263,-0.010664
99.2389,-1.97365,-0.0106659
100.234,-1.97466,-0.0106677
101.229,-1.97564,-0.0106695
102.224,-1.97661,-0.0106712
103.22,-1.97756,-0.0106729
104.215,-1.97849,-0.0106745
105.211,-1.9794,-0.010676
106.206,-1.9803,-0.0106775
107.202,-1.98118,-0.010679
108.198,-1.98204,-0.0106804
109.193,-1.98288,-0.0106818
110.189,-1.98372,-0.0106832
111.185,-1.98453,-0.0106845
112.181,-1.98533,-0.0106857
113.177,-1.98612,-0.010687
114.174,-1.9869,-0.0106882
115.17,-1.98766,-0.0106894
116.166,-1.98841,-0.0106905
117.162,-1.98914,-0.0106916
118.159,-1.98986,-0.0106927
119.155,-1.99057,-0.0106937
120.152,-1.99127,-0.0106947
121.149,-1.99196,-0.0106957
122.145,-1.99264,-0.0106967
123.142,-1.9933,-0.0106976
124.139,-1.99395,-0.0106986
125.136,-1.9946,-0.0106994
126.132,-1.99523,-0.0107003
127.129,-1.99586,-0.0107012
128.126,-1.99647,-0.010702
129.123,-1.99708,-0.0107028
130.12,-1.99767,-0.0107036
131.117,-1.99826,-0.0107044
132.115,-1.99883,-0.0107051
133.112,-1.9994,-0.0107059
134.109,-1.99996,-0.0107066
135.106,-2.00052,-0.0107073
136.104,-2.00106,-0.0107079
137.101,-2.0016,-0.0107086
138.098,-2.00212,-0.0107093
139.096,-2.00265,-0.0107099
140.093,-2.00316,-0.0107105
141.091,-2.00366,-0.0107111
142.088,-2.00416,-0.0107117
143.086,-2.00466,-0.0107123
144.083,-2.00514,-0.0107129
145.081,-2.00562,-0.0107134
146.079,-2.00609,-0.010714
147.076,-2.00656,-0.0107145
148.074,-2.00702,-0.010715
149.072,-2.00747,-0.0107155
150.07,-2.00792,-0.010716
151.067,-2.00836,-0.0107165
152.065,-2.00879,-0.010717
153.063,-2.00922,-0.0107174
154.061,-2.00965,-0.0107179
155.059,-2.01007,-0.0107184
156.057,-2.01048,-0.0107188
157.055,-2.01089,-0.0107192
158.053,-2.01129,-0.0107196
159.051,-2.01169,-0.01072
160.049,-2.01208,-0.0107204
161.047,-2.01247,-0.0107208
162.045,-2.01285,-0.0107212
163.043,-2.01323,-0.0107216
164.041,-2.01361,-0.010722
165.04,-2.01398,-0.0107223
166.038,-2.01434,-0.0107227
167.036,-2.0147,-0.010723
168.034,-2.01506,-0.0107234
169.032,-2.01541,-0.0107237
170.031,-2.01576,-0.0107241
171.029,-2.0161,-0.0107244
172.027,-2.01644,-0.0107247
173.026,-2.01678,-0.010725
174.024,-2.01711,-0.0107253
175.022,-2.01744,-0.0107256
176.021,-2.01776,-0.0107259
177.019,-2.01809,-0.0107262
178.018,-2.0184,-0.0107265
179.016,-2.01872,-0.0107268
180.015,-2.01903,-0.010727
181.013,-2.01933,-0.0107273
182.012,-2.01964,-0.0107276
183.01,-2.01994,-0.0107278
184.009,-2.02024,-0.0107281
185.007,-2.02053,-0.0107283
186.006,-2.02082,-0.0107286
187.004,-2.02111,-0.0107288
188.003,-2.02139,-0.010729
189.001,-2.02167,-0.0107293
190,-2.02195,-0.0107295
190.999,-2.02223,-0.0107297
191.997,-2.0225,-0.01073
192.996,-2.02277,-0.0107302
193.995,-2.02304,-0.0107304
194.993,-2.0233,-0.0107306
195.992,-2.02356,-0.0107308
196.991,-2.02382,-0.010731
197.989,-2.02408,-0.0107312
198.988,-2.02433,-0.0107314
199.987,-2.02459,-0.0107316
200.986,-2.02483,-0.0107318
201.984,-2.02508,-0.010732
202.983,-2.02532,-0.0107321
203.982,-2.02557,-0.0107323
204.981,-2.02581,-0.0107325
205.98,-2.02604,-0.0107327
206.979,-2.02628,-0.0107328
207.977,-2.02651,-0.010733
208.976,-2.02674,-0.0107332
209.975,-2.02697,-0.0107333
210.974,-2.02719,-0.0107335
211.973,-2.02742,-0.0107337
212.972,-2.02764,-0.0107338
213.971,-2.02786,-0.010734
214.97,-2.02808,-0.0107341
215.969,-2.02829,-0.0107343
216.967,-2.0285,-0.0107344
217.966,-2.02872,-0.0107346
218.965,-2.02893,-0.0107347
219.964,-2.02913,-0.0107348
220.963,-2.02934,-0.010735
221.962,-2.02954,-0.0107351
222.961,-2.02975,-0.0107352
223.96,-2.02995,-0.0107354
224.959,-2.03014,-0.0107355
225.958,-2.03034,-0.0107356
226.957,-2.03054,-0.0107358
227.956,-2.03073,-0.0107359
228.955,-2.03092,-0.010736
229.954,-2.03111,-0.0107361
230.954,-2.0313,-0.0107362
231.953,-2.03149,-0.0107364
232.952,-2.03167,-0.0107365
233.951,-2.03186,-0.0107366
234.95,-2.03204,-0.0107367
235.949,-2.03222,-0.0107368
236.948,-2.0324,-0.0107369
237.947,-2.03257,-0.010737
238.946,-2.03275,-0.0107371
239.945,-2.03293,-0.0107372
240.945,-2.0331,-0.0107373
241.944,-2.03327,-0.0107374
242.943,-2.03344,-0.0107375
243.942,-2.03361,-0.0107376
244.941,-2.03378,-0.0107377
245.94,-2.03394,-0.0107378
246.94,-2.03411,-0.0107379
247.939,-2.03427,-0.010738
248.938,-2.03443,-0.0107381
249.937,-2.03459,-0.0107382
250.936,-2.03475,-0.0107383
251.936,-2.03491,-0.0107384
252.935,-2.03507,-0.0107384
253.934,-2.03522,-0.0107385
254.933,-2.03538,-0.0107386
255.932,-2.03553,-0.0107387
256.932,-2.03568,-0.0107388
257.931,-2.03583,-0.0107389
258.93,-2.03598,-0.0107389
259.929,-2.03613,-0.010739
260.929,-2.03628,-0.0107391
261.928,-2.03643,-0.0107392
262.927,-2.03657,-0.0107392
263.927,-2.03672,-0.0107393
264.926,-2.03686,-0.0107394
265.925,-2.037,-0.0107395
266.924,-2.03714,-0.0107395
267.924,-2.03728,-0.0107396
268.923,-2.03742,-0.0107397
269.922,-2.03756,-0.0107397
270.922,-2.0377,-0.0107398
271.921,-2.03783,-0.0107399
272.92,-2.03797,-0.0107399
273.92,-2.0381,-0.01074
274.919,-2.03823,-0.0107401
275.918,-2.03837,-0.0107401
276.918,-2.0385,-0.0107402
277.917,-2.03863,-0.0107403
278.916,-2.03876,-0.0107403
279.916,-2.03888,-0.0107404
280.915,-2.03901,-0.0107404
281.915,-2.03914,-0.0107405
282.914,-2.03926,-0.0107405
283.913,-2.03939,-0.0107406
284.913,-2.03951,-0.0107407
285.912,-2.03963,-0.0107407
286.911,-2.03976,-0.0107408
287.911,-2.03988,-0.0107408
288.91,-2.04,-0.0107409
289.91,-2.04012,-0.0107409
290.909,-2.04024,-0.010741
291.908,-2.04035,-0.010741
292.908,-2.04047,-0.0107411
293.907,-2.04059,-0.0107411
294.907,-2.0407,-0.0107412
295.906,-2.04082,-0.0107412
296.906,-2.04093,-0.0107413
297.905,-2.04104,-0.0107413
298.904,-2.04116,-0.0107414
299.904,-2.04127,-0.0107414
300.903,-2.04138,-0.0107415
301.903,-2.04149,-0.0107415
302.902,-2.0416,-0.0107416
303.902,-2.04171,-0.0107416
304.901,-2.04181,-0.0107417
305.901,-2.04192,-0.0107417
306.9,-2.04203,-0.0107417
307.9,-2.04213,-0.0107418
308.899,-2.04224,-0.0107418
309.899,-2.04234,-0.0107419
310.898,-2.04245,-0.0107419
311.898,-2.04255,-0.010742
312.897,-2.04265,-0.010742
313.896,-2.04276,-0.010742
314.896,-2.04286,-0.0107421
315.895,-2.04296,-0.0107421
316.895,-2.04306,-0.0107421
317.894,-2.04316,-0.0107422
318.894,-2.04325,-0.0107422
319.893,-2.04335,-0.0107423
320.893,-2.04345,-0.0107423
321.893,-2.04355,-0.0107423
322.892,-2.04364,-0.0107424
323.892,-2.04374,-0.0107424
324.891,-2.04383,-0.0107424
325.891,-2.04393,-0.0107425
326.89,-2.04402,-0.0107425
327.89,-2.04412,-0.0107425
328.889,-2.04421,-0.0107426
329.889,-2.0443,-0.0107426
330.888,-2.04439,-0.0107426
331.888,-2.04448,-0.0107427
332.887,-2.04457,-0.0107427
333.887,-2.04466,-0.0107427
334.887,-2.04475,-0.0107428
335.886,-2.04484,-0.0107428
336.886,-2.04493,-0.0107428
337.885,-2.04502,-0.0107429
338.885,-2.04511,-0.0107429
339.884,-2.04519,-0.0107429
340.884,-2.04528,-0.0107429
341.883,-2.04537,-0.010743
342.883,-2.04545,-0.010743
343.883,-2.04554,-0.010743
344.882,-2.04562,-0.0107431
345.882,-2.0457,-0.0107431
346.881,-2.04579,-0.0107431
347.881,-2.04587,-0.0107431
348.881,-2.04595,-0.0107432
349.88,-2.04603,-0.0107432
350.88,-2.04612,-0.0107432
351.879,-2.0462,-0.0107432
352.879,-2.04628,-0.0107433
353.879,-2.04636,-0.0107433
354.878,-2.04644,-0.0107433
355.878,-2.04652,-0.0107433
356.877,-2.0466,-0.0107434
357.877,-2.04667,-0.0107434
358.877,-2.04675,-0.0107434
359.876,-2.04683,-0.0107434
360.876,-2.04691,-0.0107435
361.875,-2.04698,-0.0107435
362.875,-2.04706,-0.0107435
363.875,-2.04714,-0.0107435
364.874,-2.04721,-0.0107436
365.874,-2.04729,-0.0107436
366.874,-2.04736,-0.0107436
367.873,-2.04743,-0.0107436
368.873,-2.04751,-0.0107436
369.872,-2.04758,-0.0107437
370.872,-2.04765,-0.0107437
371.872,-2.04773,-0.0107437
372.871,-2.0478,-0.0107437
373.871,-2.04787,-0.0107438
374.871,-2.04794,-0.0107438
375.87,-2.04801,-0.0107438
376.87,-2.04808,-0.0107438
377.87,-2.04815,-0.0107438
378.869,-2.04822,-0.0107438
379.869,-2.04829,-0.0107439
380.869,-2.04836,-0.0107439
381.868,-2.04843,-0.0107439
382.868,-2.0485,-0.0107439
383.867,-2.04857,-0.0107439
384.867,-2.04864,-0.010744
385.867,-2.0487,-0.010744
386.866,-2.04877,-0.010744
387.866,-2.04884,-0.010744
388.866,-2.0489,-0.010744
389.865,-2.04897,-0.010744
390.865,-2.04903,-0.0107441
391.865,-2.0491,-0.0107441
392.864,-2.04916,-0.0107441
393.864,-2.04923,-0.0107441
394.864,-2.04929,-0.0107441
395.864,-2.04936,-0.0107441
396.863,-2.04942,-0.0107442
397.863,-2.04948,-0.0107442
398.863,-2.04955,-0.0107442
399.862,-2.04961,-0.0107442
400.862,-2.04967,-0.0107442
401.862,-2.04974,-0.0107442
402.861,-2.0498,-0.0107443
403.861,-2.04986,-0.0107443
404.861,-2.04992,-0.0107443
405.86,-2.04998,-0.0107443
406.86,-2.05004,-0.0107443
407.86,-2.0501,-0.0107443
408.86,-2.05016,-0.0107443
409.859,-2.05022,-0.0107444
410.859,-2.05028,-0.0107444
411.859,-2.05034,-0.0107444
412.858,-2.0504,-0.0107444
413.858,-2.05046,-0.0107444
414.858,-2.05052,-0.0107444
415.857,-2.05057,-0.0107444
416.857,-2.05063,-0.0107445
417.857,-2.05069,-0.0107445
418.857,-2.05075,-0.0107445
419.856,-2.0508,-0.0107445
420.856,-2.05086,-0.0107445
421.856,-2.05092,-0.0107445
422.855,-2.05097,-0.0107445
423.855,-2.05103,-0.0107445
424.855,-2.05108,-0.0107446
425.855,-2.05114,-0.0107446
426.854,-2.05119,-0.0107446
427.854,-2.05125,-0.0107446
428.854,-2.0513,-0.0107446
429.854,-2.05136,-0.0107446
430.853,-2.05141,-0.0107446
431.853,-2.05146,-0.0107446
432.853,-2.05152,-0.0107446
433.852,-2.05157,-0.0107447
434.852,-2.05162,-0.0107447
435.852,-2.05168,-0.0107447
436.852,-2.05173,-0.0107447
437.851,-2.05178,-0.0107447
438.851,-2.05183,-0.0107447
439.851,-2.05189,-0.0107447
440.851,-2.05194,-0.0107447
441.85,-2.05199,-0.0107447
442.85,-2.05204,-0.0107448
443.85,-2.05209,-0.0107448
444.85,-2.05214,-0.0107448
445.849,-2.05219,-0.0107448
446.849,-2.05224,-0.0107448
447.849,-2.05229,-0.0107448
448.849,-2.05234,-0.0107448
449.848,-2.05239,-0.0107448
450.848,-2.05244,-0.0107448
451.848,-2.05249,-0.0107448
452.848,-2.05254,-0.0107449
453.847,-2.05259,-0.0107449
454.847,-2.05264,-0.0107449
455.847,-2.05268,-0.0107449
456.847,-2.05273,-0.0107449
457.846,-2.05278,-0.0107449
458.846,-2.05283,-0.0107449
459.846,-2.05288,-0.0107449
460.846,-2.05292,-0.0107449
461.845,-2.05297,-0.0107449
462.845,-2.05302,-0.0107449
463.845,-2.05306,-0.0107449
464.845,-2.05311,-0.010745
465.845,-2.05316,-0.010745
466.844,-2.0532,-0.010745
467.844,-2.05325,-0.010745
468.844,-2.05329,-0.010745
469.844,-2.05334,-0.010745
470.843,-2.05338,-0.010745
471.843,-2.05343,-0.010745
472.843,-2.05347,-0.010745
473.843,-2.05352,-0.010745
474.843,-2.05356,-0.010745
475.842,-2.05361,-0.010745
476.842,-2.05365,-0.010745
477.842,-2.0537,-0.0107451
478.842,-2.05374,-0.0107451
479.841,-2.05378,-0.0107451
480.841,-2.05383,-0.0107451
481.841,-2.05387,-0.0107451
482.841,-2.05391,-0.0107451
483.841,-2.05395,-0.0107451
484.84,-2.054,-0.0107451
485.84,-2.05404,-0.0107451
486.84,-2.05408,-0.0107451
487.84,-2.05412,-0.0107451
488.84,-2.05417,-0.0107451
489.839,-2.05421,-0.0107451
490.839,-2.05425,-0.0107451
491.839,-2.05429,-0.0107452
492.839,-2.05433,-0.0107452
493.838,-2.05437,-0.0107452
494.838,-2.05441,-0.0107452
495.838,-2.05446,-0.0107452
496.838,-2.0545,-0.0107452
497.838,-2.05454,-0.0107452
498.837,-2.05458,-0.0107452
499.837,-2.05462,-0.0107452
500.837,-2.05466,-0.0107452
501.837,-2.0547,-0.0107452
502.837,-2.05474,-0.0107452
503.836,-2.05478,-0.0107452
504.836,-2.05482,-0.0107452
505.836,-2.05485,-0.0107452
506.836,-2.05489,-0.0107452
507.836,-2.05493,-0.0107452
508.835,-2.05497,-0.0107452
509.835,-2.05501,-0.0107453
510.835,-2.05505,-0.0107453
511.835,-2.05509,-0.0107453
512.835,-2.05512,-0.0107453
513.835,-2.05516,-0.0107453
514.834,-2.0552,-0.0107453
515.834,-2.05524,-0.0107453
516.834,-2.05528,-0.0107453
517.834,-2.05531,-0.0107453
518.834,-2.05535,-0.0107453
519.833,-2.05539,-0.0107453
520.833,-2.05542,-0.0107453
521.833,-2.05546,-0.0107453
522.833,-2.0555,-0.0107453
523.833,-2.05553,-0.0107453
524.832,-2.05557,-0.0107453
525.832,-2.05561,-0.0107453
526.832,-2.05564,-0.0107453
527.832,-2.05568,-0.0107453
528.832,-2.05571,-0.0107453
529.832,-2.05575,-0.0107454
530.831,-2.05579,-0.0107454
531.831,-2.05582,-0.0107454
532.831,-2.05586,-0.0107454
533.831,-2.05589,-0.0107454
534.831,-2.05593,-0.0107454
535.831,-2.05596,-0.0107454
536.83,-2.056,-0.0107454
537.83,-2.05603,-0.0107454
538.83,-2.05607,-0.0107454
539.83,-2.0561,-0.0107454
540.83,-2.05613,-0.0107454
541.83,-2.05617,-0.0107454
542.829,-2.0562,-0.0107454
543.829,-2.05624,-0.0107454
544.829,-2.05627,-0.0107454
545.829,-2.0563,-0.0107454
546.829,-2.05634,-0.0107454
547.828,-2.05637,-0.0107454
548.828,-2.0564,-0.0107454
549.828,-2.05644,-0.0107454
550.828,-2.05647,-0.0107454
551.828,-2.0565,-0.0107454
552.828,-2.05654,-0.0107454
553.828,-2.05657,-0.0107454
554.827,-2.0566,-0.0107454
555.827,-2.05663,-0.0107455
556.827,-2.05667,-0.0107455
557.827,-2.0567,-0.0107455
558.827,-2.05673,-0.0107455
559.827,-2.05676,-0.0107455
560.826,-2.05679,-0.0107455
561.826,-2.05683,-0.0107455
562.826,-2.05686,-0.0107455
563.826,-2.05689,-0.0107455
564.826,-2.05692,-0.0107455
565.826,-2.05695,-0.0107455
566.825,-2.05698,-0.0107455
567.825,-2.05701,-0.0107455
568.825,-2.05704,-0.0107455
569.825,-2.05708,-0.0107455
570.825,-2.05711,-0.0107455
571.825,-2.05714,-0.0107455
572.825,-2.05717,-0.0107455
573.824,-2.0572,-0.0107455
574.824,-2.05723,-0.0107455
575.824,-2.05726,-0.0107455
576.824,-2.05729,-0.0107455
577.824,-2.05732,-0.0107455
578.824,-2.05735,-0.0107455
579.823,-2.05738,-0.0107455
580.823,-2.05741,-0.0107455
581.823,-2.05744,-0.0107455
582.823,-2.05747,-0.0107455
583.823,-2.0575,-0.0107455
584.823,-2.05753,-0.0107455
585.823,-2.05756,-0.0107455
586.822,-2.05758,-0.0107455
587.822,-2.05761,-0.0107455
588.822,-2.05764,-0.0107455
589.822,-2.05767,-0.0107455
590.822,-2.0577,-0.0107456
591.822,-2.05773,-0.0107456
592.822,-2.05776,-0.0107456
593.821,-2.05779,-0.0107456
594.821,-2.05781,-0.0107456
595.821,-2.05784,-0.0107456
596.821,-2.05787,-0.0107456
597.821,-2.0579,-0.0107456
598.821,-2.05793,-0.0107456
599.821,-2.05795,-0.0107456
600.82,-2.05798,-0.0107456
601.82,-2.05801,-0.0107456
602.82,-2.05804,-0.0107456
603.82,-2.05806,-0.0107456
604.82,-2.05809,-0.0107456
605.82,-2.05812,-0.0107456
606.82,-2.05815,-0.0107456
607.819,-2.05817,-0.0107456
608.819,-2.0582,-0.0107456
609.819,-2.05823,-0.0107456
610.819,-2.05825,-0.0107456
611.819,-2.05828,-0.0107456
612.819,-2.05831,-0.0107456
613.819,-2.05833,-0.0107456
614.819,-2.05836,-0.0107456
615.818,-2.05839,-0.0107456
616.818,-2.05841,-0.0107456
617.818,-2.05844,-0.0107456
618.818,-2.05847,-0.0107456
619.818,-2.05849,-0.0107456
620.818,-2.05852,-0.0107456
621.818,-2.05854,-0.0107456
622.817,-2.05857,-0.0107456
623.817,-2.0586,-0.0107456
624.817,-2.05862,-0.0107456
625.817,-2.05865,-0.0107456
626.817,-2.05867,-0.0107456
627.817,-2.0587,-0.0107456
628.817,-2.05872,-0.0107456
629.817,-2.05875,-0.0107456
630.816,-2.05877,-0.0107456
631.816,-2.0588,-0.0107456
632.816,-2.05882,-0.0107456
633.816,-2.05885,-0.0107456
634.816,-2.05887,-0.0107456
635.816,-2.0589,-0.0107456
636.816,-2.05892,-0.0107456
637.816,-2.05895,-0.0107456
638.815,-2.05897,-0.0107456
639.815,-2.059,-0.0107456
640.815,-2.05902,-0.0107456
641.815,-2.05905,-0.0107456
642.815,-2.05907,-0.0107456
643.815,-2.05909,-0.0107456
644.815,-2.05912,-0.0107456
645.815,-2.05914,-0.0107457
646.815,-2.05917,-0.0107457
647.814,-2.05919,-0.0107457
648.814,-2.05921,-0.0107457
649.814,-2.05924,-0.0107457
650.814,-2.05926,-0.0107457
651.814,-2.05928,-0.0107457
652.814,-2.05931,-0.0107457
653.814,-2.05933,-0.0107457
654.814,-2.05936,-0.0107457
655.813,-2.05938,-0.0107457
656.813,-2.0594,-0.0107457
657.813,-2.05942,-0.0107457
658.813,-2.05945,-0.0107457
659.813,-2.05947,-0.0107457
660.813,-2.05949,-0.0107457
661.813,-2.05952,-0.0107457
662.813,-2.05954,-0.0107457
663.813,-2.05956,-0.0107457
664.812,-2.05959,-0.0107457
665.812,-2.05961,-0.0107457
666.812,-2.05963,-0.0107457
667.812,-2.05965,-0.0107457
668.812,-2.05968,-0.0107457
669.812,-2.0597,-0.0107457
670.812,-2.05972,-0.0107457
671.812,-2.05974,-0.0107457
672.812,-2.05976,-0.0107457
673.811,-2.05979,-0.0107457
674.811,-2.05981,-0.0107457
675.811,-2.05983,-0.0107457
676.811,-2.05985,-0.0107457
677.811,-2.05987,-0.0107457
678.811,-2.0599,-0.0107457
679.811,-2.05992,-0.0107457
680.811,-2.05994,-0.0107457
681.811,-2.05996,-0.0107457
682.81,-2.05998,-0.0107457
683.81,-2.06,-0.0107457
684.81,-2.06002,-0.0107457
685.81,-2.06005,-0.0107457
686.81,-2.06007,-0.0107457
687.81,-2.06009,-0.0107457
688.81,-2.06011,-0.0107457
689.81,-2.06013,-0.0107457
690.81,-2.06015,-0.0107457
691.809,-2.06017,-0.0107457
692.809,-2.06019,-0.0107457
693.809,-2.06021,-0.0107457
694.809,-2.06023,-0.0107457
695.809,-2.06026,-0.0107457
696.809,-2.06028,-0.0107457
697.809,-2.0603,-0.0107457
698.809,-2.06032,-0.0107457
699.809,-2.06034,-0.0107457
700.809,-2.06036,-0.0107457
701.808,-2.06038,-0.0107457
702.808,-2.0604,-0.0107457
703.808,-2.06042,-0.0107457
704.808,-2.06044,-0.0107457
705.808,-2.06046,-0.0107457
706.808,-2.06048,-0.0107457
707.808,-2.0605,-0.0107457
708.808,-2.06052,-0.0107457
709.808,-2.06054,-0.0107457
710.808,-2.06056,-0.0107457
711.807,-2.06058,-0.0107457
712.807,-2.0606,-0.0107457
713.807,-2.06062,-0.0107457
714.807,-2.06064,-0.0107457
715.807,-2.06066,-0.0107457
716.807,-2.06068,-0.0107457
717.807,-2.0607,-0.0107457
718.807,-2.06072,-0.0107457
719.807,-2.06074,-0.0107457
720.807,-2.06075,-0.0107457
721.806,-2.06077,-0.0107457
722.806,-2.06079,-0.0107457
723.806,-2.06081,-0.0107457
724.806,-2.06083,-0.0107457
725.806,-2.06085,-0.0107457
726.806,-2.06087,-0.0107457
727.806,-2.06089,-0.0107457
728.806,-2.06091,-0.0107457
729.806,-2.06093,-0.0107457
730.806,-2.06094,-0.0107457
731.806,-2.06096,-0.0107457
732.805,-2.06098,-0.0107457
733.805,-2.061,-0.0107457
734.805,-2.06102,-0.0107457
735.805,-2.06104,-0.0107457
736.805,-2.06106,-0.0107457
737.805,-2.06107,-0.0107457
738.805,-2.06109,-0.0107457
739.805,-2.06111,-0.0107457
740.805,-2.06113,-0.0107457
741.805,-2.06115,-0.0107457
742.805,-2.06117,-0.0107457
743.804,-2.06118,-0.0107457
744.804,-2.0612,-0.0107457
745.804,-2.06122,-0.0107457
746.804,-2.06124,-0.0107457
747.804,-2.06126,-0.0107457
748.804,-2.06127,-0.0107457
749.804,-2.06129,-0.0107457
750.804,-2.06131,-0.0107457
751.804,-2.06133,-0.0107457
752.804,-2.06134,-0.0107457
753.804,-2.06136,-0.0107457
754.803,-2.06138,-0.0107457
755.803,-2.0614,-0.0107457
756.803,-2.06141,-0.0107457
757.803,-2.06143,-0.0107457
758.803,-2.06145,-0.0107457
759.803,-2.06147,-0.0107457
760.803,-2.06148,-0.0107457
761.803,-2.0615,-0.0107457
762.803,-2.06152,-0.0107457
763.803,-2.06154,-0.0107457
764.803,-2.06155,-0.0107457
765.802,-2.06157,-0.0107457
766.802,-2.06159,-0.0107457
767.802,-2.0616,-0.0107457
768.802,-2.06162,-0.0107457
769.802,-2.06164,-0.0107457
770.802,-2.06165,-0.0107457
771.802,-2.06167,-0.0107457
772.802,-2.06169,-0.0107457
773.802,-2.06171,-0.0107457
774.802,-2.06172,-0.0107457
775.802,-2.06174,-0.0107457
776.802,-2.06176,-0.0107457
777.801,-2.06177,-0.0107457
778.801,-2.06179,-0.0107457
779.801,-2.0618,-0.0107457
780.801,-2.06182,-0.0107457
781.801,-2.06184,-0.0107457
782.801,-2.06185,-0.0107457
783.801,-2.06187,-0.0107457
784.801,-2.06189,-0.0107457
785.801,-2.0619,-0.0107457
786.801,-2.06192,-0.0107457
787.801,-2.06193,-0.0107457
788.801,-2.06195,-0.0107457
789.8,-2.06197,-0.0107457
790.8,-2.06198,-0.0107457
791.8,-2.062,-0.0107457
792.8,-2.06202,-0.0107457
793.8,-2.06203,-0.0107457
794.8,-2.06205,-0.0107457
795.8,-2.06206,-0.0107457
796.8,-2.06208,-0.0107457
797.8,-2.06209,-0.0107457
798.8,-2.06211,-0.0107457
799.8,-2.06213,-0.0107457
800.8,-2.06214,-0.0107457
801.8,-2.06216,-0.0107457
802.799,-2.06217,-0.0107457
803.799,-2.06219,-0.0107457
804.799,-2.0622,-0.0107457
805.799,-2.06222,-0.0107457
806.799,-2.06223,-0.0107457
807.799,-2.06225,-0.0107457
808.799,-2.06226,-0.0107457
809.799,-2.06228,-0.0107457
810.799,-2.0623,-0.0107457
811.799,-2.06231,-0.0107457
812.799,-2.06233,-0.0107457
813.799,-2.06234,-0.0107457
814.799,-2.06236,-0.0107457
815.798,-2.06237,-0.0107457
816.798,-2.06239,-0.0107457
817.798,-2.0624,-0.0107457
818.798,-2.06242,-0.0107457
819.798,-2.06243,-0.0107457
820.798,-2.06245,-0.0107457
821.798,-2.06246,-0.0107457
822.798,-2.06248,-0.0107457
823.798,-2.06249,-0.0107457
824.798,-2.0625,-0.0107457
825.798,-2.06252,-0.0107457
826.798,-2.06253,-0.0107457
827.798,-2.06255,-0.0107457
828.798,-2.06256,-0.0107457
829.797,-2.06258,-0.0107457
830.797,-2.06259,-0.0107457
831.797,-2.06261,-0.0107457
832.797,-2.06262,-0.0107457
833.797,-2.06264,-0.0107457
834.797,-2.06265,-0.0107457
835.797,-2.06266,-0.0107457
836.797,-2.06268,-0.0107457
837.797,-2.06269,-0.0107457
838.797,-2.06271,-0.0107457
839.797,-2.06272,-0.0107457
840.797,-2.06274,-0.0107457
841.797,-2.06275,-0.0107457
842.797,-2.06276,-0.0107457
843.796,-2.06278,-0.0107457
844.796,-2.06279,-0.0107457
845.796,-2.06281,-0.0107457
846.796,-2.06282,-0.0107457
847.796,-2.06283,-0.0107457
848.796,-2.06285,-0.0107457
849.796,-2.06286,-0.0107457
850.796,-2.06288,-0.0107457
851.796,-2.06289,-0.0107457
852.796,-2.0629,-0.0107457
853.796,-2.06292,-0.0107457
854.796,-2.06293,-0.0107457
855.796,-2.06294,-0.0107457
856.796,-2.06296,-0.0107457
857.795,-2.06297,-0.0107457
858.795,-2.06298,-0.0107457
859.795,-2.063,-0.0107457
860.795,-2.06301,-0.0107457
861.795,-2.06303,-0.0107457
862.795,-2.06304,-0.0107457
863.795,-2.06305,-0.0107457
864.795,-2.06307,-0.0107457
865.795,-2.06308,-0.0107457
866.795,-2.06309,-0.0107457
867.795,-2.06311,-0.0107457
868.795,-2.06312,-0.0107457
869.795,-2.06313,-0.0107457
870.795,-2.06315,-0.0107457
871.795,-2.06316,-0.0107457
872.794,-2.06317,-0.0107457
873.794,-2.06318,-0.0107457
874.794,-2.0632,-0.0107457
875.794,-2.06321,-0.0107457
876.794,-2.06322,-0.0107457
877.794,-2.06324,-0.0107457
878.794,-2.06325,-0.0107457
879.794,-2.06326,-0.0107457
880.794,-2.06328,-0.0107457
881.794,-2.06329,-0.0107457
882.794,-2.0633,-0.0107457
883.794,-2.06331,-0.0107457
884.794,-2.06333,-0.0107457
885.794,-2.06334,-0.0107457
886.794,-2.06335,-0.0107457
887.793,-2.06337,-0.0107457
888.793,-2.06338,-0.0107457
889.793,-2.06339,-0.0107457
890.793,-2.0634,-0.0107457
891.793,-2.06342,-0.0107457
892.793,-2.06343,-0.0107457
893.793,-2.06344,-0.0107457
894.793,-2.06345,-0.0107457
895.793,-2.06347,-0.0107457
896.793,-2.06348,-0.0107457
897.793,-2.06349,-0.0107457
898.793,-2.0635,-0.0107457
899.793,-2.06352,-0.0107457
900.793,-2.06353,-0.0107457
901.793,-2.06354,-0.0107457
902.793,-2.06355,-0.0107457
903.792,-2.06357,-0.0107457
904.792,-2.06358,-0.0107457
905.792,-2.06359,-0.0107457
906.792,-2.0636,-0.0107457
907.792,-2.06361,-0.0107457
908.792,-2.06363,-0.0107457
909.792,-2.06364,-0.0107457
910.792,-2.06365,-0.0107457
911.792,-2.06366,-0.0107457
912.792,-2.06367,-0.0107457
913.792,-2.06369,-0.0107457
914.792,-2.0637,-0.0107457
915.792,-2.06371,-0.0107457
916.792,-2.06372,-0.0107457
917.792,-2.06373,-0.0107457
918.792,-2.06375,-0.0107457
919.792,-2.06376,-0.0107457
920.791,-2.06377,-0.0107457
921.791,-2.06378,-0.0107457
922.791,-2.06379,-0.0107457
923.791,-2.0638,-0.0107457
924.791,-2.06382,-0.0107457
925.791,-2.06383,-0.0107457
926.791,-2.06384,-0.0107457
927.791,-2.06385,-0.0107457
928.791,-2.06386,-0.0107457
929.791,-2.06387,-0.0107457
930.791,-2.06389,-0.0107457
931.791,-2.0639,-0.0107457
932.791,-2.06391,-0.0107457
933.791,-2.06392,-0.0107457
934.791,-2.06393,-0.0107457
935.791,-2.06394,-0.0107457
936.791,-2.06396,-0.0107457
937.79,-2.06397,-0.0107457
938.79,-2.06398,-0.0107457
939.79,-2.06399,-0.0107457
940.79,-2.064,-0.0107457
941.79,-2.06401,-0.0107457
942.79,-2.06402,-0.0107457
943.79,-2.06403,-0.0107457
944.79,-2.06405,-0.0107457
945.79,-2.06406,-0.0107457
946.79,-2.06407,-0.0107457
947.79,-2.06408,-0.0107457
948.79,-2.06409,-0.0107457
949.79,-2.0641,-0.0107457
950.79,-2.06411,-0.0107457
951.79,-2.06412,-0.0107457
952.79,-2.06413,-0.0107457
953.79,-2.06415,-0.0107457
954.79,-2.06416,-0.0107457
955.789,-2.06417,-0.0107457
956.789,-2.06418,-0.0107457
957.789,-2.06419,-0.0107457
958.789,-2.0642,-0.0107457
959.789,-2.06421,-0.0107457
960.789,-2.06422,-0.0107457
961.789,-2.06423,-0.0107457
962.789,-2.06424,-0.0107457
963.789,-2.06425,-0.0107457
964.789,-2.06427,-0.0107457
965.789,-2.06428,-0.0107457
966.789,-2.06429,-0.0107457
967.789,-2.0643,-0.0107457
968.789,-2.06431,-0.0107457
969.789,-2.06432,-0.0107457
970.789,-2.06433,-0.0107457
971.789,-2.06434,-0.0107457
972.789,-2.06435,-0.0107457
973.789,-2.06436,-0.0107457
974.788,-2.06437,-0.0107457
975.788,-2.06438,-0.0107457
976.788,-2.06439,-0.0107457
977.788,-2.0644,-0.0107457
978.788,-2.06441,-0.0107457
979.788,-2.06442,-0.0107457
980.788,-2.06443,-0.0107456
981.788,-2.06444,-0.0107456
982.788,-2.06446,-0.0107456
983.788,-2.06447,-0.0107456
984.788,-2.06448,-0.0107456
985.788,-2.06449,-0.0107456
986.788,-2.0645,-0.0107456
987.788,-2.06451,-0.0107456
988.788,-2.06452,-0.0107456
989.788,-2.06453,-0.0107456
990.788,-2.06454,-0.0107456
991.788,-2.06455,-0.0107456
992.788,-2.06456,-0.0107456
993.787,-2.06457,-0.0107456
994.787,-2.06458,-0.0107456
995.787,-2.06459,-0.0107456
996.787,-2.0646,-0.0107456
997.787,-2.06461,-0.0107456
