999.01,1.57079,0.0014712
998.015,1.57078,0.0013714
997.02,1.57077,0.0012714
996.025,1.57076,0.00117121
995.03,1.57075,0.00107081
994.035,1.57074,0.000970212
993.04,1.57073,0.000869412
992.046,1.57072,0.000768411
991.051,1.57071,0.000667207
990.056,1.5707,0.000565799
989.061,1.57069,0.000464187
988.066,1.57068,0.000362371
987.071,1.57067,0.000260349
986.076,1.57066,0.000158122
985.081,1.57064,5.5688e-05
984.087,1.57063,-4.69531e-05
983.092,1.57062,-0.000149802
982.097,1.57061,-0.000252859
981.102,1.5706,-0.000356125
980.107,1.57059,-0.000459601
979.113,1.57058,-0.000563287
978.118,1.57057,-0.000667184
977.123,1.57056,-0.000771292
976.128,1.57055,-0.000875613
975.133,1.57054,-0.000980147
974.139,1.57053,-0.00108489
973.144,1.57052,-0.00118985
972.149,1.57051,-0.00129503
971.155,1.5705,-0.00140042
970.16,1.57049,-0.00150603
969.165,1.57048,-0.00161185
968.171,1.57047,-0.0017179
967.176,1.57046,-0.00182416
966.181,1.57045,-0.00193063
965.187,1.57044,-0.00203733
964.192,1.57042,-0.00214425
963.197,1.57041,-0.00225139
962.203,1.5704,-0.00235875
961.208,1.57039,-0.00246633
960.214,1.57038,-0.00257414
959.219,1.57037,-0.00268217
958.225,1.57036,-0.00279042
957.23,1.57035,-0.0028989
956.235,1.57034,-0.0030076
955.241,1.57033,-0.00311653
954.246,1.57032,-0.00322569
953.252,1.57031,-0.00333508
952.257,1.57029,-0.00344469
951.263,1.57028,-0.00355453
950.268,1.57027,-0.00366461
949.274,1.57026,-0.00377491
948.28,1.57025,-0.00388545
947.285,1.57024,-0.00399621
946.291,1.57023,-0.00410721
945.296,1.57022,-0.00421845
944.302,1.57021,-0.00432991
943.308,1.5702,-0.00444162
942.313,1.57018,-0.00455355
941.319,1.57017,-0.00466573
940.324,1.57016,-0.00477814
939.33,1.57015,-0.00489079
938.336,1.57014,-0.00500368
937.341,1.57013,-0.00511681
936.347,1.57012,-0.00523018
935.353,1.5701,-0.00534379
934.359,1.57009,-0.00545764
933.364,1.57008,-0.00557173
932.37,1.57007,-0.00568607
931.376,1.57006,-0.00580065
930.382,1.57005,-0.00591548
929.387,1.57004,-0.00603055
928.393,1.57002,-0.00614587
927.399,1.57001,-0.00626143
926.405,1.57,-0.00637725
925.411,1.56999,-0.00649331
924.417,1.56998,-0.00660962
923.422,1.56997,-0.00672618
922.428,1.56995,-0.006843
921.434,1.56994,-0.00696006
920.44,1.56993,-0.00707738
919.446,1.56992,-0.00719496
918.452,1.56991,-0.00731278
917.458,1.5699,-0.00743087
916.464,1.56988,-0.0075492
915.47,1.56987,-0.0076678
914.476,1.56986,-0.00778665
913.482,1.56985,-0.00790577
912.488,1.56984,-0.00802514
911.494,1.56982,-0.00814477
910.5,1.56981,-0.00826466
909.506,1.5698,-0.00838482
908.512,1.56979,-0.00850524
907.518,1.56978,-0.00862592
906.524,1.56976,-0.00874687
905.53,1.56975,-0.00886808
904.536,1.56974,-0.00898956
903.542,1.56973,-0.0091113
902.548,1.56972,-0.00923332
901.555,1.5697,-0.0093556
900.561,1.56969,-0.00947815
899.567,1.56968,-0.00960098
898.573,1.56967,-0.00972407
897.579,1.56965,-0.00984744
896.586,1.56964,-0.00997108
895.592,1.56963,-0.010095
894.598,1.56962,-0.0102192
893.604,1.5696,-0.0103437
892.611,1.56959,-0.0104684
891.617,1.56958,-0.0105934
890.623,1.56957,-0.0107187
889.63,1.56955,-0.0108443
888.636,1.56954,-0.0109702
887.642,1.56953,-0.0110963
886.649,1.56952,-0.0112227
885.655,1.5695,-0.0113494
884.661,1.56949,-0.0114764
883.668,1.56948,-0.0116037
882.674,1.56947,-0.0117313
881.681,1.56945,-0.0118591
880.687,1.56944,-0.0119873
879.693,1.56943,-0.0121157
878.7,1.56941,-0.0122444
877.706,1.5694,-0.0123735
876.713,1.56939,-0.0125028
875.719,1.56938,-0.0126324
874.726,1.56936,-0.0127623
873.733,1.56935,-0.0128925
872.739,1.56934,-0.0130229
871.746,1.56932,-0.0131537
870.752,1.56931,-0.0132848
869.759,1.5693,-0.0134162
868.765,1.56928,-0.0135479
867.772,1.56927,-0.0136799
866.779,1.56926,-0.0138121
865.785,1.56924,-0.0139447
864.792,1.56923,-0.0140776
863.799,1.56922,-0.0142108
862.806,1.5692,-0.0143443
861.812,1.56919,-0.0144782
860.819,1.56918,-0.0146123
859.826,1.56916,-0.0147467
858.833,1.56915,-0.0148815
857.839,1.56914,-0.0150165
856.846,1.56912,-0.0151519
855.853,1.56911,-0.0152876
854.86,1.5691,-0.0154236
853.867,1.56908,-0.0155599
852.874,1.56907,-0.0156965
851.88,1.56906,-0.0158335
850.887,1.56904,-0.0159707
849.894,1.56903,-0.0161083
848.901,1.56901,-0.0162462
847.908,1.569,-0.0163845
846.915,1.56899,-0.016523
845.922,1.56897,-0.0166619
844.929,1.56896,-0.0168011
843.936,1.56895,-0.0169407
842.943,1.56893,-0.0170805
841.95,1.56892,-0.0172207
840.957,1.5689,-0.0173613
839.964,1.56889,-0.0175021
838.971,1.56888,-0.0176433
837.979,1.56886,-0.0177849
836.986,1.56885,-0.0179267
835.993,1.56883,-0.0180689
835,1.56882,-0.0182115
834.007,1.5688,-0.0183544
833.014,1.56879,-0.0184976
832.022,1.56878,-0.0186411
831.029,1.56876,-0.0187851
830.036,1.56875,-0.0189293
829.043,1.56873,-0.0190739
828.051,1.56872,-0.0192188
827.058,1.5687,-0.0193641
826.065,1.56869,-0.0195098
825.073,1.56867,-0.0196558
824.08,1.56866,-0.0198021
823.087,1.56864,-0.0199488
822.095,1.56863,-0.0200959
821.102,1.56862,-0.0202433
820.11,1.5686,-0.020391
819.117,1.56859,-0.0205391
818.125,1.56857,-0.0206876
817.132,1.56856,-0.0208365
816.14,1.56854,-0.0209857
815.147,1.56853,-0.0211352
814.155,1.56851,-0.0212852
813.162,1.5685,-0.0214355
812.17,1.56848,-0.0215861
811.177,1.56847,-0.0217372
810.185,1.56845,-0.0218886
809.193,1.56844,-0.0220403
808.2,1.56842,-0.0221925
807.208,1.5684,-0.022345
806.216,1.56839,-0.0224979
805.223,1.56837,-0.0226512
804.231,1.56836,-0.0228048
803.239,1.56834,-0.0229588
802.247,1.56833,-0.0231133
801.254,1.56831,-0.0232681
800.262,1.5683,-0.0234232
799.27,1.56828,-0.0235788
798.278,1.56827,-0.0237347
797.286,1.56825,-0.0238911
796.294,1.56823,-0.0240478
795.302,1.56822,-0.0242049
794.31,1.5682,-0.0243624
793.318,1.56819,-0.0245203
792.325,1.56817,-0.0246786
791.333,1.56816,-0.0248373
790.341,1.56814,-0.0249964
789.349,1.56812,-0.0251559
788.358,1.56811,-0.0253158
787.366,1.56809,-0.0254761
786.374,1.56808,-0.0256368
785.382,1.56806,-0.0257979
784.39,1.56804,-0.0259595
783.398,1.56803,-0.0261214
782.406,1.56801,-0.0262837
781.414,1.56799,-0.0264465
780.423,1.56798,-0.0266096
779.431,1.56796,-0.0267732
778.439,1.56795,-0.0269372
777.447,1.56793,-0.0271016
776.456,1.56791,-0.0272665
775.464,1.5679,-0.0274317
774.472,1.56788,-0.0275974
773.481,1.56786,-0.0277635
772.489,1.56785,-0.02793
771.498,1.56783,-0.028097
770.506,1.56781,-0.0282644
769.514,1.5678,-0.0284322
768.523,1.56778,-0.0286005
767.531,1.56776,-0.0287691
766.54,1.56775,-0.0289383
765.548,1.56773,-0.0291078
764.557,1.56771,-0.0292778
763.566,1.56769,-0.0294483
762.574,1.56768,-0.0296192
761.583,1.56766,-0.0297905
760.591,1.56764,-0.0299623
759.6,1.56763,-0.0301345
758.609,1.56761,-0.0303072
757.617,1.56759,-0.0304803
756.626,1.56757,-0.0306539
755.635,1.56756,-0.0308279
754.644,1.56754,-0.0310024
753.653,1.56752,-0.0311774
752.661,1.5675,-0.0313528
751.67,1.56749,-0.0315287
750.679,1.56747,-0.031705
749.688,1.56745,-0.0318818
748.697,1.56743,-0.0320591
747.706,1.56742,-0.0322368
746.715,1.5674,-0.032415
745.724,1.56738,-0.0325937
744.733,1.56736,-0.0327729
743.742,1.56734,-0.0329526
742.751,1.56733,-0.0331327
741.76,1.56731,-0.0333133
740.769,1.56729,-0.0334944
739.778,1.56727,-0.0336759
738.787,1.56725,-0.033858
737.797,1.56724,-0.0340406
736.806,1.56722,-0.0342236
735.815,1.5672,-0.0344071
734.824,1.56718,-0.0345912
733.834,1.56716,-0.0347757
732.843,1.56714,-0.0349607
731.852,1.56713,-0.0351462
730.862,1.56711,-0.0353323
729.871,1.56709,-0.0355188
728.881,1.56707,-0.0357058
727.89,1.56705,-0.0358934
726.899,1.56703,-0.0360814
725.909,1.56701,-0.03627
724.918,1.56699,-0.0364591
723.928,1.56698,-0.0366487
722.938,1.56696,-0.0368388
721.947,1.56694,-0.0370295
720.957,1.56692,-0.0372207
719.966,1.5669,-0.0374124
718.976,1.56688,-0.0376046
717.986,1.56686,-0.0377973
716.996,1.56684,-0.0379906
716.005,1.56682,-0.0381845
715.015,1.5668,-0.0383788
714.025,1.56678,-0.0385737
713.035,1.56676,-0.0387692
712.045,1.56674,-0.0389651
711.055,1.56672,-0.0391617
710.064,1.5667,-0.0393588
709.074,1.56668,-0.0395564
708.084,1.56667,-0.0397546
707.094,1.56665,-0.0399533
706.104,1.56663,-0.0401526
705.114,1.56661,-0.0403525
704.125,1.56659,-0.0405529
703.135,1.56657,-0.0407538
702.145,1.56655,-0.0409554
701.155,1.56652,-0.0411575
700.165,1.5665,-0.0413602
699.175,1.56648,-0.0415635
698.186,1.56646,-0.0417673
697.196,1.56644,-0.0419717
696.206,1.56642,-0.0421767
695.217,1.5664,-0.0423823
694.227,1.56638,-0.0425885
693.238,1.56636,-0.0427952
692.248,1.56634,-0.0430026
691.258,1.56632,-0.0432105
690.269,1.5663,-0.043419
689.279,1.56628,-0.0436282
688.29,1.56626,-0.0438379
687.301,1.56624,-0.0440483
686.311,1.56621,-0.0442592
685.322,1.56619,-0.0444708
684.333,1.56617,-0.0446829
683.343,1.56615,-0.0448957
682.354,1.56613,-0.0451091
681.365,1.56611,-0.0453231
680.376,1.56609,-0.0455378
679.387,1.56607,-0.045753
678.397,1.56604,-0.0459689
677.408,1.56602,-0.0461855
676.419,1.566,-0.0464026
675.43,1.56598,-0.0466204
674.441,1.56596,-0.0468389
673.452,1.56594,-0.0470579
672.463,1.56591,-0.0472777
671.474,1.56589,-0.047498
670.486,1.56587,-0.047719
669.497,1.56585,-0.0479407
668.508,1.56583,-0.048163
667.519,1.5658,-0.048386
666.53,1.56578,-0.0486097
665.542,1.56576,-0.048834
664.553,1.56574,-0.049059
663.564,1.56571,-0.0492846
662.576,1.56569,-0.0495109
661.587,1.56567,-0.0497379
660.599,1.56565,-0.0499656
659.61,1.56562,-0.050194
658.622,1.5656,-0.050423
657.633,1.56558,-0.0506527
656.645,1.56555,-0.0508832
655.657,1.56553,-0.0511143
654.668,1.56551,-0.0513461
653.68,1.56548,-0.0515786
652.692,1.56546,-0.0518119
651.704,1.56544,-0.0520458
650.715,1.56541,-0.0522804
649.727,1.56539,-0.0525158
648.739,1.56537,-0.0527519
647.751,1.56534,-0.0529887
646.763,1.56532,-0.0532262
645.775,1.5653,-0.0534644
644.787,1.56527,-0.0537034
643.799,1.56525,-0.0539431
642.811,1.56522,-0.0541835
641.823,1.5652,-0.0544247
640.836,1.56518,-0.0546667
639.848,1.56515,-0.0549093
638.86,1.56513,-0.0551528
637.872,1.5651,-0.0553969
636.885,1.56508,-0.0556419
635.897,1.56505,-0.0558876
634.91,1.56503,-0.056134
633.922,1.565,-0.0563813
632.935,1.56498,-0.0566293
631.947,1.56495,-0.0568781
630.96,1.56493,-0.0571276
629.972,1.5649,-0.0573779
628.985,1.56488,-0.0576291
627.998,1.56485,-0.057881
627.01,1.56483,-0.0581337
626.023,1.5648,-0.0583872
625.036,1.56478,-0.0586415
624.049,1.56475,-0.0588966
623.062,1.56473,-0.0591525
622.075,1.5647,-0.0594093
621.088,1.56468,-0.0596668
620.101,1.56465,-0.0599252
619.114,1.56462,-0.0601844
618.127,1.5646,-0.0604444
617.14,1.56457,-0.0607052
616.153,1.56455,-0.0609669
615.166,1.56452,-0.0612295
614.18,1.56449,-0.0614928
613.193,1.56447,-0.061757
612.206,1.56444,-0.0620221
611.22,1.56441,-0.062288
610.233,1.56439,-0.0625548
609.247,1.56436,-0.0628225
608.26,1.56433,-0.063091
607.274,1.56431,-0.0633604
606.288,1.56428,-0.0636306
605.301,1.56425,-0.0639018
604.315,1.56423,-0.0641738
603.329,1.5642,-0.0644468
602.342,1.56417,-0.0647206
601.356,1.56414,-0.0649953
600.37,1.56412,-0.0652709
599.384,1.56409,-0.0655474
598.398,1.56406,-0.0658249
597.412,1.56403,-0.0661032
596.426,1.56401,-0.0663825
595.44,1.56398,-0.0666627
594.455,1.56395,-0.0669438
593.469,1.56392,-0.0672259
592.483,1.56389,-0.0675089
591.497,1.56387,-0.0677928
590.512,1.56384,-0.0680777
589.526,1.56381,-0.0683635
588.541,1.56378,-0.0686503
587.555,1.56375,-0.0689381
586.57,1.56372,-0.0692268
585.584,1.56369,-0.0695165
584.599,1.56366,-0.0698072
583.614,1.56364,-0.0700989
582.629,1.56361,-0.0703915
581.643,1.56358,-0.0706852
580.658,1.56355,-0.0709798
579.673,1.56352,-0.0712754
578.688,1.56349,-0.0715721
577.703,1.56346,-0.0718697
576.718,1.56343,-0.0721684
575.733,1.5634,-0.0724681
574.748,1.56337,-0.0727688
573.764,1.56334,-0.0730706
572.779,1.56331,-0.0733734
571.794,1.56328,-0.0736772
570.81,1.56325,-0.0739821
569.825,1.56322,-0.074288
568.841,1.56319,-0.074595
567.856,1.56316,-0.0749031
566.872,1.56313,-0.0752122
565.887,1.56309,-0.0755224
564.903,1.56306,-0.0758337
563.919,1.56303,-0.0761461
562.935,1.563,-0.0764595
561.951,1.56297,-0.0767741
560.966,1.56294,-0.0770898
559.982,1.56291,-0.0774065
558.999,1.56288,-0.0777244
558.015,1.56284,-0.0780435
557.031,1.56281,-0.0783636
556.047,1.56278,-0.0786849
555.063,1.56275,-0.0790073
554.08,1.56272,-0.0793308
553.096,1.56268,-0.0796556
552.112,1.56265,-0.0799814
551.129,1.56262,-0.0803085
550.146,1.56259,-0.0806367
549.162,1.56255,-0.080966
548.179,1.56252,-0.0812966
547.196,1.56249,-0.0816283
546.212,1.56245,-0.0819613
545.229,1.56242,-0.0822954
544.246,1.56239,-0.0826308
543.263,1.56235,-0.0829673
542.28,1.56232,-0.0833051
541.297,1.56229,-0.0836441
540.315,1.56225,-0.0839844
539.332,1.56222,-0.0843259
538.349,1.56218,-0.0846686
537.366,1.56215,-0.0850126
536.384,1.56211,-0.0853578
535.401,1.56208,-0.0857043
534.419,1.56205,-0.0860521
533.437,1.56201,-0.0864012
532.454,1.56198,-0.0867515
531.472,1.56194,-0.0871032
530.49,1.56191,-0.0874561
529.508,1.56187,-0.0878104
528.526,1.56184,-0.088166
527.544,1.5618,-0.0885229
526.562,1.56176,-0.0888811
525.58,1.56173,-0.0892407
524.598,1.56169,-0.0896016
523.617,1.56166,-0.0899639
522.635,1.56162,-0.0903275
521.653,1.56158,-0.0906925
520.672,1.56155,-0.0910589
519.69,1.56151,-0.0914267
518.709,1.56147,-0.0917958
517.728,1.56144,-0.0921664
516.747,1.5614,-0.0925384
515.765,1.56136,-0.0929117
514.784,1.56133,-0.0932865
513.803,1.56129,-0.0936628
512.823,1.56125,-0.0940405
511.842,1.56121,-0.0944196
510.861,1.56117,-0.0948002
509.88,1.56114,-0.0951822
508.9,1.5611,-0.0955657
507.919,1.56106,-0.0959507
506.939,1.56102,-0.0963372
505.958,1.56098,-0.0967252
504.978,1.56094,-0.0971147
503.998,1.56091,-0.0975057
503.017,1.56087,-0.0978982
502.037,1.56083,-0.0982923
501.057,1.56079,-0.0986879
500.077,1.56075,-0.099085
499.098,1.56071,-0.0994838
498.118,1.56067,-0.099884
497.138,1.56063,-0.100286
496.159,1.56059,-0.100689
495.179,1.56055,-0.101094
494.2,1.56051,-0.101501
493.22,1.56047,-0.101909
492.241,1.56043,-0.102319
491.262,1.56039,-0.102731
490.283,1.56034,-0.103144
489.304,1.5603,-0.103559
488.325,1.56026,-0.103975
487.346,1.56022,-0.104393
486.367,1.56018,-0.104813
485.388,1.56014,-0.105235
484.41,1.56009,-0.105658
483.431,1.56005,-0.106083
482.453,1.56001,-0.10651
481.475,1.55997,-0.106938
480.496,1.55992,-0.107368
479.518,1.55988,-0.1078
478.54,1.55984,-0.108234
477.562,1.5598,-0.108669
476.584,1.55975,-0.109107
475.606,1.55971,-0.109546
474.629,1.55966,-0.109986
473.651,1.55962,-0.110429
472.674,1.55958,-0.110874
471.696,1.55953,-0.11132
470.719,1.55949,-0.111768
469.742,1.55944,-0.112218
468.765,1.5594,-0.11267
467.788,1.55935,-0.113124
466.811,1.55931,-0.11358
465.834,1.55926,-0.114037
464.857,1.55922,-0.114497
463.88,1.55917,-0.114959
462.904,1.55912,-0.115422
461.927,1.55908,-0.115887
460.951,1.55903,-0.116355
459.975,1.55899,-0.116824
458.999,1.55894,-0.117296
458.023,1.55889,-0.117769
457.047,1.55884,-0.118244
456.071,1.5588,-0.118722
455.095,1.55875,-0.119201
454.12,1.5587,-0.119683
453.144,1.55865,-0.120166
452.169,1.55861,-0.120652
451.193,1.55856,-0.12114
450.218,1.55851,-0.12163
449.243,1.55846,-0.122122
448.268,1.55841,-0.122616
447.293,1.55836,-0.123112
446.319,1.55831,-0.123611
445.344,1.55826,-0.124112
444.369,1.55821,-0.124615
443.395,1.55816,-0.12512
442.421,1.55811,-0.125627
441.447,1.55806,-0.126137
440.472,1.55801,-0.126648
439.499,1.55796,-0.127162
438.525,1.55791,-0.127679
437.551,1.55786,-0.128198
436.577,1.55781,-0.128719
435.604,1.55775,-0.129242
434.631,1.5577,-0.129768
433.657,1.55765,-0.130296
432.684,1.5576,-0.130826
431.711,1.55754,-0.131359
430.738,1.55749,-0.131894
429.766,1.55744,-0.132432
428.793,1.55738,-0.132972
427.82,1.55733,-0.133514
426.848,1.55728,-0.134059
425.876,1.55722,-0.134607
424.904,1.55717,-0.135157
423.932,1.55711,-0.135709
422.96,1.55706,-0.136264
421.988,1.557,-0.136822
421.017,1.55695,-0.137382
420.045,1.55689,-0.137945
419.074,1.55684,-0.13851
418.103,1.55678,-0.139078
417.132,1.55672,-0.139649
416.161,1.55667,-0.140222
415.19,1.55661,-0.140798
414.219,1.55655,-0.141377
413.249,1.55649,-0.141958
412.278,1.55644,-0.142543
411.308,1.55638,-0.143129
410.338,1.55632,-0.143719
409.368,1.55626,-0.144312
408.398,1.5562,-0.144907
407.429,1.55614,-0.145505
406.459,1.55608,-0.146106
405.49,1.55602,-0.14671
404.521,1.55596,-0.147317
403.552,1.5559,-0.147926
402.583,1.55584,-0.148539
401.614,1.55578,-0.149155
400.646,1.55572,-0.149773
399.677,1.55566,-0.150395
398.709,1.5556,-0.151019
397.741,1.55554,-0.151647
396.773,1.55547,-0.152278
395.805,1.55541,-0.152911
394.837,1.55535,-0.153548
393.87,1.55528,-0.154188
392.903,1.55522,-0.154831
391.935,1.55516,-0.155478
390.968,1.55509,-0.156127
390.002,1.55503,-0.15678
389.035,1.55496,-0.157436
388.068,1.5549,-0.158095
387.102,1.55483,-0.158758
386.136,1.55477,-0.159424
385.17,1.5547,-0.160093
384.204,1.55464,-0.160766
383.239,1.55457,-0.161442
382.273,1.5545,-0.162121
381.308,1.55443,-0.162804
380.343,1.55437,-0.16349
379.378,1.5543,-0.16418
378.413,1.55423,-0.164873
377.449,1.55416,-0.16557
376.484,1.55409,-0.166271
375.52,1.55402,-0.166975
374.556,1.55395,-0.167682
373.592,1.55388,-0.168394
372.629,1.55381,-0.169109
371.665,1.55374,-0.169827
370.702,1.55367,-0.17055
369.739,1.5536,-0.171276
368.776,1.55353,-0.172006
367.813,1.55346,-0.17274
366.851,1.55338,-0.173478
365.889,1.55331,-0.174219
364.927,1.55324,-0.174965
363.965,1.55316,-0.175714
363.003,1.55309,-0.176467
362.042,1.55301,-0.177225
361.081,1.55294,-0.177986
360.12,1.55286,-0.178752
359.159,1.55279,-0.179521
358.198,1.55271,-0.180295
357.238,1.55264,-0.181073
356.278,1.55256,-0.181855
355.318,1.55248,-0.182641
354.358,1.5524,-0.183432
353.399,1.55233,-0.184227
352.439,1.55225,-0.185026
351.48,1.55217,-0.18583
350.522,1.55209,-0.186638
349.563,1.55201,-0.18745
348.605,1.55193,-0.188267
347.647,1.55185,-0.189088
346.689,1.55177,-0.189914
345.731,1.55169,-0.190745
344.774,1.5516,-0.19158
343.817,1.55152,-0.19242
342.86,1.55144,-0.193264
341.903,1.55136,-0.194113
340.947,1.55127,-0.194967
339.991,1.55119,-0.195826
339.035,1.5511,-0.196689
338.079,1.55102,-0.197558
337.124,1.55093,-0.198431
336.168,1.55085,-0.19931
335.214,1.55076,-0.200193
334.259,1.55067,-0.201082
333.305,1.55059,-0.201975
332.351,1.5505,-0.202874
331.397,1.55041,-0.203778
330.443,1.55032,-0.204687
329.49,1.55023,-0.205601
328.537,1.55014,-0.206521
327.584,1.55005,-0.207446
326.632,1.54996,-0.208376
325.68,1.54987,-0.209312
324.728,1.54978,-0.210253
323.776,1.54968,-0.2112
322.825,1.54959,-0.212153
321.874,1.5495,-0.213111
320.923,1.5494,-0.214075
319.973,1.54931,-0.215044
319.023,1.54921,-0.216019
318.073,1.54912,-0.217
317.124,1.54902,-0.217987
316.175,1.54892,-0.21898
315.226,1.54883,-0.219979
314.277,1.54873,-0.220984
313.329,1.54863,-0.221995
312.381,1.54853,-0.223012
311.434,1.54843,-0.224036
310.486,1.54833,-0.225065
309.539,1.54823,-0.226101
308.593,1.54813,-0.227144
307.647,1.54803,-0.228192
306.701,1.54792,-0.229247
305.755,1.54782,-0.230309
304.81,1.54772,-0.231377
303.865,1.54761,-0.232452
302.921,1.54751,-0.233534
301.977,1.5474,-0.234622
301.033,1.54729,-0.235718
300.089,1.54719,-0.23682
299.146,1.54708,-0.237929
298.204,1.54697,-0.239045
297.261,1.54686,-0.240168
296.319,1.54675,-0.241299
295.378,1.54664,-0.242436
294.437,1.54653,-0.243581
293.496,1.54642,-0.244733
292.556,1.54631,-0.245893
291.616,1.54619,-0.24706
290.676,1.54608,-0.248235
289.737,1.54597,-0.249417
288.798,1.54585,-0.250607
287.86,1.54573,-0.251805
286.922,1.54562,-0.25301
285.984,1.5455,-0.254224
285.047,1.54538,-0.255445
284.11,1.54526,-0.256675
283.174,1.54514,-0.257913
282.238,1.54502,-0.259159
281.303,1.5449,-0.260413
280.368,1.54478,-0.261675
279.434,1.54466,-0.262946
278.5,1.54454,-0.264226
277.566,1.54441,-0.265514
276.633,1.54429,-0.266811
275.7,1.54416,-0.268117
274.768,1.54403,-0.269431
273.836,1.54391,-0.270755
272.905,1.54378,-0.272087
271.975,1.54365,-0.273429
271.044,1.54352,-0.27478
270.115,1.54339,-0.27614
269.185,1.54326,-0.27751
268.257,1.54312,-0.278889
267.328,1.54299,-0.280278
266.401,1.54286,-0.281676
265.474,1.54272,-0.283084
264.547,1.54259,-0.284502
263.621,1.54245,-0.28593
262.695,1.54231,-0.287368
261.77,1.54217,-0.288817
260.846,1.54203,-0.290275
259.922,1.54189,-0.291744
258.998,1.54175,-0.293224
258.076,1.54161,-0.294714
257.153,1.54147,-0.296215
256.232,1.54132,-0.297726
255.311,1.54118,-0.299249
254.39,1.54103,-0.300782
253.471,1.54088,-0.302327
252.551,1.54073,-0.303883
251.633,1.54058,-0.30545
250.715,1.54043,-0.307029
249.797,1.54028,-0.308619
248.881,1.54013,-0.310221
247.964,1.53998,-0.311835
247.049,1.53982,-0.313461
246.134,1.53967,-0.3151
245.22,1.53951,-0.31675
244.307,1.53935,-0.318413
243.394,1.53919,-0.320088
242.482,1.53903,-0.321776
241.57,1.53887,-0.323476
240.66,1.53871,-0.32519
239.75,1.53855,-0.326916
238.84,1.53838,-0.328656
237.932,1.53822,-0.330409
237.024,1.53805,-0.332175
236.117,1.53788,-0.333955
235.211,1.53771,-0.335749
234.305,1.53754,-0.337557
233.4,1.53737,-0.339379
232.496,1.5372,-0.341215
231.593,1.53702,-0.343065
230.69,1.53685,-0.34493
229.789,1.53667,-0.346809
228.888,1.5365,-0.348703
227.988,1.53632,-0.350613
227.089,1.53614,-0.352537
226.191,1.53595,-0.354477
225.293,1.53577,-0.356432
224.396,1.53559,-0.358403
223.501,1.5354,-0.36039
222.606,1.53521,-0.362392
221.712,1.53503,-0.364411
220.819,1.53484,-0.366446
219.927,1.53465,-0.368498
219.035,1.53445,-0.370567
218.145,1.53426,-0.372652
217.256,1.53406,-0.374755
216.368,1.53387,-0.376875
215.48,1.53367,-0.379012
214.594,1.53347,-0.381167
213.708,1.53327,-0.38334
212.824,1.53306,-0.385531
211.941,1.53286,-0.387741
211.058,1.53265,-0.389969
210.177,1.53245,-0.392215
209.297,1.53224,-0.394481
208.418,1.53203,-0.396766
207.54,1.53182,-0.39907
206.663,1.5316,-0.401394
205.787,1.53139,-0.403737
204.912,1.53117,-0.406101
204.039,1.53095,-0.408485
203.166,1.53073,-0.41089
202.295,1.53051,-0.413315
201.425,1.53029,-0.415761
200.556,1.53006,-0.418229
199.688,1.52984,-0.420718
198.822,1.52961,-0.423228
197.957,1.52938,-0.425761
197.093,1.52914,-0.428316
196.231,1.52891,-0.430894
195.369,1.52868,-0.433494
194.509,1.52844,-0.436118
193.651,1.5282,-0.438765
192.794,1.52796,-0.441435
191.938,1.52772,-0.444129
191.083,1.52747,-0.446848
190.23,1.52722,-0.449591
189.379,1.52698,-0.452359
188.528,1.52673,-0.455151
187.68,1.52647,-0.457969
186.832,1.52622,-0.460813
185.987,1.52596,-0.463683
185.143,1.5257,-0.466579
184.3,1.52544,-0.469501
183.459,1.52518,-0.472451
182.619,1.52492,-0.475428
181.782,1.52465,-0.478432
180.945,1.52438,-0.481464
180.111,1.52411,-0.484524
179.278,1.52384,-0.487613
178.447,1.52357,-0.490731
177.617,1.52329,-0.493877
176.79,1.52301,-0.497054
175.964,1.52273,-0.50026
175.14,1.52245,-0.503497
174.318,1.52216,-0.506765
173.497,1.52188,-0.510063
172.679,1.52159,-0.513393
171.862,1.5213,-0.516755
171.047,1.521,-0.520148
170.235,1.52071,-0.523575
169.424,1.52041,-0.527034
168.615,1.52011,-0.530527
167.809,1.5198,-0.534053
167.004,1.5195,-0.537613
166.202,1.51919,-0.541209
165.401,1.51888,-0.544839
164.603,1.51857,-0.548504
163.807,1.51826,-0.552205
163.014,1.51794,-0.555942
162.222,1.51762,-0.559716
161.433,1.5173,-0.563528
160.646,1.51697,-0.567376
159.862,1.51665,-0.571263
159.08,1.51632,-0.575188
158.3,1.51599,-0.579152
157.523,1.51566,-0.583155
156.748,1.51532,-0.587198
155.976,1.51498,-0.591281
155.207,1.51464,-0.595405
154.44,1.5143,-0.59957
153.676,1.51395,-0.603777
152.914,1.51361,-0.608026
152.156,1.51326,-0.612318
151.4,1.5129,-0.616652
150.647,1.51255,-0.621031
149.896,1.51219,-0.625453
149.149,1.51183,-0.62992
148.405,1.51147,-0.634432
147.663,1.5111,-0.63899
146.925,1.51074,-0.643594
146.19,1.51037,-0.648244
145.458,1.50999,-0.652942
144.729,1.50962,-0.657687
144.003,1.50924,-0.66248
143.281,1.50886,-0.667322
142.562,1.50848,-0.672214
141.846,1.5081,-0.677155
141.134,1.50771,-0.682146
140.425,1.50732,-0.687188
139.72,1.50693,-0.692281
139.018,1.50654,-0.697426
138.32,1.50614,-0.702623
137.626,1.50575,-0.707874
136.935,1.50535,-0.713177
136.248,1.50495,-0.718535
135.565,1.50454,-0.723947
134.886,1.50413,-0.729414
134.211,1.50373,-0.734936
133.541,1.50332,-0.740515
132.874,1.5029,-0.746149
132.211,1.50249,-0.751841
131.553,1.50207,-0.75759
130.899,1.50165,-0.763398
130.249,1.50123,-0.769264
129.604,1.50081,-0.775188
128.963,1.50039,-0.781172
128.326,1.49996,-0.787217
127.695,1.49954,-0.793321
127.068,1.49911,-0.799487
126.446,1.49868,-0.805713
125.828,1.49825,-0.812002
125.216,1.49782,-0.818352
124.608,1.49738,-0.824765
124.006,1.49695,-0.831242
123.409,1.49651,-0.837781
122.817,1.49607,-0.844384
122.23,1.49564,-0.851052
121.648,1.4952,-0.857784
121.072,1.49476,-0.864581
120.502,1.49432,-0.871443
119.937,1.49388,-0.87837
119.377,1.49343,-0.885363
118.824,1.49299,-0.892422
118.276,1.49255,-0.899548
117.734,1.49211,-0.906739
117.198,1.49167,-0.913998
116.668,1.49123,-0.921323
116.145,1.49079,-0.928715
115.627,1.49034,-0.936175
115.116,1.4899,-0.943701
114.611,1.48946,-0.951295
114.113,1.48903,-0.958956
113.621,1.48859,-0.966685
113.136,1.48815,-0.974481
112.658,1.48772,-0.982344
112.186,1.48728,-0.990274
111.721,1.48685,-0.998271
111.264,1.48642,-1.00634
110.813,1.48599,-1.01447
110.37,1.48557,-1.02266
109.933,1.48514,-1.03093
109.504,1.48472,-1.03926
109.083,1.4843,-1.04765
108.669,1.48389,-1.05611
108.263,1.48348,-1.06464
107.864,1.48307,-1.07323
107.473,1.48266,-1.08188
107.09,1.48226,-1.09059
106.715,1.48186,-1.09937
106.347,1.48147,-1.10821
105.988,1.48108,-1.11712
105.637,1.48069,-1.12608
105.295,1.48031,-1.1351
104.96,1.47994,-1.14418
104.634,1.47957,-1.15332
104.317,1.4792,-1.16252
104.008,1.47884,-1.17177
103.708,1.47849,-1.18107
103.416,1.47814,-1.19043
103.134,1.4778,-1.19985
102.86,1.47746,-1.20931
102.595,1.47714,-1.21883
102.339,1.47682,-1.22839
102.092,1.4765,-1.238
101.854,1.47619,-1.24766
101.626,1.47589,-1.25736
101.406,1.4756,-1.26711
101.196,1.47532,-1.2769
100.996,1.47504,-1.28673
100.804,1.47477,-1.2966
100.623,1.47451,-1.3065
100.451,1.47426,-1.31644
100.288,1.47402,-1.32641
100.135,1.47378,-1.33642
99.9918,1.47356,-1.34645
99.8582,1.47334,-1.35652
99.7344,1.47314,-1.36661
99.6203,1.47294,-1.37672
99.5161,1.47275,-1.38686
99.4217,1.47258,-1.39702
99.3372,1.47241,-1.4072
99.2627,1.47225,-1.41739
99.198,1.4721,-1.4276
99.1433,1.47196,-1.43782
99.0986,1.47184,-1.44805
99.0638,1.47172,-1.45829
99.039,1.47161,-1.46853
99.0242,1.47151,-1.47878
99.0194,1.47143,-1.48903
99.0246,1.47135,-1.49929
99.0398,1.47128,-1.50954
99.065,1.47123,-1.51978
99.1002,1.47118,-1.53002
99.1453,1.47115,-1.54026
99.2004,1.47112,-1.55048
99.2655,1.47111,-1.56069
99.3405,1.4711,-1.57088
99.4254,1.47111,-1.58106
99.5201,1.47113,-1.59122
99.6248,1.47115,-1.60136
99.7392,1.47119,-1.61148
99.8634,1.47124,-1.62157
99.9974,1.47129,-1.63164
100.141,1.47136,-1.64168
100.294,1.47144,-1.65169
100.457,1.47152,-1.66166
100.63,1.47162,-1.67161
100.812,1.47172,-1.68152
101.004,1.47184,-1.69139
101.205,1.47196,-1.70122
101.415,1.47209,-1.71102
101.635,1.47223,-1.72077
101.864,1.47238,-1.73048
102.102,1.47254,-1.74014
102.349,1.47271,-1.74976
102.605,1.47288,-1.75933
102.871,1.47306,-1.76885
103.145,1.47325,-1.77832
103.428,1.47345,-1.78774
103.72,1.47366,-1.79711
104.02,1.47387,-1.80642
104.33,1.47409,-1.81568
104.648,1.47431,-1.82488
104.974,1.47455,-1.83402
105.308,1.47478,-1.84311
105.652,1.47503,-1.85214
106.003,1.47528,-1.86111
106.362,1.47554,-1.87002
106.73,1.4758,-1.87887
107.105,1.47607,-1.88765
107.489,1.47634,-1.89638
107.88,1.47662,-1.90504
108.279,1.47691,-1.91363
108.686,1.4772,-1.92217
109.1,1.47749,-1.93063
109.522,1.47779,-1.93904
109.951,1.47809,-1.94737
110.387,1.47839,-1.95565
110.831,1.4787,-1.96385
111.282,1.47902,-1.97199
111.74,1.47933,-1.98006
112.205,1.47965,-1.98807
112.677,1.47997,-1.99601
113.155,1.4803,-2.00388
113.641,1.48063,-2.01168
114.133,1.48096,-2.01942
114.631,1.48129,-2.02709
115.137,1.48163,-2.03469
115.648,1.48197,-2.04222
116.166,1.48231,-2.04969
116.69,1.48265,-2.05709
117.22,1.48299,-2.06442
117.756,1.48333,-2.07169
118.298,1.48368,-2.07889
118.846,1.48403,-2.08602
119.4,1.48438,-2.09309
119.959,1.48473,-2.10009
120.525,1.48508,-2.10703
121.095,1.48543,-2.1139
121.672,1.48578,-2.1207
122.253,1.48613,-2.12744
122.84,1.48648,-2.13411
123.433,1.48684,-2.14073
124.03,1.48719,-2.14727
124.633,1.48754,-2.15376
125.241,1.4879,-2.16018
125.853,1.48825,-2.16653
126.471,1.4886,-2.17283
127.093,1.48896,-2.17906
127.72,1.48931,-2.18524
128.352,1.48966,-2.19135
128.989,1.49001,-2.1974
129.63,1.49036,-2.20339
130.275,1.49071,-2.20932
130.925,1.49106,-2.21519
131.579,1.49141,-2.22101
132.238,1.49176,-2.22677
132.901,1.49211,-2.23246
133.568,1.49245,-2.23811
134.239,1.4928,-2.24369
134.914,1.49314,-2.24922
135.593,1.49348,-2.25469
136.276,1.49383,-2.26011
136.963,1.49417,-2.26547
137.654,1.49451,-2.27078
138.348,1.49484,-2.27604
139.046,1.49518,-2.28124
139.748,1.49552,-2.2864
140.453,1.49585,-2.2915
141.162,1.49618,-2.29654
141.875,1.49651,-2.30154
142.591,1.49684,-2.30649
143.31,1.49717,-2.31138
144.032,1.4975,-2.31623
144.758,1.49782,-2.32103
145.487,1.49815,-2.32578
146.219,1.49847,-2.33048
146.955,1.49879,-2.33514
147.693,1.49911,-2.33975
148.435,1.49942,-2.34431
149.179,1.49974,-2.34883
149.927,1.50005,-2.3533
150.677,1.50036,-2.35773
151.43,1.50067,-2.36211
152.186,1.50098,-2.36645
152.945,1.50129,-2.37075
153.707,1.50159,-2.375
154.471,1.5019,-2.37922
155.238,1.5022,-2.38339
156.008,1.5025,-2.38751
156.78,1.50279,-2.3916
157.554,1.50309,-2.39565
158.332,1.50338,-2.39966
159.111,1.50367,-2.40363
159.894,1.50396,-2.40756
160.678,1.50425,-2.41145
161.465,1.50454,-2.4153
162.254,1.50482,-2.41911
163.046,1.50511,-2.42289
163.839,1.50539,-2.42663
164.635,1.50567,-2.43034
165.434,1.50595,-2.43401
166.234,1.50622,-2.43764
167.037,1.50649,-2.44124
167.841,1.50677,-2.44481
168.648,1.50704,-2.44834
169.457,1.50731,-2.45183
170.268,1.50757,-2.4553
171.08,1.50784,-2.45873
171.895,1.5081,-2.46212
172.712,1.50836,-2.46549
173.53,1.50862,-2.46882
174.351,1.50888,-2.47213
175.173,1.50913,-2.4754
175.997,1.50939,-2.47864
176.823,1.50964,-2.48185
177.651,1.50989,-2.48503
178.48,1.51014,-2.48818
179.312,1.51039,-2.4913
180.145,1.51063,-2.49439
180.979,1.51088,-2.49745
181.816,1.51112,-2.50049
182.653,1.51136,-2.5035
183.493,1.5116,-2.50648
184.334,1.51184,-2.50943
185.177,1.51207,-2.51235
186.021,1.51231,-2.51525
186.867,1.51254,-2.51813
187.714,1.51277,-2.52097
188.563,1.513,-2.52379
189.413,1.51323,-2.52659
190.265,1.51345,-2.52936
191.118,1.51368,-2.53211
191.972,1.5139,-2.53483
192.828,1.51412,-2.53752
193.686,1.51434,-2.5402
194.544,1.51456,-2.54285
195.404,1.51478,-2.54547
196.265,1.51499,-2.54808
197.128,1.5152,-2.55066
197.992,1.51542,-2.55321
198.857,1.51563,-2.55575
199.724,1.51584,-2.55826
200.591,1.51604,-2.56075
201.46,1.51625,-2.56322
202.33,1.51645,-2.56567
203.201,1.51666,-2.5681
204.074,1.51686,-2.57051
204.947,1.51706,-2.57289
205.822,1.51726,-2.57526
206.698,1.51746,-2.5776
207.575,1.51765,-2.57993
208.453,1.51785,-2.58224
209.332,1.51804,-2.58452
210.213,1.51823,-2.58679
211.094,1.51842,-2.58904
211.976,1.51861,-2.59127
212.86,1.5188,-2.59348
213.744,1.51899,-2.59568
214.63,1.51917,-2.59785
215.516,1.51936,-2.60001
216.403,1.51954,-2.60215
217.292,1.51972,-2.60427
218.181,1.5199,-2.60637
219.072,1.52008,-2.60846
219.963,1.52026,-2.61053
220.855,1.52044,-2.61259
221.748,1.52061,-2.61462
222.642,1.52079,-2.61664
223.537,1.52096,-2.61865
224.433,1.52113,-2.62064
225.329,1.5213,-2.62261
226.227,1.52147,-2.62457
227.125,1.52164,-2.62651
228.024,1.52181,-2.62843
228.924,1.52198,-2.63034
229.825,1.52214,-2.63224
230.727,1.5223,-2.63412
231.629,1.52247,-2.63599
232.533,1.52263,-2.63784
233.437,1.52279,-2.63968
234.342,1.52295,-2.6415
235.247,1.52311,-2.64331
236.154,1.52327,-2.64511
237.061,1.52342,-2.64689
237.969,1.52358,-2.64865
238.877,1.52373,-2.65041
239.786,1.52389,-2.65215
240.696,1.52404,-2.65388
241.607,1.52419,-2.65559
242.519,1.52434,-2.6573
243.431,1.52449,-2.65898
244.344,1.52464,-2.66066
245.257,1.52478,-2.66233
246.171,1.52493,-2.66398
247.086,1.52508,-2.66562
248.002,1.52522,-2.66724
248.918,1.52536,-2.66886
249.834,1.52551,-2.67046
250.752,1.52565,-2.67205
251.67,1.52579,-2.67363
252.589,1.52593,-2.6752
253.508,1.52607,-2.67676
254.428,1.52621,-2.67831
255.348,1.52634,-2.67984
256.269,1.52648,-2.68136
257.191,1.52661,-2.68288
258.113,1.52675,-2.68438
259.036,1.52688,-2.68587
259.959,1.52702,-2.68735
260.883,1.52715,-2.68882
261.808,1.52728,-2.69028
262.733,1.52741,-2.69173
263.658,1.52754,-2.69317
264.584,1.52767,-2.6946
265.511,1.52779,-2.69602
266.438,1.52792,-2.69743
267.366,1.52805,-2.69883
268.294,1.52817,-2.70022
269.223,1.5283,-2.7016
270.152,1.52842,-2.70297
271.082,1.52855,-2.70433
272.012,1.52867,-2.70568
272.943,1.52879,-2.70702
273.874,1.52891,-2.70836
274.806,1.52903,-2.70968
275.738,1.52915,-2.711
276.671,1.52927,-2.7123
277.604,1.52939,-2.7136
278.537,1.5295,-2.71489
279.471,1.52962,-2.71617
280.406,1.52974,-2.71744
281.341,1.52985,-2.71871
282.276,1.52996,-2.71996
283.212,1.53008,-2.72121
284.148,1.53019,-2.72245
285.085,1.5303,-2.72368
286.022,1.53042,-2.7249
286.96,1.53053,-2.72611
287.898,1.53064,-2.72732
288.836,1.53075,-2.72852
289.775,1.53085,-2.72971
290.714,1.53096,-2.73089
291.654,1.53107,-2.73207
292.594,1.53118,-2.73324
293.534,1.53128,-2.7344
294.475,1.53139,-2.73555
295.416,1.5315,-2.7367
296.358,1.5316,-2.73783
297.3,1.5317,-2.73897
298.242,1.53181,-2.74009
299.185,1.53191,-2.74121
300.128,1.53201,-2.74232
301.071,1.53211,-2.74342
302.015,1.53221,-2.74452
302.959,1.53231,-2.7456
303.903,1.53241,-2.74669
304.848,1.53251,-2.74776
305.794,1.53261,-2.74883
306.739,1.53271,-2.74989
307.685,1.53281,-2.75095
308.631,1.5329,-2.752
309.578,1.533,-2.75304
310.525,1.5331,-2.75408
311.472,1.53319,-2.75511
312.42,1.53329,-2.75613
313.367,1.53338,-2.75715
314.316,1.53347,-2.75816
315.264,1.53357,-2.75917
316.213,1.53366,-2.76017
317.162,1.53375,-2.76116
318.112,1.53384,-2.76215
319.061,1.53394,-2.76313
320.012,1.53403,-2.76411
320.962,1.53412,-2.76508
321.913,1.53421,-2.76604
322.864,1.53429,-2.767
323.815,1.53438,-2.76795
324.766,1.53447,-2.7689
325.718,1.53456,-2.76984
326.67,1.53465,-2.77078
327.623,1.53473,-2.77171
328.576,1.53482,-2.77264
329.529,1.53491,-2.77356
330.482,1.53499,-2.77447
331.435,1.53508,-2.77538
332.389,1.53516,-2.77628
333.343,1.53524,-2.77718
334.298,1.53533,-2.77808
335.252,1.53541,-2.77897
336.207,1.53549,-2.77985
337.162,1.53557,-2.78073
338.118,1.53566,-2.7816
339.073,1.53574,-2.78247
340.029,1.53582,-2.78334
340.985,1.5359,-2.7842
341.942,1.53598,-2.78505
342.899,1.53606,-2.7859
343.855,1.53614,-2.78675
344.813,1.53622,-2.78759
345.77,1.53629,-2.78842
346.728,1.53637,-2.78925
347.685,1.53645,-2.79008
348.644,1.53653,-2.7909
349.602,1.5366,-2.79172
350.56,1.53668,-2.79253
351.519,1.53676,-2.79334
352.478,1.53683,-2.79414
353.438,1.53691,-2.79494
354.397,1.53698,-2.79574
355.357,1.53706,-2.79653
356.317,1.53713,-2.79732
357.277,1.5372,-2.7981
358.237,1.53728,-2.79888
359.198,1.53735,-2.79965
360.159,1.53742,-2.80042
361.12,1.53749,-2.80119
362.081,1.53757,-2.80195
363.042,1.53764,-2.80271
364.004,1.53771,-2.80346
364.966,1.53778,-2.80421
365.928,1.53785,-2.80496
366.89,1.53792,-2.8057
367.852,1.53799,-2.80644
368.815,1.53806,-2.80717
369.778,1.53813,-2.8079
370.741,1.5382,-2.80863
371.704,1.53826,-2.80935
372.668,1.53833,-2.81007
373.631,1.5384,-2.81079
374.595,1.53847,-2.8115
375.559,1.53853,-2.81221
376.523,1.5386,-2.81291
377.488,1.53867,-2.81361
378.452,1.53873,-2.81431
379.417,1.5388,-2.815
380.382,1.53886,-2.81569
381.347,1.53893,-2.81638
382.312,1.53899,-2.81706
383.278,1.53906,-2.81774
384.243,1.53912,-2.81842
385.209,1.53919,-2.81909
386.175,1.53925,-2.81976
387.141,1.53931,-2.82043
388.108,1.53938,-2.82109
389.074,1.53944,-2.82175
390.041,1.5395,-2.82241
391.008,1.53956,-2.82306
391.975,1.53962,-2.82371
392.942,1.53969,-2.82436
393.909,1.53975,-2.825
394.877,1.53981,-2.82564
395.844,1.53987,-2.82628
396.812,1.53993,-2.82691
397.78,1.53999,-2.82754
398.748,1.54005,-2.82817
399.716,1.54011,-2.82879
400.685,1.54017,-2.82942
401.653,1.54022,-2.83003
402.622,1.54028,-2.83065
403.591,1.54034,-2.83126
404.56,1.5404,-2.83187
405.529,1.54046,-2.83248
406.499,1.54052,-2.83308
407.468,1.54057,-2.83369
408.438,1.54063,-2.83428
409.408,1.54069,-2.83488
410.377,1.54074,-2.83547
411.348,1.5408,-2.83606
412.318,1.54085,-2.83665
413.288,1.54091,-2.83723
414.259,1.54097,-2.83782
415.229,1.54102,-2.8384
416.2,1.54108,-2.83897
417.171,1.54113,-2.83955
418.142,1.54119,-2.84012
419.113,1.54124,-2.84068
420.085,1.54129,-2.84125
421.056,1.54135,-2.84181
422.028,1.5414,-2.84237
422.999,1.54145,-2.84293
423.971,1.54151,-2.84349
424.943,1.54156,-2.84404
425.915,1.54161,-2.84459
426.887,1.54167,-2.84514
427.86,1.54172,-2.84568
428.832,1.54177,-2.84623
429.805,1.54182,-2.84677
430.778,1.54187,-2.8473
431.751,1.54192,-2.84784
432.724,1.54197,-2.84837
433.697,1.54203,-2.8489
434.67,1.54208,-2.84943
435.643,1.54213,-2.84996
436.617,1.54218,-2.85048
437.59,1.54223,-2.851
438.564,1.54228,-2.85152
439.538,1.54233,-2.85204
440.512,1.54237,-2.85255
441.486,1.54242,-2.85306
442.46,1.54247,-2.85357
443.434,1.54252,-2.85408
444.409,1.54257,-2.85459
445.383,1.54262,-2.85509
446.358,1.54267,-2.85559
447.333,1.54271,-2.85609
448.308,1.54276,-2.85659
449.283,1.54281,-2.85708
450.258,1.54286,-2.85757
451.233,1.5429,-2.85806
452.208,1.54295,-2.85855
453.184,1.543,-2.85904
454.159,1.54304,-2.85952
455.135,1.54309,-2.86
456.11,1.54314,-2.86048
457.086,1.54318,-2.86096
458.062,1.54323,-2.86144
459.038,1.54327,-2.86191
460.014,1.54332,-2.86238
460.991,1.54336,-2.86285
461.967,1.54341,-2.86332
462.943,1.54345,-2.86378
463.92,1.5435,-2.86425
464.897,1.54354,-2.86471
465.873,1.54359,-2.86517
466.85,1.54363,-2.86563
467.827,1.54367,-2.86608
468.804,1.54372,-2.86654
469.781,1.54376,-2.86699
470.759,1.5438,-2.86744
471.736,1.54385,-2.86789
472.713,1.54389,-2.86833
473.691,1.54393,-2.86878
474.668,1.54398,-2.86922
475.646,1.54402,-2.86966
476.624,1.54406,-2.8701
477.602,1.5441,-2.87054
478.58,1.54414,-2.87097
479.558,1.54419,-2.87141
480.536,1.54423,-2.87184
481.514,1.54427,-2.87227
482.493,1.54431,-2.8727
483.471,1.54435,-2.87313
484.449,1.54439,-2.87355
485.428,1.54443,-2.87398
486.407,1.54447,-2.8744
487.386,1.54451,-2.87482
488.364,1.54455,-2.87524
489.343,1.54459,-2.87565
490.322,1.54463,-2.87607
491.301,1.54467,-2.87648
492.281,1.54471,-2.87689
493.26,1.54475,-2.8773
494.239,1.54479,-2.87771
495.219,1.54483,-2.87812
496.198,1.54487,-2.87852
497.178,1.54491,-2.87893
498.158,1.54495,-2.87933
499.137,1.54499,-2.87973
500.117,1.54503,-2.88013
501.097,1.54507,-2.88052
502.077,1.5451,-2.88092
503.057,1.54514,-2.88131
504.037,1.54518,-2.88171
505.018,1.54522,-2.8821
505.998,1.54525,-2.88249
506.978,1.54529,-2.88288
507.959,1.54533,-2.88326
508.939,1.54537,-2.88365
509.92,1.5454,-2.88403
510.901,1.54544,-2.88441
511.881,1.54548,-2.88479
512.862,1.54551,-2.88517
513.843,1.54555,-2.88555
514.824,1.54559,-2.88593
515.805,1.54562,-2.8863
516.786,1.54566,-2.88668
517.768,1.5457,-2.88705
518.749,1.54573,-2.88742
519.73,1.54577,-2.88779
520.712,1.5458,-2.88816
521.693,1.54584,-2.88852
522.675,1.54587,-2.88889
523.656,1.54591,-2.88925
524.638,1.54594,-2.88961
525.62,1.54598,-2.88998
526.602,1.54601,-2.89034
527.584,1.54605,-2.89069
528.565,1.54608,-2.89105
529.548,1.54612,-2.89141
530.53,1.54615,-2.89176
531.512,1.54619,-2.89211
532.494,1.54622,-2.89247
533.476,1.54625,-2.89282
534.459,1.54629,-2.89317
535.441,1.54632,-2.89351
536.424,1.54636,-2.89386
537.406,1.54639,-2.89421
538.389,1.54642,-2.89455
539.372,1.54646,-2.89489
540.354,1.54649,-2.89523
541.337,1.54652,-2.89557
542.32,1.54655,-2.89591
543.303,1.54659,-2.89625
544.286,1.54662,-2.89659
545.269,1.54665,-2.89692
546.252,1.54668,-2.89726
547.235,1.54672,-2.89759
548.219,1.54675,-2.89792
549.202,1.54678,-2.89825
550.185,1.54681,-2.89858
551.169,1.54684,-2.89891
552.152,1.54688,-2.89924
553.136,1.54691,-2.89956
554.119,1.54694,-2.89989
555.103,1.54697,-2.90021
556.087,1.547,-2.90054
557.071,1.54703,-2.90086
558.054,1.54706,-2.90118
559.038,1.5471,-2.9015
560.022,1.54713,-2.90181
561.006,1.54716,-2.90213
561.99,1.54719,-2.90245
562.975,1.54722,-2.90276
563.959,1.54725,-2.90308
564.943,1.54728,-2.90339
565.927,1.54731,-2.9037
566.912,1.54734,-2.90401
567.896,1.54737,-2.90432
568.88,1.5474,-2.90463
569.865,1.54743,-2.90493
570.85,1.54746,-2.90524
571.834,1.54749,-2.90554
572.819,1.54752,-2.90585
573.804,1.54755,-2.90615
574.788,1.54758,-2.90645
575.773,1.54761,-2.90675
576.758,1.54764,-2.90705
577.743,1.54766,-2.90735
578.728,1.54769,-2.90765
579.713,1.54772,-2.90795
580.698,1.54775,-2.90824
581.683,1.54778,-2.90854
582.668,1.54781,-2.90883
583.654,1.54784,-2.90912
584.639,1.54787,-2.90942
585.624,1.54789,-2.90971
586.61,1.54792,-2.91
587.595,1.54795,-2.91029
588.581,1.54798,-2.91057
589.566,1.54801,-2.91086
590.552,1.54803,-2.91115
591.537,1.54806,-2.91143
592.523,1.54809,-2.91172
593.509,1.54812,-2.912
594.495,1.54814,-2.91228
595.48,1.54817,-2.91256
596.466,1.5482,-2.91284
597.452,1.54823,-2.91312
598.438,1.54825,-2.9134
599.424,1.54828,-2.91368
600.41,1.54831,-2.91395
601.396,1.54833,-2.91423
602.382,1.54836,-2.9145
603.369,1.54839,-2.91478
604.355,1.54841,-2.91505
605.341,1.54844,-2.91532
606.327,1.54847,-2.91559
607.314,1.54849,-2.91587
608.3,1.54852,-2.91613
609.287,1.54855,-2.9164
610.273,1.54857,-2.91667
611.26,1.5486,-2.91694
612.246,1.54862,-2.9172
613.233,1.54865,-2.91747
614.22,1.54868,-2.91773
615.206,1.5487,-2.918
616.193,1.54873,-2.91826
617.18,1.54875,-2.91852
618.167,1.54878,-2.91878
619.154,1.5488,-2.91904
620.141,1.54883,-2.9193
621.128,1.54885,-2.91956
622.115,1.54888,-2.91982
623.102,1.5489,-2.92007
624.089,1.54893,-2.92033
625.076,1.54895,-2.92059
626.063,1.54898,-2.92084
627.05,1.549,-2.92109
628.038,1.54903,-2.92135
629.025,1.54905,-2.9216
630.012,1.54908,-2.92185
631,1.5491,-2.9221
631.987,1.54913,-2.92235
632.975,1.54915,-2.9226
633.962,1.54917,-2.92285
634.95,1.5492,-2.92309
635.937,1.54922,-2.92334
636.925,1.54925,-2.92359
637.912,1.54927,-2.92383
638.9,1.54929,-2.92408
639.888,1.54932,-2.92432
640.876,1.54934,-2.92456
641.863,1.54937,-2.9248
642.851,1.54939,-2.92504
643.839,1.54941,-2.92529
644.827,1.54944,-2.92553
645.815,1.54946,-2.92576
646.803,1.54948,-2.926
647.791,1.54951,-2.92624
648.779,1.54953,-2.92648
649.767,1.54955,-2.92671
650.755,1.54957,-2.92695
651.744,1.5496,-2.92718
652.732,1.54962,-2.92742
653.72,1.54964,-2.92765
654.708,1.54967,-2.92788
655.697,1.54969,-2.92811
656.685,1.54971,-2.92835
657.673,1.54973,-2.92858
658.662,1.54976,-2.92881
659.65,1.54978,-2.92904
660.639,1.5498,-2.92926
661.627,1.54982,-2.92949
662.616,1.54985,-2.92972
663.604,1.54987,-2.92995
664.593,1.54989,-2.93017
665.582,1.54991,-2.9304
666.57,1.54993,-2.93062
667.559,1.54996,-2.93084
668.548,1.54998,-2.93107
669.537,1.55,-2.93129
670.526,1.55002,-2.93151
671.514,1.55004,-2.93173
672.503,1.55006,-2.93195
673.492,1.55009,-2.93217
674.481,1.55011,-2.93239
675.47,1.55013,-2.93261
676.459,1.55015,-2.93283
677.448,1.55017,-2.93305
678.437,1.55019,-2.93326
679.427,1.55021,-2.93348
680.416,1.55023,-2.93369
681.405,1.55025,-2.93391
682.394,1.55028,-2.93412
683.383,1.5503,-2.93434
684.373,1.55032,-2.93455
685.362,1.55034,-2.93476
686.351,1.55036,-2.93497
687.341,1.55038,-2.93518
688.33,1.5504,-2.93539
689.32,1.55042,-2.9356
690.309,1.55044,-2.93581
691.298,1.55046,-2.93602
692.288,1.55048,-2.93623
693.278,1.5505,-2.93644
694.267,1.55052,-2.93664
695.257,1.55054,-2.93685
696.246,1.55056,-2.93706
697.236,1.55058,-2.93726
698.226,1.5506,-2.93746
699.216,1.55062,-2.93767
700.205,1.55064,-2.93787
701.195,1.55066,-2.93807
702.185,1.55068,-2.93828
703.175,1.5507,-2.93848
704.165,1.55072,-2.93868
705.155,1.55074,-2.93888
706.145,1.55076,-2.93908
707.134,1.55078,-2.93928
708.124,1.5508,-2.93948
709.114,1.55082,-2.93968
710.105,1.55084,-2.93987
711.095,1.55086,-2.94007
712.085,1.55088,-2.94027
713.075,1.5509,-2.94046
714.065,1.55092,-2.94066
715.055,1.55093,-2.94085
716.045,1.55095,-2.94105
717.036,1.55097,-2.94124
718.026,1.55099,-2.94144
719.016,1.55101,-2.94163
720.007,1.55103,-2.94182
720.997,1.55105,-2.94201
721.987,1.55107,-2.9422
722.978,1.55109,-2.94239
723.968,1.5511,-2.94258
724.959,1.55112,-2.94277
725.949,1.55114,-2.94296
726.94,1.55116,-2.94315
727.93,1.55118,-2.94334
728.921,1.5512,-2.94353
729.911,1.55122,-2.94371
730.902,1.55123,-2.9439
731.892,1.55125,-2.94409
732.883,1.55127,-2.94427
733.874,1.55129,-2.94446
734.865,1.55131,-2.94464
735.855,1.55132,-2.94483
736.846,1.55134,-2.94501
737.837,1.55136,-2.94519
738.828,1.55138,-2.94538
739.818,1.5514,-2.94556
740.809,1.55141,-2.94574
741.8,1.55143,-2.94592
742.791,1.55145,-2.9461
743.782,1.55147,-2.94628
744.773,1.55148,-2.94646
745.764,1.5515,-2.94664
746.755,1.55152,-2.94682
747.746,1.55154,-2.947
748.737,1.55155,-2.94718
749.728,1.55157,-2.94735
750.719,1.55159,-2.94753
751.71,1.55161,-2.94771
752.702,1.55162,-2.94788
753.693,1.55164,-2.94806
754.684,1.55166,-2.94823
755.675,1.55168,-2.94841
756.666,1.55169,-2.94858
757.658,1.55171,-2.94875
758.649,1.55173,-2.94893
759.64,1.55174,-2.9491
760.632,1.55176,-2.94927
761.623,1.55178,-2.94944
762.614,1.55179,-2.94962
763.606,1.55181,-2.94979
764.597,1.55183,-2.94996
765.589,1.55184,-2.95013
766.58,1.55186,-2.9503
767.571,1.55188,-2.95047
768.563,1.55189,-2.95063
769.555,1.55191,-2.9508
770.546,1.55193,-2.95097
771.538,1.55194,-2.95114
772.529,1.55196,-2.95131
773.521,1.55198,-2.95147
774.513,1.55199,-2.95164
775.504,1.55201,-2.9518
776.496,1.55203,-2.95197
777.488,1.55204,-2.95213
778.479,1.55206,-2.9523
779.471,1.55207,-2.95246
780.463,1.55209,-2.95263
781.455,1.55211,-2.95279
782.446,1.55212,-2.95295
783.438,1.55214,-2.95311
784.43,1.55215,-2.95328
785.422,1.55217,-2.95344
786.414,1.55219,-2.9536
787.406,1.5522,-2.95376
788.398,1.55222,-2.95392
789.39,1.55223,-2.95408
790.382,1.55225,-2.95424
791.374,1.55226,-2.9544
792.366,1.55228,-2.95456
793.358,1.55229,-2.95472
794.35,1.55231,-2.95487
795.342,1.55233,-2.95503
796.334,1.55234,-2.95519
797.326,1.55236,-2.95535
798.318,1.55237,-2.9555
799.31,1.55239,-2.95566
800.302,1.5524,-2.95581
801.295,1.55242,-2.95597
802.287,1.55243,-2.95612
803.279,1.55245,-2.95628
804.271,1.55246,-2.95643
805.264,1.55248,-2.95659
806.256,1.55249,-2.95674
807.248,1.55251,-2.95689
808.241,1.55252,-2.95704
809.233,1.55254,-2.9572
810.225,1.55255,-2.95735
811.218,1.55257,-2.9575
812.21,1.55258,-2.95765
813.202,1.5526,-2.9578
814.195,1.55261,-2.95795
815.187,1.55263,-2.9581
816.18,1.55264,-2.95825
817.172,1.55266,-2.9584
818.165,1.55267,-2.95855
819.157,1.55269,-2.9587
820.15,1.5527,-2.95885
821.142,1.55272,-2.95899
822.135,1.55273,-2.95914
823.128,1.55274,-2.95929
824.12,1.55276,-2.95944
825.113,1.55277,-2.95958
826.106,1.55279,-2.95973
827.098,1.5528,-2.95987
828.091,1.55282,-2.96002
829.084,1.55283,-2.96016
830.076,1.55284,-2.96031
831.069,1.55286,-2.96045
832.062,1.55287,-2.9606
833.055,1.55289,-2.96074
834.047,1.5529,-2.96088
835.04,1.55292,-2.96103
836.033,1.55293,-2.96117
837.026,1.55294,-2.96131
838.019,1.55296,-2.96145
839.012,1.55297,-2.96159
840.005,1.55298,-2.96174
840.998,1.553,-2.96188
841.99,1.55301,-2.96202
842.983,1.55303,-2.96216
843.976,1.55304,-2.9623
844.969,1.55305,-2.96244
845.962,1.55307,-2.96258
846.955,1.55308,-2.96272
847.948,1.55309,-2.96285
848.941,1.55311,-2.96299
849.934,1.55312,-2.96313
850.928,1.55314,-2.96327
851.921,1.55315,-2.9634
852.914,1.55316,-2.96354
853.907,1.55318,-2.96368
854.9,1.55319,-2.96381
855.893,1.5532,-2.96395
856.886,1.55322,-2.96409
857.88,1.55323,-2.96422
858.873,1.55324,-2.96436
859.866,1.55326,-2.96449
860.859,1.55327,-2.96463
861.852,1.55328,-2.96476
862.846,1.5533,-2.96489
863.839,1.55331,-2.96503
864.832,1.55332,-2.96516
865.826,1.55334,-2.96529
866.819,1.55335,-2.96543
867.812,1.55336,-2.96556
868.806,1.55337,-2.96569
869.799,1.55339,-2.96582
870.792,1.5534,-2.96595
871.786,1.55341,-2.96609
872.779,1.55343,-2.96622
873.773,1.55344,-2.96635
874.766,1.55345,-2.96648
875.76,1.55346,-2.96661
876.753,1.55348,-2.96674
877.747,1.55349,-2.96687
878.74,1.5535,-2.96699
879.734,1.55352,-2.96712
880.727,1.55353,-2.96725
881.721,1.55354,-2.96738
882.714,1.55355,-2.96751
883.708,1.55357,-2.96764
884.702,1.55358,-2.96776
885.695,1.55359,-2.96789
886.689,1.5536,-2.96802
887.682,1.55362,-2.96814
888.676,1.55363,-2.96827
889.67,1.55364,-2.96839
890.663,1.55365,-2.96852
891.657,1.55367,-2.96865
892.651,1.55368,-2.96877
893.645,1.55369,-2.9689
894.638,1.5537,-2.96902
895.632,1.55371,-2.96914
896.626,1.55373,-2.96927
897.62,1.55374,-2.96939
898.613,1.55375,-2.96952
899.607,1.55376,-2.96964
900.601,1.55378,-2.96976
901.595,1.55379,-2.96988
902.589,1.5538,-2.97001
903.583,1.55381,-2.97013
904.576,1.55382,-2.97025
905.57,1.55384,-2.97037
906.564,1.55385,-2.97049
907.558,1.55386,-2.97061
908.552,1.55387,-2.97073
909.546,1.55388,-2.97085
910.54,1.55389,-2.97098
911.534,1.55391,-2.9711
912.528,1.55392,-2.97121
913.522,1.55393,-2.97133
914.516,1.55394,-2.97145
915.51,1.55395,-2.97157
916.504,1.55397,-2.97169
917.498,1.55398,-2.97181
918.492,1.55399,-2.97193
919.486,1.554,-2.97205
920.48,1.55401,-2.97216
921.474,1.55402,-2.97228
922.469,1.55403,-2.9724
923.463,1.55405,-2.97251
924.457,1.55406,-2.97263
925.451,1.55407,-2.97275
926.445,1.55408,-2.97286
927.439,1.55409,-2.97298
928.433,1.5541,-2.97309
929.428,1.55411,-2.97321
930.422,1.55413,-2.97332
931.416,1.55414,-2.97344
932.41,1.55415,-2.97355
933.405,1.55416,-2.97367
934.399,1.55417,-2.97378
935.393,1.55418,-2.9739
936.387,1.55419,-2.97401
937.382,1.5542,-2.97412
938.376,1.55422,-2.97424
939.37,1.55423,-2.97435
940.365,1.55424,-2.97446
941.359,1.55425,-2.97457
942.353,1.55426,-2.97469
943.348,1.55427,-2.9748
944.342,1.55428,-2.97491
945.337,1.55429,-2.97502
946.331,1.5543,-2.97513
947.325,1.55432,-2.97524
948.32,1.55433,-2.97536
949.314,1.55434,-2.97547
950.309,1.55435,-2.97558
951.303,1.55436,-2.97569
952.298,1.55437,-2.9758
953.292,1.55438,-2.97591
954.287,1.55439,-2.97602
955.281,1.5544,-2.97612
956.276,1.55441,-2.97623
957.27,1.55442,-2.97634
958.265,1.55443,-2.97645
959.259,1.55445,-2.97656
960.254,1.55446,-2.97667
961.248,1.55447,-2.97677
962.243,1.55448,-2.97688
963.238,1.55449,-2.97699
964.232,1.5545,-2.9771
965.227,1.55451,-2.9772
966.222,1.55452,-2.97731
967.216,1.55453,-2.97742
968.211,1.55454,-2.97752
969.206,1.55455,-2.97763
970.2,1.55456,-2.97774
971.195,1.55457,-2.97784
972.19,1.55458,-2.97795
973.184,1.55459,-2.97805
974.179,1.5546,-2.97816
975.174,1.55461,-2.97826
976.169,1.55462,-2.97837
977.163,1.55463,-2.97847
978.158,1.55464,-2.97857
979.153,1.55465,-2.97868
980.148,1.55466,-2.97878
981.142,1.55467,-2.97889
982.137,1.55468,-2.97899
983.132,1.55469,-2.97909
984.127,1.55471,-2.97919
985.122,1.55472,-2.9793
986.117,1.55473,-2.9794
987.111,1.55474,-2.9795
988.106,1.55475,-2.9796
989.101,1.55476,-2.97971
990.096,1.55477,-2.97981
991.091,1.55478,-2.97991
992.086,1.55479,-2.98001
993.081,1.5548,-2.98011
994.076,1.55481,-2.98021
995.071,1.55482,-2.98031
996.066,1.55483,-2.98041
997.061,1.55484,-2.98051
998.056,1.55485,-2.98061
999.051,1.55485,-2.98071
1000.05,1.55486,-2.98081
1001.04,1.55487,-2.98091
1002.04,1.55488,-2.98101
1003.03,1.55489,-2.98111
1004.03,1.5549,-2.98121
1005.02,1.55491,-2.98131
1006.02,1.55492,-2.98141
1007.01,1.55493,-2.9815
1008.01,1.55494,-2.9816
