999.001,1.57079,0.00156979
998.001,1.57078,0.00156879
997.001,1.57077,0.00156779
996.001,1.57076,0.00156678
995.001,1.57075,0.00156577
994.002,1.57074,0.00156476
993.002,1.57073,0.00156375
992.002,1.57072,0.00156273
991.002,1.57071,0.00156171
990.002,1.5707,0.00156069
989.002,1.57069,0.00155967
988.002,1.57067,0.00155865
987.002,1.57066,0.00155762
986.002,1.57065,0.0015566
985.002,1.57064,0.00155557
984.002,1.57063,0.00155454
983.002,1.57062,0.0015535
982.002,1.57061,0.00155247
981.002,1.5706,0.00155143
980.002,1.57059,0.00155039
979.002,1.57058,0.00154935
978.002,1.57057,0.0015483
977.002,1.57056,0.00154725
976.002,1.57055,0.00154621
975.003,1.57054,0.00154516
974.003,1.57053,0.0015441
973.003,1.57052,0.00154305
972.003,1.57051,0.00154199
971.003,1.5705,0.00154093
970.003,1.57049,0.00153987
969.003,1.57048,0.0015388
968.003,1.57047,0.00153774
967.003,1.57046,0.00153667
966.003,1.57044,0.0015356
965.003,1.57043,0.00153453
964.003,1.57042,0.00153345
963.003,1.57041,0.00153238
962.003,1.5704,0.0015313
961.003,1.57039,0.00153021
960.003,1.57038,0.00152913
959.003,1.57037,0.00152804
958.003,1.57036,0.00152696
957.003,1.57035,0.00152587
956.004,1.57034,0.00152477
955.004,1.57033,0.00152368
954.004,1.57031,0.00152258
953.004,1.5703,0.00152148
952.004,1.57029,0.00152038
951.004,1.57028,0.00151927
950.004,1.57027,0.00151817
949.004,1.57026,0.00151706
948.004,1.57025,0.00151595
947.004,1.57024,0.00151483
946.004,1.57023,0.00151372
945.004,1.57021,0.0015126
944.004,1.5702,0.00151148
943.004,1.57019,0.00151035
942.004,1.57018,0.00150923
941.004,1.57017,0.0015081
940.004,1.57016,0.00150697
939.005,1.57015,0.00150584
938.005,1.57014,0.0015047
937.005,1.57012,0.00150356
936.005,1.57011,0.00150242
935.005,1.5701,0.00150128
934.005,1.57009,0.00150014
933.005,1.57008,0.00149899
932.005,1.57007,0.00149784
931.005,1.57006,0.00149669
930.005,1.57004,0.00149553
929.005,1.57003,0.00149437
928.005,1.57002,0.00149321
927.005,1.57001,0.00149205
926.005,1.57,0.00149089
925.005,1.56999,0.00148972
924.005,1.56997,0.00148855
923.005,1.56996,0.00148738
922.005,1.56995,0.0014862
921.006,1.56994,0.00148502
920.006,1.56993,0.00148384
919.006,1.56991,0.00148266
918.006,1.5699,0.00148148
917.006,1.56989,0.00148029
916.006,1.56988,0.0014791
915.006,1.56987,0.0014779
914.006,1.56986,0.00147671
913.006,1.56984,0.00147551
912.006,1.56983,0.00147431
911.006,1.56982,0.00147311
910.006,1.56981,0.0014719
909.006,1.5698,0.00147069
908.006,1.56978,0.00146948
907.006,1.56977,0.00146827
906.006,1.56976,0.00146705
905.007,1.56975,0.00146583
904.007,1.56973,0.00146461
903.007,1.56972,0.00146338
902.007,1.56971,0.00146215
901.007,1.5697,0.00146092
900.007,1.56969,0.00145969
899.007,1.56967,0.00145845
898.007,1.56966,0.00145722
897.007,1.56965,0.00145597
896.007,1.56964,0.00145473
895.007,1.56962,0.00145348
894.007,1.56961,0.00145223
893.007,1.5696,0.00145098
892.007,1.56959,0.00144973
891.007,1.56957,0.00144847
890.007,1.56956,0.00144721
889.008,1.56955,0.00144594
888.008,1.56954,0.00144468
887.008,1.56952,0.00144341
886.008,1.56951,0.00144213
885.008,1.5695,0.00144086
884.008,1.56948,0.00143958
883.008,1.56947,0.0014383
882.008,1.56946,0.00143702
881.008,1.56945,0.00143573
880.008,1.56943,0.00143444
879.008,1.56942,0.00143315
878.008,1.56941,0.00143185
877.008,1.56939,0.00143055
876.008,1.56938,0.00142925
875.008,1.56937,0.00142795
874.008,1.56935,0.00142664
873.009,1.56934,0.00142533
872.009,1.56933,0.00142401
871.009,1.56932,0.0014227
870.009,1.5693,0.00142138
869.009,1.56929,0.00142006
868.009,1.56928,0.00141873
867.009,1.56926,0.0014174
866.009,1.56925,0.00141607
865.009,1.56924,0.00141473
864.009,1.56922,0.0014134
863.009,1.56921,0.00141206
862.009,1.5692,0.00141071
861.009,1.56918,0.00140936
860.009,1.56917,0.00140801
859.01,1.56915,0.00140666
858.01,1.56914,0.0014053
857.01,1.56913,0.00140394
856.01,1.56911,0.00140258
855.01,1.5691,0.00140121
854.01,1.56909,0.00139985
853.01,1.56907,0.00139847
852.01,1.56906,0.0013971
851.01,1.56905,0.00139572
850.01,1.56903,0.00139434
849.01,1.56902,0.00139295
848.01,1.569,0.00139156
847.01,1.56899,0.00139017
846.01,1.56898,0.00138877
845.01,1.56896,0.00138737
844.011,1.56895,0.00138597
843.011,1.56893,0.00138457
842.011,1.56892,0.00138316
841.011,1.56891,0.00138175
840.011,1.56889,0.00138033
839.011,1.56888,0.00137891
838.011,1.56886,0.00137749
837.011,1.56885,0.00137606
836.011,1.56883,0.00137463
835.011,1.56882,0.0013732
834.011,1.56881,0.00137177
833.011,1.56879,0.00137033
832.011,1.56878,0.00136888
831.011,1.56876,0.00136744
830.012,1.56875,0.00136599
829.012,1.56873,0.00136454
828.012,1.56872,0.00136308
827.012,1.5687,0.00136162
826.012,1.56869,0.00136015
825.012,1.56868,0.00135869
824.012,1.56866,0.00135722
823.012,1.56865,0.00135574
822.012,1.56863,0.00135426
821.012,1.56862,0.00135278
820.012,1.5686,0.0013513
819.012,1.56859,0.00134981
818.012,1.56857,0.00134832
817.013,1.56856,0.00134682
816.013,1.56854,0.00134532
815.013,1.56853,0.00134382
814.013,1.56851,0.00134231
813.013,1.5685,0.0013408
812.013,1.56848,0.00133928
811.013,1.56847,0.00133776
810.013,1.56845,0.00133624
809.013,1.56844,0.00133472
808.013,1.56842,0.00133319
807.013,1.5684,0.00133165
806.013,1.56839,0.00133012
805.013,1.56837,0.00132857
804.014,1.56836,0.00132703
803.014,1.56834,0.00132548
802.014,1.56833,0.00132393
801.014,1.56831,0.00132237
800.014,1.5683,0.00132081
799.014,1.56828,0.00131925
798.014,1.56827,0.00131768
797.014,1.56825,0.00131611
796.014,1.56823,0.00131453
795.014,1.56822,0.00131295
794.014,1.5682,0.00131137
793.014,1.56819,0.00130978
792.014,1.56817,0.00130819
791.015,1.56815,0.00130659
790.015,1.56814,0.00130499
789.015,1.56812,0.00130339
788.015,1.56811,0.00130178
787.015,1.56809,0.00130016
786.015,1.56807,0.00129855
785.015,1.56806,0.00129693
784.015,1.56804,0.0012953
783.015,1.56803,0.00129367
782.015,1.56801,0.00129204
781.015,1.56799,0.0012904
780.015,1.56798,0.00128876
779.016,1.56796,0.00128712
778.016,1.56794,0.00128547
777.016,1.56793,0.00128381
776.016,1.56791,0.00128215
775.016,1.56789,0.00128049
774.016,1.56788,0.00127882
773.016,1.56786,0.00127715
772.016,1.56784,0.00127548
771.016,1.56783,0.0012738
770.016,1.56781,0.00127211
769.016,1.56779,0.00127043
768.016,1.56778,0.00126873
767.017,1.56776,0.00126703
766.017,1.56774,0.00126533
765.017,1.56772,0.00126363
764.017,1.56771,0.00126192
763.017,1.56769,0.0012602
762.017,1.56767,0.00125848
761.017,1.56766,0.00125676
760.017,1.56764,0.00125503
759.017,1.56762,0.00125329
758.017,1.5676,0.00125156
757.017,1.56759,0.00124981
756.017,1.56757,0.00124807
755.018,1.56755,0.00124631
754.018,1.56753,0.00124456
753.018,1.56752,0.0012428
752.018,1.5675,0.00124103
751.018,1.56748,0.00123926
750.018,1.56746,0.00123748
749.018,1.56745,0.0012357
748.018,1.56743,0.00123392
747.018,1.56741,0.00123213
746.018,1.56739,0.00123034
745.018,1.56737,0.00122854
744.019,1.56736,0.00122673
743.019,1.56734,0.00122492
742.019,1.56732,0.00122311
741.019,1.5673,0.00122129
740.019,1.56728,0.00121947
739.019,1.56726,0.00121764
738.019,1.56725,0.00121581
737.019,1.56723,0.00121397
736.019,1.56721,0.00121212
735.019,1.56719,0.00121028
734.019,1.56717,0.00120842
733.02,1.56715,0.00120656
732.02,1.56714,0.0012047
731.02,1.56712,0.00120283
730.02,1.5671,0.00120096
729.02,1.56708,0.00119908
728.02,1.56706,0.0011972
727.02,1.56704,0.00119531
726.02,1.56702,0.00119341
725.02,1.567,0.00119151
724.02,1.56698,0.00118961
723.021,1.56697,0.0011877
722.021,1.56695,0.00118578
721.021,1.56693,0.00118386
720.021,1.56691,0.00118193
719.021,1.56689,0.00118
718.021,1.56687,0.00117807
717.021,1.56685,0.00117612
716.021,1.56683,0.00117418
715.021,1.56681,0.00117222
714.021,1.56679,0.00117026
713.022,1.56677,0.0011683
712.022,1.56675,0.00116633
711.022,1.56673,0.00116435
710.022,1.56671,0.00116237
709.022,1.56669,0.00116039
708.022,1.56667,0.0011584
707.022,1.56665,0.0011564
706.022,1.56663,0.00115439
705.022,1.56661,0.00115239
704.022,1.56659,0.00115037
703.023,1.56657,0.00114835
702.023,1.56655,0.00114632
701.023,1.56653,0.00114429
700.023,1.56651,0.00114226
699.023,1.56649,0.00114021
698.023,1.56647,0.00113816
697.023,1.56645,0.00113611
696.023,1.56643,0.00113405
695.023,1.56641,0.00113198
694.023,1.56639,0.00112991
693.024,1.56637,0.00112783
692.024,1.56635,0.00112574
691.024,1.56632,0.00112365
690.024,1.5663,0.00112155
689.024,1.56628,0.00111945
688.024,1.56626,0.00111734
687.024,1.56624,0.00111523
686.024,1.56622,0.0011131
685.024,1.5662,0.00111098
684.025,1.56618,0.00110884
683.025,1.56616,0.0011067
682.025,1.56613,0.00110455
681.025,1.56611,0.0011024
680.025,1.56609,0.00110024
679.025,1.56607,0.00109808
678.025,1.56605,0.0010959
677.025,1.56603,0.00109373
676.025,1.566,0.00109154
675.025,1.56598,0.00108935
674.026,1.56596,0.00108715
673.026,1.56594,0.00108495
672.026,1.56592,0.00108274
671.026,1.56589,0.00108052
670.026,1.56587,0.0010783
669.026,1.56585,0.00107606
668.026,1.56583,0.00107383
667.026,1.5658,0.00107158
666.026,1.56578,0.00106933
665.027,1.56576,0.00106707
664.027,1.56574,0.00106481
663.027,1.56571,0.00106254
662.027,1.56569,0.00106026
661.027,1.56567,0.00105798
660.027,1.56565,0.00105568
659.027,1.56562,0.00105338
658.027,1.5656,0.00105108
657.028,1.56558,0.00104877
656.028,1.56555,0.00104645
655.028,1.56553,0.00104412
654.028,1.56551,0.00104178
653.028,1.56548,0.00103944
652.028,1.56546,0.0010371
651.028,1.56544,0.00103474
650.028,1.56541,0.00103238
649.028,1.56539,0.00103001
648.029,1.56536,0.00102763
647.029,1.56534,0.00102524
646.029,1.56532,0.00102285
645.029,1.56529,0.00102045
644.029,1.56527,0.00101804
643.029,1.56524,0.00101563
642.029,1.56522,0.00101321
641.029,1.5652,0.00101078
640.03,1.56517,0.00100834
639.03,1.56515,0.0010059
638.03,1.56512,0.00100344
637.03,1.5651,0.00100098
636.03,1.56507,0.000998514
635.03,1.56505,0.000996039
634.03,1.56502,0.000993555
633.03,1.565,0.000991064
632.031,1.56497,0.000988564
631.031,1.56495,0.000986057
630.031,1.56492,0.000983542
629.031,1.5649,0.000981018
628.031,1.56487,0.000978487
627.031,1.56485,0.000975948
626.031,1.56482,0.0009734
625.031,1.5648,0.000970845
624.032,1.56477,0.000968281
623.032,1.56475,0.000965709
622.032,1.56472,0.000963128
621.032,1.56469,0.00096054
620.032,1.56467,0.000957943
619.032,1.56464,0.000955338
618.032,1.56462,0.000952724
617.032,1.56459,0.000950101
616.033,1.56456,0.000947471
615.033,1.56454,0.000944831
614.033,1.56451,0.000942183
613.033,1.56448,0.000939527
612.033,1.56446,0.000936862
611.033,1.56443,0.000934188
610.033,1.5644,0.000931505
609.034,1.56438,0.000928813
608.034,1.56435,0.000926113
607.034,1.56432,0.000923404
606.034,1.5643,0.000920685
605.034,1.56427,0.000917958
604.034,1.56424,0.000915222
603.034,1.56421,0.000912477
602.035,1.56419,0.000909722
601.035,1.56416,0.000906959
600.035,1.56413,0.000904186
599.035,1.5641,0.000901404
598.035,1.56407,0.000898612
597.035,1.56405,0.000895812
596.035,1.56402,0.000893001
595.036,1.56399,0.000890182
594.036,1.56396,0.000887353
593.036,1.56393,0.000884514
592.036,1.56391,0.000881666
591.036,1.56388,0.000878808
590.036,1.56385,0.000875941
589.036,1.56382,0.000873063
588.037,1.56379,0.000870176
587.037,1.56376,0.000867279
586.037,1.56373,0.000864373
585.037,1.5637,0.000861456
584.037,1.56367,0.000858529
583.037,1.56364,0.000855593
582.037,1.56361,0.000852646
581.038,1.56359,0.000849689
580.038,1.56356,0.000846722
579.038,1.56353,0.000843744
578.038,1.5635,0.000840757
577.038,1.56347,0.000837758
576.038,1.56344,0.00083475
575.038,1.56341,0.000831731
574.039,1.56338,0.000828702
573.039,1.56335,0.000825662
572.039,1.56331,0.000822611
571.039,1.56328,0.00081955
570.039,1.56325,0.000816477
569.039,1.56322,0.000813395
568.04,1.56319,0.000810301
567.04,1.56316,0.000807196
566.04,1.56313,0.000804081
565.04,1.5631,0.000800954
564.04,1.56307,0.000797816
563.04,1.56304,0.000794667
562.04,1.563,0.000791507
561.041,1.56297,0.000788336
560.041,1.56294,0.000785153
559.041,1.56291,0.000781959
558.041,1.56288,0.000778754
557.041,1.56284,0.000775537
556.041,1.56281,0.000772308
555.042,1.56278,0.000769068
554.042,1.56275,0.000765816
553.042,1.56271,0.000762552
552.042,1.56268,0.000759277
551.042,1.56265,0.000755989
550.042,1.56262,0.00075269
549.043,1.56258,0.000749379
548.043,1.56255,0.000746055
547.043,1.56252,0.00074272
546.043,1.56248,0.000739372
545.043,1.56245,0.000736012
544.043,1.56241,0.000732639
543.044,1.56238,0.000729255
542.044,1.56235,0.000725857
541.044,1.56231,0.000722447
540.044,1.56228,0.000719025
539.044,1.56224,0.00071559
538.044,1.56221,0.000712142
537.045,1.56218,0.000708681
536.045,1.56214,0.000705207
535.045,1.56211,0.00070172
534.045,1.56207,0.00069822
533.045,1.56204,0.000694707
532.046,1.562,0.000691181
531.046,1.56197,0.000687642
530.046,1.56193,0.000684089
529.046,1.56189,0.000680523
528.046,1.56186,0.000676943
527.046,1.56182,0.00067335
526.047,1.56179,0.000669743
525.047,1.56175,0.000666122
524.047,1.56171,0.000662488
523.047,1.56168,0.000658839
522.047,1.56164,0.000655177
521.048,1.5616,0.000651501
520.048,1.56157,0.00064781
519.048,1.56153,0.000644105
518.048,1.56149,0.000640386
517.048,1.56146,0.000636653
516.048,1.56142,0.000632905
515.049,1.56138,0.000629142
514.049,1.56134,0.000625365
513.049,1.5613,0.000621573
512.049,1.56127,0.000617766
511.049,1.56123,0.000613945
510.05,1.56119,0.000610108
509.05,1.56115,0.000606257
508.05,1.56111,0.00060239
507.05,1.56107,0.000598508
506.05,1.56103,0.00059461
505.051,1.561,0.000590697
504.051,1.56096,0.000586769
503.051,1.56092,0.000582825
502.051,1.56088,0.000578865
501.051,1.56084,0.00057489
500.052,1.5608,0.000570898
499.052,1.56076,0.000566891
498.052,1.56072,0.000562868
497.052,1.56068,0.000558828
496.052,1.56064,0.000554772
495.053,1.5606,0.0005507
494.053,1.56055,0.000546611
493.053,1.56051,0.000542505
492.053,1.56047,0.000538383
491.053,1.56043,0.000534244
490.054,1.56039,0.000530089
489.054,1.56035,0.000525916
488.054,1.56031,0.000521726
487.054,1.56026,0.000517519
486.054,1.56022,0.000513294
485.055,1.56018,0.000509053
484.055,1.56014,0.000504793
483.055,1.56009,0.000500516
482.055,1.56005,0.000496222
481.056,1.56001,0.000491909
480.056,1.55996,0.000487578
479.056,1.55992,0.00048323
478.056,1.55988,0.000478863
477.056,1.55983,0.000474478
476.057,1.55979,0.000470074
475.057,1.55975,0.000465652
474.057,1.5597,0.000461212
473.057,1.55966,0.000456752
472.058,1.55961,0.000452274
471.058,1.55957,0.000447776
470.058,1.55952,0.00044326
469.058,1.55948,0.000438724
468.058,1.55943,0.000434169
467.059,1.55938,0.000429594
466.059,1.55934,0.000425
465.059,1.55929,0.000420385
464.059,1.55925,0.000415751
463.06,1.5592,0.000411097
462.06,1.55915,0.000406423
461.06,1.55911,0.000401729
460.06,1.55906,0.000397014
459.061,1.55901,0.000392279
458.061,1.55896,0.000387523
457.061,1.55892,0.000382746
456.061,1.55887,0.000377948
455.062,1.55882,0.000373129
454.062,1.55877,0.000368289
453.062,1.55872,0.000363427
452.062,1.55867,0.000358544
451.063,1.55863,0.00035364
450.063,1.55858,0.000348713
449.063,1.55853,0.000343765
448.063,1.55848,0.000338795
447.063,1.55843,0.000333802
446.064,1.55838,0.000328787
445.064,1.55833,0.000323749
444.064,1.55828,0.000318689
443.065,1.55823,0.000313606
442.065,1.55817,0.000308499
441.065,1.55812,0.00030337
440.065,1.55807,0.000298218
439.066,1.55802,0.000293041
438.066,1.55797,0.000287842
437.066,1.55792,0.000282618
436.066,1.55786,0.000277371
435.067,1.55781,0.000272099
434.067,1.55776,0.000266803
433.067,1.5577,0.000261483
432.067,1.55765,0.000256138
431.068,1.5576,0.000250768
430.068,1.55754,0.000245373
429.068,1.55749,0.000239953
428.068,1.55743,0.000234508
427.069,1.55738,0.000229037
426.069,1.55732,0.000223541
425.069,1.55727,0.000218019
424.07,1.55721,0.00021247
423.07,1.55716,0.000206896
422.07,1.5571,0.000201295
421.07,1.55705,0.000195667
420.071,1.55699,0.000190013
419.071,1.55693,0.000184332
418.071,1.55688,0.000178623
417.072,1.55682,0.000172887
416.072,1.55676,0.000167124
415.072,1.5567,0.000161332
414.072,1.55664,0.000155513
413.073,1.55659,0.000149666
412.073,1.55653,0.00014379
411.073,1.55647,0.000137886
410.074,1.55641,0.000131952
409.074,1.55635,0.00012599
408.074,1.55629,0.000119999
407.075,1.55623,0.000113978
406.075,1.55617,0.000107927
405.075,1.55611,0.000101847
404.075,1.55605,9.57366e-05
403.076,1.55599,8.95959e-05
402.076,1.55592,8.34245e-05
401.076,1.55586,7.72224e-05
400.077,1.5558,7.09893e-05
399.077,1.55574,6.47249e-05
398.077,1.55567,5.84291e-05
397.078,1.55561,5.21015e-05
396.078,1.55555,4.5742e-05
395.078,1.55548,3.93503e-05
394.079,1.55542,3.29262e-05
393.079,1.55535,2.64694e-05
392.079,1.55529,1.99796e-05
391.08,1.55522,1.34567e-05
390.08,1.55516,6.90025e-06
389.08,1.55509,3.10143e-07
388.081,1.55503,-6.31393e-06
387.081,1.55496,-1.29722e-05
386.081,1.55489,-1.9665e-05
385.082,1.55483,-2.63926e-05
384.082,1.55476,-3.31552e-05
383.082,1.55469,-3.99531e-05
382.083,1.55462,-4.67866e-05
381.083,1.55455,-5.36559e-05
380.083,1.55448,-6.05614e-05
379.084,1.55441,-6.75034e-05
378.084,1.55435,-7.4482e-05
377.084,1.55427,-8.14977e-05
376.085,1.5542,-8.85507e-05
375.085,1.55413,-9.56413e-05
374.085,1.55406,-0.00010277
373.086,1.55399,-0.000109937
372.086,1.55392,-0.000117142
371.087,1.55385,-0.000124386
370.087,1.55377,-0.000131669
369.087,1.5537,-0.000138992
368.088,1.55363,-0.000146354
367.088,1.55355,-0.000153757
366.088,1.55348,-0.0001612
365.089,1.5534,-0.000168684
364.089,1.55333,-0.000176209
363.09,1.55325,-0.000183775
362.09,1.55318,-0.000191384
361.09,1.5531,-0.000199034
360.091,1.55302,-0.000206727
359.091,1.55295,-0.000214462
358.091,1.55287,-0.000222241
357.092,1.55279,-0.000230064
356.092,1.55271,-0.00023793
355.093,1.55263,-0.000245841
354.093,1.55255,-0.000253796
353.093,1.55247,-0.000261797
352.094,1.55239,-0.000269843
351.094,1.55231,-0.000277935
350.095,1.55223,-0.000286073
349.095,1.55215,-0.000294257
348.095,1.55207,-0.000302489
347.096,1.55198,-0.000310768
346.096,1.5519,-0.000319095
345.097,1.55182,-0.00032747
344.097,1.55173,-0.000335894
343.098,1.55165,-0.000344367
342.098,1.55156,-0.00035289
341.098,1.55148,-0.000361462
340.099,1.55139,-0.000370085
339.099,1.5513,-0.000378759
338.1,1.55122,-0.000387484
337.1,1.55113,-0.000396261
336.101,1.55104,-0.00040509
335.101,1.55095,-0.000413972
334.102,1.55086,-0.000422907
333.102,1.55077,-0.000431896
332.102,1.55068,-0.000440939
331.103,1.55059,-0.000450036
330.103,1.5505,-0.000459189
329.104,1.55041,-0.000468397
328.104,1.55031,-0.000477661
327.105,1.55022,-0.000486982
326.105,1.55013,-0.000496361
325.106,1.55003,-0.000505797
324.106,1.54994,-0.000515291
323.107,1.54984,-0.000524844
322.107,1.54975,-0.000534456
321.108,1.54965,-0.000544128
320.108,1.54955,-0.00055386
319.109,1.54946,-0.000563654
318.109,1.54936,-0.000573509
317.11,1.54926,-0.000583426
316.11,1.54916,-0.000593407
315.111,1.54906,-0.00060345
314.111,1.54896,-0.000613557
313.112,1.54885,-0.000623729
312.112,1.54875,-0.000633966
311.113,1.54865,-0.000644269
310.113,1.54855,-0.000654639
309.114,1.54844,-0.000665075
308.114,1.54834,-0.00067558
307.115,1.54823,-0.000686152
306.115,1.54812,-0.000696794
305.116,1.54802,-0.000707506
304.116,1.54791,-0.000718288
303.117,1.5478,-0.000729141
302.117,1.54769,-0.000740066
301.118,1.54758,-0.000751064
300.119,1.54747,-0.000762135
299.119,1.54736,-0.00077328
298.12,1.54725,-0.000784499
297.12,1.54713,-0.000795795
296.121,1.54702,-0.000807166
295.121,1.54691,-0.000818615
294.122,1.54679,-0.000830141
293.123,1.54668,-0.000841747
292.123,1.54656,-0.000853431
291.124,1.54644,-0.000865196
290.124,1.54632,-0.000877043
289.125,1.5462,-0.000888971
288.125,1.54608,-0.000900981
287.126,1.54596,-0.000913076
286.127,1.54584,-0.000925255
285.127,1.54572,-0.00093752
284.128,1.5456,-0.000949871
283.129,1.54547,-0.000962309
282.129,1.54535,-0.000974835
281.13,1.54522,-0.000987451
280.13,1.54509,-0.00100016
279.131,1.54496,-0.00101295
278.132,1.54484,-0.00102584
277.132,1.54471,-0.00103882
276.133,1.54458,-0.0010519
275.134,1.54444,-0.00106507
274.134,1.54431,-0.00107834
273.135,1.54418,-0.0010917
272.136,1.54404,-0.00110516
271.136,1.54391,-0.00111873
270.137,1.54377,-0.00113239
269.138,1.54363,-0.00114615
268.138,1.5435,-0.00116002
267.139,1.54336,-0.00117399
266.14,1.54321,-0.00118806
265.141,1.54307,-0.00120225
264.141,1.54293,-0.00121654
263.142,1.54279,-0.00123093
262.143,1.54264,-0.00124544
261.143,1.5425,-0.00126006
260.144,1.54235,-0.00127479
259.145,1.5422,-0.00128963
258.146,1.54205,-0.00130459
257.146,1.5419,-0.00131967
256.147,1.54175,-0.00133487
255.148,1.54159,-0.00135018
254.149,1.54144,-0.00136561
253.15,1.54129,-0.00138117
252.15,1.54113,-0.00139685
251.151,1.54097,-0.00141265
250.152,1.54081,-0.00142858
249.153,1.54065,-0.00144464
248.154,1.54049,-0.00146083
247.154,1.54033,-0.00147715
246.155,1.54016,-0.0014936
245.156,1.54,-0.00151018
244.157,1.53983,-0.00152691
243.158,1.53966,-0.00154376
242.159,1.53949,-0.00156076
241.159,1.53932,-0.0015779
240.16,1.53915,-0.00159519
239.161,1.53897,-0.00161261
238.162,1.5388,-0.00163019
237.163,1.53862,-0.00164791
236.164,1.53844,-0.00166578
235.165,1.53826,-0.0016838
234.166,1.53808,-0.00170198
233.167,1.5379,-0.00172032
232.167,1.53771,-0.00173881
231.168,1.53753,-0.00175746
230.169,1.53734,-0.00177627
229.17,1.53715,-0.00179525
228.171,1.53696,-0.0018144
227.172,1.53676,-0.00183371
226.173,1.53657,-0.0018532
225.174,1.53637,-0.00187285
224.175,1.53618,-0.00189269
223.176,1.53598,-0.0019127
222.177,1.53577,-0.00193289
221.178,1.53557,-0.00195326
220.179,1.53537,-0.00197382
219.18,1.53516,-0.00199457
218.181,1.53495,-0.0020155
217.182,1.53474,-0.00203663
216.183,1.53452,-0.00205796
215.184,1.53431,-0.00207948
214.186,1.53409,-0.00210121
213.187,1.53387,-0.00212314
212.188,1.53365,-0.00214527
211.189,1.53343,-0.00216762
210.19,1.5332,-0.00219018
209.191,1.53298,-0.00221295
208.192,1.53275,-0.00223594
207.193,1.53252,-0.00225916
206.195,1.53228,-0.0022826
205.196,1.53205,-0.00230627
204.197,1.53181,-0.00233017
203.198,1.53157,-0.00235431
202.199,1.53132,-0.00237868
201.201,1.53108,-0.0024033
200.202,1.53083,-0.00242816
199.203,1.53058,-0.00245328
198.204,1.53032,-0.00247865
197.206,1.53007,-0.00250427
196.207,1.52981,-0.00253016
195.208,1.52955,-0.00255631
194.21,1.52929,-0.00258273
193.211,1.52902,-0.00260942
192.212,1.52875,-0.0026364
191.214,1.52848,-0.00266365
190.215,1.5282,-0.0026912
189.216,1.52792,-0.00271903
188.218,1.52764,-0.00274716
187.219,1.52736,-0.00277559
186.221,1.52707,-0.00280432
185.222,1.52678,-0.00283337
184.224,1.52649,-0.00286273
183.225,1.52619,-0.00289242
182.227,1.52589,-0.00292242
181.228,1.52559,-0.00295277
180.23,1.52529,-0.00298344
179.231,1.52498,-0.00301446
178.233,1.52466,-0.00304583
177.234,1.52435,-0.00307755
176.236,1.52403,-0.00310964
175.238,1.5237,-0.00314209
174.239,1.52338,-0.00317491
173.241,1.52304,-0.00320811
172.242,1.52271,-0.0032417
171.244,1.52237,-0.00327568
170.246,1.52203,-0.00331006
169.248,1.52168,-0.00334485
168.249,1.52133,-0.00338005
167.251,1.52097,-0.00341567
166.253,1.52061,-0.00345173
165.255,1.52025,-0.00348821
164.257,1.51988,-0.00352515
163.258,1.51951,-0.00356253
162.26,1.51913,-0.00360038
161.262,1.51875,-0.0036387
160.264,1.51836,-0.0036775
159.266,1.51797,-0.00371678
158.268,1.51757,-0.00375656
157.27,1.51717,-0.00379685
156.272,1.51676,-0.00383766
155.274,1.51635,-0.00387899
154.276,1.51594,-0.00392085
153.278,1.51551,-0.00396327
152.281,1.51508,-0.00400624
151.283,1.51465,-0.00404978
150.285,1.51421,-0.00409391
149.287,1.51376,-0.00413862
148.289,1.51331,-0.00418394
147.292,1.51285,-0.00422987
146.294,1.51239,-0.00427644
145.296,1.51192,-0.00432364
144.299,1.51144,-0.0043715
143.301,1.51096,-0.00442003
142.304,1.51047,-0.00446924
141.306,1.50997,-0.00451916
140.309,1.50947,-0.00456978
139.311,1.50896,-0.00462113
138.314,1.50844,-0.00467323
137.316,1.50791,-0.00472608
136.319,1.50738,-0.00477972
135.322,1.50683,-0.00483414
134.324,1.50628,-0.00488938
133.327,1.50573,-0.00494545
132.33,1.50516,-0.00500237
131.333,1.50458,-0.00506016
130.336,1.504,-0.00511884
129.339,1.50341,-0.00517842
128.342,1.5028,-0.00523894
127.345,1.50219,-0.00530041
126.348,1.50157,-0.00536285
125.351,1.50094,-0.0054263
124.354,1.5003,-0.00549076
123.357,1.49965,-0.00555628
122.361,1.49898,-0.00562286
121.364,1.49831,-0.00569055
120.368,1.49763,-0.00575937
119.371,1.49693,-0.00582934
118.375,1.49622,-0.00590049
117.378,1.4955,-0.00597287
116.382,1.49477,-0.00604649
115.385,1.49403,-0.00612139
114.389,1.49327,-0.0061976
113.393,1.4925,-0.00627516
112.397,1.49171,-0.00635411
111.401,1.49091,-0.00643447
110.405,1.4901,-0.0065163
109.409,1.48927,-0.00659963
108.413,1.48843,-0.0066845
107.418,1.48757,-0.00677096
106.422,1.4867,-0.00685905
105.426,1.48581,-0.00694881
104.431,1.4849,-0.0070403
103.435,1.48397,-0.00713357
102.44,1.48303,-0.00722866
101.445,1.48207,-0.00732564
100.45,1.48109,-0.00742456
99.4547,1.48008,-0.00752547
98.4597,1.47906,-0.00762844
97.4649,1.47802,-0.00773353
96.4702,1.47696,-0.00784081
95.4756,1.47587,-0.00795035
94.4811,1.47476,-0.00806222
93.4867,1.47363,-0.00817649
92.4924,1.47248,-0.00829325
91.4982,1.47129,-0.00841257
90.5042,1.47009,-0.00853454
89.5103,1.46885,-0.00865925
88.5166,1.46759,-0.00878679
87.523,1.4663,-0.00891727
86.5295,1.46498,-0.00905078
85.5362,1.46363,-0.00918742
84.543,1.46225,-0.00932732
83.5501,1.46083,-0.00947059
82.5572,1.45938,-0.00961735
81.5646,1.4579,-0.00976773
80.5721,1.45637,-0.00992187
79.5798,1.45481,-0.0100799
78.5877,1.45322,-0.010242
77.5958,1.45158,-0.0104083
76.6041,1.44989,-0.010579
75.6126,1.44817,-0.0107542
74.6214,1.4464,-0.0109342
73.6304,1.44458,-0.011119
72.6396,1.44271,-0.011309
71.6491,1.44079,-0.0115044
70.6588,1.43881,-0.0117054
69.6688,1.43678,-0.0119121
68.6791,1.43469,-0.012125
67.6897,1.43254,-0.0123442
66.7006,1.43032,-0.01257
65.7119,1.42804,-0.0128028
64.7235,1.42569,-0.0130428
63.7354,1.42327,-0.0132905
62.7477,1.42077,-0.0135461
61.7604,1.41819,-0.0138102
60.7735,1.41552,-0.014083
59.787,1.41277,-0.0143651
58.801,1.40993,-0.0146569
57.8154,1.40699,-0.0149589
56.8304,1.40395,-0.0152717
55.8458,1.40079,-0.0155959
54.8619,1.39753,-0.0159321
53.8785,1.39415,-0.0162809
52.8957,1.39064,-0.0166432
51.9135,1.387,-0.0170197
50.932,1.38322,-0.0174112
49.9513,1.37929,-0.0178187
48.9713,1.3752,-0.0182432
47.9921,1.37095,-0.0186858
47.0138,1.36652,-0.0191476
46.0364,1.3619,-0.0196299
45.0599,1.35708,-0.0201341
44.0845,1.35205,-0.0206618
43.1102,1.34679,-0.0212146
42.137,1.34128,-0.0217944
41.1652,1.33552,-0.0224031
40.1946,1.32948,-0.0230431
39.2255,1.32314,-0.0237169
38.2579,1.31648,-0.024427
37.2921,1.30947,-0.0251766
36.3279,1.30209,-0.0259691
35.3658,1.29431,-0.0268083
34.4057,1.2861,-0.0276983
33.4479,1.27741,-0.0286441
32.4925,1.26821,-0.029651
31.5399,1.25846,-0.0307251
30.5901,1.2481,-0.0318735
29.6435,1.23708,-0.0331042
28.7005,1.22534,-0.0344262
27.7612,1.21279,-0.0358503
26.8262,1.19938,-0.0373888
25.8958,1.18499,-0.0390561
24.9705,1.16954,-0.0408692
24.051,1.15291,-0.0428482
23.1379,1.13496,-0.045017
22.2319,1.11554,-0.0474046
21.3338,1.09448,-0.050046
20.4447,1.07158,-0.0529843
19.5657,1.04662,-0.0562731
18.6981,1.01934,-0.0599797
17.8436,0.989422,-0.06419
17.0039,0.956537,-0.0690156
16.1812,0.920285,-0.074604
15.3779,0.880218,-0.0811545
14.5971,0.835826,-0.0889436
13.8423,0.786546,-0.0983663
13.1173,0.73176,-0.110008
12.4271,0.67082,-0.124775
11.7769,0.603084,-0.144151
11.1731,0.527991,-0.170743
10.6225,0.4452,-0.209576
10.1327,0.354878,-0.271682
9.71159,0.258497,-0.386301
9.3671,0.162211,-0.655246
9.10657,0.101332,-1.4331
8.9362,0.151017,-2.43464
8.86032,0.265969,-2.7585
8.88098,0.392131,-2.88524
8.99761,0.519287,-2.95121
9.20714,0.643056,-2.99175
9.50436,0.760732,-3.01937
9.88252,0.870614,-3.03955
10.3339,0.971806,-3.05504
10.8507,1.06404,-3.06739
11.4249,1.1475,-3.0775
12.0493,1.22268,-3.08598
12.7173,1.29023,-3.0932
13.423,1.35087,-3.09944
14.1612,1.40533,-3.10491
14.9277,1.4543,-3.10974
15.7184,1.49843,-3.11404
16.5303,1.53827,-3.1179
17.3606,1.57434,-3.12139
18.2069,1.60709,-3.12455
19.0672,1.63691,-3.12744
19.9398,1.66414,-3.13009
20.8232,1.68907,-3.13252
21.7163,1.71195,-3.13477
22.6179,1.73303,-3.13686
23.5271,1.75247,-3.13879
24.443,1.77047,-3.1406
25.365,1.78716,-3.14228
26.2925,1.80268,-3.14386
27.225,1.81714,-3.14534
28.1618,1.83063,-3.14673
29.1028,1.84326,-3.14804
30.0474,1.85509,-3.14928
30.9954,1.8662,-3.15045
31.9464,1.87665,-3.15155
32.9002,1.88649,-3.1526
33.8567,1.89578,-3.1536
34.8155,1.90455,-3.15455
35.7765,1.91286,-3.15545
36.7395,1.92073,-3.15631
37.7043,1.92819,-3.15713
38.671,1.93529,-3.15791
39.6392,1.94204,-3.15866
40.6089,1.94846,-3.15938
41.5801,1.95459,-3.16007
42.5525,1.96043,-3.16072
43.5262,1.96602,-3.16136
44.5009,1.97136,-3.16196
45.4768,1.97647,-3.16255
46.4537,1.98136,-3.16311
47.4315,1.98605,-3.16365
48.4102,1.99056,-3.16417
49.3897,1.99488,-3.16467
50.37,1.99904,-3.16516
51.3511,2.00304,-3.16563
52.3329,2.00688,-3.16608
53.3153,2.01059,-3.16652
54.2984,2.01416,-3.16694
55.282,2.01761,-3.16735
56.2663,2.02093,-3.16774
57.251,2.02414,-3.16813
58.2363,2.02724,-3.1685
59.222,2.03024,-3.16886
60.2083,2.03314,-3.16921
61.1949,2.03594,-3.16955
62.182,2.03866,-3.16988
63.1695,2.04129,-3.1702
64.1573,2.04384,-3.17051
65.1455,2.04632,-3.17081
66.1341,2.04872,-3.1711
67.123,2.05105,-3.17139
68.1122,2.05331,-3.17167
69.1018,2.0555,-3.17194
70.0916,2.05764,-3.1722
71.0817,2.05971,-3.17246
72.0721,2.06173,-3.17271
73.0627,2.06369,-3.17296
74.0536,2.0656,-3.1732
75.0447,2.06746,-3.17343
76.036,2.06927,-3.17365
77.0276,2.07104,-3.17388
78.0194,2.07276,-3.17409
79.0114,2.07444,-3.1743
80.0036,2.07607,-3.17451
80.9959,2.07767,-3.17471
81.9885,2.07922,-3.17491
82.9812,2.08074,-3.1751
83.9741,2.08222,-3.17529
84.9672,2.08367,-3.17547
85.9604,2.08509,-3.17566
86.9538,2.08647,-3.17583
87.9473,2.08782,-3.176
88.941,2.08914,-3.17617
89.9348,2.09044,-3.17634
90.9287,2.0917,-3.1765
91.9228,2.09294,-3.17666
92.917,2.09415,-3.17682
93.9113,2.09533,-3.17697
94.9058,2.09649,-3.17712
95.9003,2.09762,-3.17727
96.895,2.09874,-3.17741
97.8898,2.09983,-3.17755
98.8846,2.10089,-3.17769
99.8796,2.10194,-3.17783
100.875,2.10297,-3.17796
101.87,2.10397,-3.17809
102.865,2.10496,-3.17822
103.86,2.10592,-3.17835
104.856,2.10687,-3.17847
105.851,2.1078,-3.17859
106.847,2.10872,-3.17871
107.843,2.10961,-3.17883
108.839,2.1105,-3.17895
109.834,2.11136,-3.17906
110.83,2.11221,-3.17917
111.826,2.11304,-3.17928
112.822,2.11386,-3.17939
113.818,2.11467,-3.1795
114.815,2.11546,-3.1796
115.811,2.11623,-3.1797
116.807,2.117,-3.1798
117.804,2.11775,-3.1799
118.8,2.11849,-3.18
119.797,2.11921,-3.1801
120.793,2.11993,-3.18019
121.79,2.12063,-3.18029
122.786,2.12132,-3.18038
123.783,2.122,-3.18047
124.78,2.12267,-3.18056
125.777,2.12333,-3.18065
126.774,2.12397,-3.18073
127.771,2.12461,-3.18082
128.768,2.12524,-3.1809
129.765,2.12586,-3.18099
130.762,2.12647,-3.18107
131.759,2.12707,-3.18115
132.756,2.12766,-3.18123
133.753,2.12824,-3.18131
134.75,2.12881,-3.18138
135.748,2.12938,-3.18146
136.745,2.12993,-3.18153
137.742,2.13048,-3.18161
138.74,2.13102,-3.18168
139.737,2.13156,-3.18175
140.735,2.13208,-3.18182
141.732,2.1326,-3.18189
142.73,2.13311,-3.18196
143.727,2.13361,-3.18203
144.725,2.13411,-3.1821
145.722,2.1346,-3.18216
146.72,2.13508,-3.18223
147.718,2.13556,-3.18229
148.716,2.13603,-3.18236
149.713,2.1365,-3.18242
150.711,2.13695,-3.18248
151.709,2.1374,-3.18254
152.707,2.13785,-3.1826
153.705,2.13829,-3.18266
154.702,2.13873,-3.18272
155.7,2.13915,-3.18278
156.698,2.13958,-3.18284
157.696,2.14,-3.1829
158.694,2.14041,-3.18295
159.692,2.14082,-3.18301
160.69,2.14122,-3.18306
161.689,2.14162,-3.18312
162.687,2.14201,-3.18317
163.685,2.1424,-3.18323
164.683,2.14278,-3.18328
165.681,2.14316,-3.18333
166.679,2.14353,-3.18338
167.677,2.1439,-3.18343
168.676,2.14427,-3.18348
169.674,2.14463,-3.18353
170.672,2.14499,-3.18358
171.671,2.14534,-3.18363
172.669,2.14569,-3.18368
173.667,2.14603,-3.18372
174.666,2.14637,-3.18377
175.664,2.14671,-3.18382
176.662,2.14704,-3.18386
177.661,2.14737,-3.18391
178.659,2.1477,-3.18395
179.658,2.14802,-3.184
180.656,2.14834,-3.18404
181.655,2.14865,-3.18408
182.653,2.14896,-3.18413
183.652,2.14927,-3.18417
184.65,2.14957,-3.18421
185.649,2.14988,-3.18425
186.647,2.15017,-3.18429
187.646,2.15047,-3.18434
188.644,2.15076,-3.18438
189.643,2.15105,-3.18442
190.642,2.15134,-3.18446
191.64,2.15162,-3.18449
192.639,2.1519,-3.18453
193.637,2.15217,-3.18457
194.636,2.15245,-3.18461
195.635,2.15272,-3.18465
196.634,2.15299,-3.18468
197.632,2.15325,-3.18472
198.631,2.15352,-3.18476
199.63,2.15378,-3.18479
200.628,2.15404,-3.18483
201.627,2.15429,-3.18487
202.626,2.15454,-3.1849
203.625,2.15479,-3.18494
204.624,2.15504,-3.18497
205.622,2.15529,-3.185
206.621,2.15553,-3.18504
207.62,2.15577,-3.18507
208.619,2.15601,-3.1851
209.618,2.15625,-3.18514
210.617,2.15648,-3.18517
211.615,2.15671,-3.1852
212.614,2.15694,-3.18523
213.613,2.15717,-3.18527
214.612,2.15739,-3.1853
215.611,2.15762,-3.18533
216.61,2.15784,-3.18536
217.609,2.15806,-3.18539
218.608,2.15827,-3.18542
219.607,2.15849,-3.18545
220.606,2.1587,-3.18548
221.605,2.15891,-3.18551
222.604,2.15912,-3.18554
223.603,2.15933,-3.18557
224.602,2.15954,-3.1856
225.601,2.15974,-3.18563
226.6,2.15994,-3.18565
227.599,2.16014,-3.18568
228.598,2.16034,-3.18571
229.597,2.16054,-3.18574
230.596,2.16073,-3.18576
231.595,2.16093,-3.18579
232.594,2.16112,-3.18582
233.593,2.16131,-3.18585
234.592,2.1615,-3.18587
235.591,2.16168,-3.1859
236.59,2.16187,-3.18592
237.59,2.16205,-3.18595
238.589,2.16224,-3.18598
239.588,2.16242,-3.186
240.587,2.1626,-3.18603
241.586,2.16277,-3.18605
242.585,2.16295,-3.18608
243.584,2.16312,-3.1861
244.584,2.1633,-3.18612
245.583,2.16347,-3.18615
246.582,2.16364,-3.18617
247.581,2.16381,-3.1862
248.58,2.16398,-3.18622
249.579,2.16414,-3.18624
250.579,2.16431,-3.18627
251.578,2.16447,-3.18629
252.577,2.16464,-3.18631
253.576,2.1648,-3.18634
254.576,2.16496,-3.18636
255.575,2.16512,-3.18638
256.574,2.16527,-3.1864
257.573,2.16543,-3.18643
258.572,2.16558,-3.18645
259.572,2.16574,-3.18647
260.571,2.16589,-3.18649
261.57,2.16604,-3.18651
262.57,2.16619,-3.18653
263.569,2.16634,-3.18655
264.568,2.16649,-3.18658
265.567,2.16664,-3.1866
266.567,2.16678,-3.18662
267.566,2.16693,-3.18664
268.565,2.16707,-3.18666
269.565,2.16721,-3.18668
270.564,2.16736,-3.1867
271.563,2.1675,-3.18672
272.563,2.16764,-3.18674
273.562,2.16777,-3.18676
274.561,2.16791,-3.18678
275.561,2.16805,-3.1868
276.56,2.16818,-3.18681
277.559,2.16832,-3.18683
278.559,2.16845,-3.18685
279.558,2.16858,-3.18687
280.557,2.16872,-3.18689
281.557,2.16885,-3.18691
282.556,2.16898,-3.18693
283.555,2.16911,-3.18695
284.555,2.16923,-3.18696
285.554,2.16936,-3.18698
286.554,2.16949,-3.187
287.553,2.16961,-3.18702
288.552,2.16974,-3.18703
289.552,2.16986,-3.18705
290.551,2.16998,-3.18707
291.551,2.1701,-3.18709
292.55,2.17023,-3.1871
293.549,2.17035,-3.18712
294.549,2.17047,-3.18714
295.548,2.17058,-3.18716
296.548,2.1707,-3.18717
297.547,2.17082,-3.18719
298.546,2.17094,-3.18721
299.546,2.17105,-3.18722
300.545,2.17117,-3.18724
301.545,2.17128,-3.18725
302.544,2.17139,-3.18727
303.544,2.17151,-3.18729
304.543,2.17162,-3.1873
305.543,2.17173,-3.18732
306.542,2.17184,-3.18733
307.542,2.17195,-3.18735
308.541,2.17206,-3.18736
309.541,2.17216,-3.18738
310.54,2.17227,-3.1874
311.539,2.17238,-3.18741
312.539,2.17249,-3.18743
313.538,2.17259,-3.18744
314.538,2.1727,-3.18746
315.537,2.1728,-3.18747
316.537,2.1729,-3.18749
317.536,2.17301,-3.1875
318.536,2.17311,-3.18751
319.535,2.17321,-3.18753
320.535,2.17331,-3.18754
321.534,2.17341,-3.18756
322.534,2.17351,-3.18757
323.533,2.17361,-3.18759
324.533,2.17371,-3.1876
325.533,2.1738,-3.18761
326.532,2.1739,-3.18763
327.532,2.174,-3.18764
328.531,2.17409,-3.18766
329.531,2.17419,-3.18767
330.53,2.17428,-3.18768
331.53,2.17438,-3.1877
332.529,2.17447,-3.18771
333.529,2.17457,-3.18772
334.528,2.17466,-3.18774
335.528,2.17475,-3.18775
336.527,2.17484,-3.18776
337.527,2.17493,-3.18777
338.527,2.17502,-3.18779
339.526,2.17511,-3.1878
340.526,2.1752,-3.18781
341.525,2.17529,-3.18783
342.525,2.17538,-3.18784
343.524,2.17547,-3.18785
344.524,2.17555,-3.18786
345.524,2.17564,-3.18788
346.523,2.17573,-3.18789
347.523,2.17581,-3.1879
348.522,2.1759,-3.18791
349.522,2.17598,-3.18793
350.522,2.17607,-3.18794
351.521,2.17615,-3.18795
352.521,2.17623,-3.18796
353.52,2.17632,-3.18797
354.52,2.1764,-3.18798
355.52,2.17648,-3.188
356.519,2.17656,-3.18801
357.519,2.17664,-3.18802
358.518,2.17672,-3.18803
359.518,2.1768,-3.18804
360.518,2.17688,-3.18805
361.517,2.17696,-3.18807
362.517,2.17704,-3.18808
363.516,2.17712,-3.18809
364.516,2.1772,-3.1881
365.516,2.17728,-3.18811
366.515,2.17735,-3.18812
367.515,2.17743,-3.18813
368.515,2.17751,-3.18814
369.514,2.17758,-3.18815
370.514,2.17766,-3.18817
371.513,2.17773,-3.18818
372.513,2.17781,-3.18819
373.513,2.17788,-3.1882
374.512,2.17796,-3.18821
375.512,2.17803,-3.18822
376.512,2.1781,-3.18823
377.511,2.17817,-3.18824
378.511,2.17825,-3.18825
379.511,2.17832,-3.18826
380.51,2.17839,-3.18827
381.51,2.17846,-3.18828
382.51,2.17853,-3.18829
383.509,2.1786,-3.1883
384.509,2.17867,-3.18831
385.509,2.17874,-3.18832
386.508,2.17881,-3.18833
387.508,2.17888,-3.18834
388.508,2.17895,-3.18835
389.507,2.17902,-3.18836
390.507,2.17909,-3.18837
391.507,2.17915,-3.18838
392.506,2.17922,-3.18839
393.506,2.17929,-3.1884
394.506,2.17935,-3.18841
395.505,2.17942,-3.18842
396.505,2.17949,-3.18843
397.505,2.17955,-3.18844
398.504,2.17962,-3.18845
399.504,2.17968,-3.18846
400.504,2.17975,-3.18847
401.503,2.17981,-3.18847
402.503,2.17987,-3.18848
403.503,2.17994,-3.18849
404.502,2.18,-3.1885
405.502,2.18006,-3.18851
406.502,2.18013,-3.18852
407.501,2.18019,-3.18853
408.501,2.18025,-3.18854
409.501,2.18031,-3.18855
410.501,2.18037,-3.18856
411.5,2.18043,-3.18856
412.5,2.1805,-3.18857
413.5,2.18056,-3.18858
414.499,2.18062,-3.18859
415.499,2.18068,-3.1886
416.499,2.18074,-3.18861
417.499,2.1808,-3.18862
418.498,2.18085,-3.18863
419.498,2.18091,-3.18863
420.498,2.18097,-3.18864
421.497,2.18103,-3.18865
422.497,2.18109,-3.18866
423.497,2.18115,-3.18867
424.497,2.1812,-3.18868
425.496,2.18126,-3.18868
426.496,2.18132,-3.18869
427.496,2.18137,-3.1887
428.495,2.18143,-3.18871
429.495,2.18149,-3.18872
430.495,2.18154,-3.18872
431.495,2.1816,-3.18873
432.494,2.18165,-3.18874
433.494,2.18171,-3.18875
434.494,2.18176,-3.18876
435.494,2.18182,-3.18876
436.493,2.18187,-3.18877
437.493,2.18193,-3.18878
438.493,2.18198,-3.18879
439.493,2.18203,-3.1888
440.492,2.18209,-3.1888
441.492,2.18214,-3.18881
442.492,2.18219,-3.18882
443.491,2.18225,-3.18883
444.491,2.1823,-3.18883
445.491,2.18235,-3.18884
446.491,2.1824,-3.18885
447.49,2.18245,-3.18886
448.49,2.18251,-3.18886
449.49,2.18256,-3.18887
450.49,2.18261,-3.18888
451.489,2.18266,-3.18889
452.489,2.18271,-3.18889
453.489,2.18276,-3.1889
454.489,2.18281,-3.18891
455.488,2.18286,-3.18891
456.488,2.18291,-3.18892
457.488,2.18296,-3.18893
458.488,2.18301,-3.18894
459.488,2.18306,-3.18894
460.487,2.18311,-3.18895
461.487,2.18315,-3.18896
462.487,2.1832,-3.18896
463.487,2.18325,-3.18897
464.486,2.1833,-3.18898
465.486,2.18335,-3.18898
466.486,2.18339,-3.18899
467.486,2.18344,-3.189
468.485,2.18349,-3.18901
469.485,2.18354,-3.18901
470.485,2.18358,-3.18902
471.485,2.18363,-3.18903
472.485,2.18367,-3.18903
473.484,2.18372,-3.18904
474.484,2.18377,-3.18905
475.484,2.18381,-3.18905
476.484,2.18386,-3.18906
477.483,2.1839,-3.18907
478.483,2.18395,-3.18907
479.483,2.18399,-3.18908
480.483,2.18404,-3.18909
481.483,2.18408,-3.18909
482.482,2.18413,-3.1891
483.482,2.18417,-3.1891
484.482,2.18422,-3.18911
485.482,2.18426,-3.18912
486.481,2.1843,-3.18912
487.481,2.18435,-3.18913
488.481,2.18439,-3.18914
489.481,2.18443,-3.18914
490.481,2.18448,-3.18915
491.48,2.18452,-3.18915
492.48,2.18456,-3.18916
493.48,2.1846,-3.18917
494.48,2.18465,-3.18917
495.48,2.18469,-3.18918
496.479,2.18473,-3.18919
497.479,2.18477,-3.18919
498.479,2.18481,-3.1892
499.479,2.18486,-3.1892
500.479,2.1849,-3.18921
501.478,2.18494,-3.18922
502.478,2.18498,-3.18922
503.478,2.18502,-3.18923
504.478,2.18506,-3.18923
505.478,2.1851,-3.18924
506.477,2.18514,-3.18924
507.477,2.18518,-3.18925
508.477,2.18522,-3.18926
509.477,2.18526,-3.18926
510.477,2.1853,-3.18927
511.476,2.18534,-3.18927
512.476,2.18538,-3.18928
513.476,2.18542,-3.18929
514.476,2.18546,-3.18929
515.476,2.1855,-3.1893
516.475,2.18554,-3.1893
517.475,2.18558,-3.18931
518.475,2.18561,-3.18931
519.475,2.18565,-3.18932
520.475,2.18569,-3.18932
521.475,2.18573,-3.18933
522.474,2.18577,-3.18934
523.474,2.1858,-3.18934
524.474,2.18584,-3.18935
525.474,2.18588,-3.18935
526.474,2.18592,-3.18936
527.473,2.18595,-3.18936
528.473,2.18599,-3.18937
529.473,2.18603,-3.18937
530.473,2.18606,-3.18938
531.473,2.1861,-3.18938
532.473,2.18614,-3.18939
533.472,2.18617,-3.18939
534.472,2.18621,-3.1894
535.472,2.18625,-3.18941
536.472,2.18628,-3.18941
537.472,2.18632,-3.18942
538.471,2.18635,-3.18942
539.471,2.18639,-3.18943
540.471,2.18642,-3.18943
541.471,2.18646,-3.18944
542.471,2.18649,-3.18944
543.471,2.18653,-3.18945
544.47,2.18656,-3.18945
545.47,2.1866,-3.18946
546.47,2.18663,-3.18946
547.47,2.18667,-3.18947
548.47,2.1867,-3.18947
549.47,2.18674,-3.18948
550.469,2.18677,-3.18948
551.469,2.18681,-3.18949
552.469,2.18684,-3.18949
553.469,2.18687,-3.1895
554.469,2.18691,-3.1895
555.469,2.18694,-3.18951
556.468,2.18697,-3.18951
557.468,2.18701,-3.18952
558.468,2.18704,-3.18952
559.468,2.18707,-3.18953
560.468,2.18711,-3.18953
561.468,2.18714,-3.18953
562.467,2.18717,-3.18954
563.467,2.1872,-3.18954
564.467,2.18724,-3.18955
565.467,2.18727,-3.18955
566.467,2.1873,-3.18956
567.467,2.18733,-3.18956
568.467,2.18737,-3.18957
569.466,2.1874,-3.18957
570.466,2.18743,-3.18958
571.466,2.18746,-3.18958
572.466,2.18749,-3.18959
573.466,2.18752,-3.18959
574.466,2.18756,-3.1896
575.465,2.18759,-3.1896
576.465,2.18762,-3.1896
577.465,2.18765,-3.18961
578.465,2.18768,-3.18961
579.465,2.18771,-3.18962
580.465,2.18774,-3.18962
581.465,2.18777,-3.18963
582.464,2.1878,-3.18963
583.464,2.18783,-3.18964
584.464,2.18786,-3.18964
585.464,2.18789,-3.18964
586.464,2.18792,-3.18965
587.464,2.18795,-3.18965
588.464,2.18798,-3.18966
589.463,2.18801,-3.18966
590.463,2.18804,-3.18967
591.463,2.18807,-3.18967
592.463,2.1881,-3.18968
593.463,2.18813,-3.18968
594.463,2.18816,-3.18968
595.463,2.18819,-3.18969
596.462,2.18822,-3.18969
597.462,2.18825,-3.1897
598.462,2.18828,-3.1897
599.462,2.1883,-3.1897
600.462,2.18833,-3.18971
601.462,2.18836,-3.18971
602.462,2.18839,-3.18972
603.461,2.18842,-3.18972
604.461,2.18845,-3.18973
605.461,2.18848,-3.18973
606.461,2.1885,-3.18973
607.461,2.18853,-3.18974
608.461,2.18856,-3.18974
609.461,2.18859,-3.18975
610.46,2.18862,-3.18975
611.46,2.18864,-3.18975
612.46,2.18867,-3.18976
613.46,2.1887,-3.18976
614.46,2.18873,-3.18977
615.46,2.18875,-3.18977
616.46,2.18878,-3.18977
617.46,2.18881,-3.18978
618.459,2.18883,-3.18978
619.459,2.18886,-3.18979
620.459,2.18889,-3.18979
621.459,2.18891,-3.18979
622.459,2.18894,-3.1898
623.459,2.18897,-3.1898
624.459,2.18899,-3.18981
625.458,2.18902,-3.18981
626.458,2.18905,-3.18981
627.458,2.18907,-3.18982
628.458,2.1891,-3.18982
629.458,2.18913,-3.18982
630.458,2.18915,-3.18983
631.458,2.18918,-3.18983
632.458,2.1892,-3.18984
633.457,2.18923,-3.18984
634.457,2.18926,-3.18984
635.457,2.18928,-3.18985
636.457,2.18931,-3.18985
637.457,2.18933,-3.18985
638.457,2.18936,-3.18986
639.457,2.18938,-3.18986
640.457,2.18941,-3.18987
641.456,2.18943,-3.18987
642.456,2.18946,-3.18987
643.456,2.18948,-3.18988
644.456,2.18951,-3.18988
645.456,2.18953,-3.18988
646.456,2.18956,-3.18989
647.456,2.18958,-3.18989
648.456,2.18961,-3.18989
649.455,2.18963,-3.1899
650.455,2.18966,-3.1899
651.455,2.18968,-3.18991
652.455,2.1897,-3.18991
653.455,2.18973,-3.18991
654.455,2.18975,-3.18992
655.455,2.18978,-3.18992
656.455,2.1898,-3.18992
657.455,2.18982,-3.18993
658.454,2.18985,-3.18993
659.454,2.18987,-3.18993
660.454,2.1899,-3.18994
661.454,2.18992,-3.18994
662.454,2.18994,-3.18994
663.454,2.18997,-3.18995
664.454,2.18999,-3.18995
665.454,2.19001,-3.18995
666.454,2.19004,-3.18996
667.453,2.19006,-3.18996
668.453,2.19008,-3.18996
669.453,2.19011,-3.18997
670.453,2.19013,-3.18997
671.453,2.19015,-3.18997
672.453,2.19017,-3.18998
673.453,2.1902,-3.18998
674.453,2.19022,-3.18998
675.453,2.19024,-3.18999
676.452,2.19027,-3.18999
677.452,2.19029,-3.18999
678.452,2.19031,-3.19
679.452,2.19033,-3.19
680.452,2.19036,-3.19
681.452,2.19038,-3.19001
682.452,2.1904,-3.19001
683.452,2.19042,-3.19001
684.452,2.19044,-3.19002
685.451,2.19047,-3.19002
686.451,2.19049,-3.19002
687.451,2.19051,-3.19003
688.451,2.19053,-3.19003
689.451,2.19055,-3.19003
690.451,2.19058,-3.19004
691.451,2.1906,-3.19004
692.451,2.19062,-3.19004
693.451,2.19064,-3.19005
694.45,2.19066,-3.19005
695.45,2.19068,-3.19005
696.45,2.1907,-3.19005
697.45,2.19073,-3.19006
698.45,2.19075,-3.19006
699.45,2.19077,-3.19006
700.45,2.19079,-3.19007
701.45,2.19081,-3.19007
702.45,2.19083,-3.19007
703.45,2.19085,-3.19008
704.449,2.19087,-3.19008
705.449,2.19089,-3.19008
706.449,2.19091,-3.19009
707.449,2.19093,-3.19009
708.449,2.19096,-3.19009
709.449,2.19098,-3.19009
710.449,2.191,-3.1901
711.449,2.19102,-3.1901
712.449,2.19104,-3.1901
713.449,2.19106,-3.19011
714.448,2.19108,-3.19011
715.448,2.1911,-3.19011
716.448,2.19112,-3.19012
717.448,2.19114,-3.19012
718.448,2.19116,-3.19012
719.448,2.19118,-3.19012
720.448,2.1912,-3.19013
721.448,2.19122,-3.19013
722.448,2.19124,-3.19013
723.448,2.19126,-3.19014
724.447,2.19128,-3.19014
725.447,2.1913,-3.19014
726.447,2.19132,-3.19014
727.447,2.19134,-3.19015
728.447,2.19136,-3.19015
729.447,2.19137,-3.19015
730.447,2.19139,-3.19016
731.447,2.19141,-3.19016
732.447,2.19143,-3.19016
733.447,2.19145,-3.19016
734.447,2.19147,-3.19017
735.446,2.19149,-3.19017
736.446,2.19151,-3.19017
737.446,2.19153,-3.19018
738.446,2.19155,-3.19018
739.446,2.19157,-3.19018
740.446,2.19159,-3.19018
741.446,2.1916,-3.19019
742.446,2.19162,-3.19019
743.446,2.19164,-3.19019
744.446,2.19166,-3.19019
745.446,2.19168,-3.1902
746.445,2.1917,-3.1902
747.445,2.19172,-3.1902
748.445,2.19173,-3.19021
749.445,2.19175,-3.19021
750.445,2.19177,-3.19021
751.445,2.19179,-3.19021
752.445,2.19181,-3.19022
753.445,2.19183,-3.19022
754.445,2.19184,-3.19022
755.445,2.19186,-3.19022
756.445,2.19188,-3.19023
757.444,2.1919,-3.19023
758.444,2.19192,-3.19023
759.444,2.19193,-3.19023
760.444,2.19195,-3.19024
761.444,2.19197,-3.19024
762.444,2.19199,-3.19024
763.444,2.19201,-3.19025
764.444,2.19202,-3.19025
765.444,2.19204,-3.19025
766.444,2.19206,-3.19025
767.444,2.19208,-3.19026
768.443,2.19209,-3.19026
769.443,2.19211,-3.19026
770.443,2.19213,-3.19026
771.443,2.19215,-3.19027
772.443,2.19216,-3.19027
773.443,2.19218,-3.19027
774.443,2.1922,-3.19027
775.443,2.19221,-3.19028
776.443,2.19223,-3.19028
777.443,2.19225,-3.19028
778.443,2.19227,-3.19028
779.443,2.19228,-3.19029
780.442,2.1923,-3.19029
781.442,2.19232,-3.19029
782.442,2.19233,-3.19029
783.442,2.19235,-3.1903
784.442,2.19237,-3.1903
785.442,2.19238,-3.1903
786.442,2.1924,-3.1903
787.442,2.19242,-3.19031
788.442,2.19243,-3.19031
789.442,2.19245,-3.19031
790.442,2.19247,-3.19031
791.442,2.19248,-3.19032
792.442,2.1925,-3.19032
793.441,2.19252,-3.19032
794.441,2.19253,-3.19032
795.441,2.19255,-3.19032
796.441,2.19257,-3.19033
797.441,2.19258,-3.19033
798.441,2.1926,-3.19033
799.441,2.19261,-3.19033
800.441,2.19263,-3.19034
801.441,2.19265,-3.19034
802.441,2.19266,-3.19034
803.441,2.19268,-3.19034
804.441,2.19269,-3.19035
805.44,2.19271,-3.19035
806.44,2.19273,-3.19035
807.44,2.19274,-3.19035
808.44,2.19276,-3.19036
809.44,2.19277,-3.19036
810.44,2.19279,-3.19036
811.44,2.19281,-3.19036
812.44,2.19282,-3.19036
813.44,2.19284,-3.19037
814.44,2.19285,-3.19037
815.44,2.19287,-3.19037
816.44,2.19288,-3.19037
817.44,2.1929,-3.19038
818.439,2.19291,-3.19038
819.439,2.19293,-3.19038
820.439,2.19294,-3.19038
821.439,2.19296,-3.19039
822.439,2.19298,-3.19039
823.439,2.19299,-3.19039
824.439,2.19301,-3.19039
825.439,2.19302,-3.19039
826.439,2.19304,-3.1904
827.439,2.19305,-3.1904
828.439,2.19307,-3.1904
829.439,2.19308,-3.1904
830.439,2.1931,-3.19041
831.439,2.19311,-3.19041
832.438,2.19313,-3.19041
833.438,2.19314,-3.19041
834.438,2.19316,-3.19041
835.438,2.19317,-3.19042
836.438,2.19319,-3.19042
837.438,2.1932,-3.19042
838.438,2.19321,-3.19042
839.438,2.19323,-3.19042
840.438,2.19324,-3.19043
841.438,2.19326,-3.19043
842.438,2.19327,-3.19043
843.438,2.19329,-3.19043
844.438,2.1933,-3.19044
845.438,2.19332,-3.19044
846.437,2.19333,-3.19044
847.437,2.19335,-3.19044
848.437,2.19336,-3.19044
849.437,2.19337,-3.19045
850.437,2.19339,-3.19045
851.437,2.1934,-3.19045
852.437,2.19342,-3.19045
853.437,2.19343,-3.19045
854.437,2.19345,-3.19046
855.437,2.19346,-3.19046
856.437,2.19347,-3.19046
857.437,2.19349,-3.19046
858.437,2.1935,-3.19046
859.437,2.19352,-3.19047
860.436,2.19353,-3.19047
861.436,2.19354,-3.19047
862.436,2.19356,-3.19047
863.436,2.19357,-3.19047
864.436,2.19359,-3.19048
865.436,2.1936,-3.19048
866.436,2.19361,-3.19048
867.436,2.19363,-3.19048
868.436,2.19364,-3.19048
869.436,2.19365,-3.19049
870.436,2.19367,-3.19049
871.436,2.19368,-3.19049
872.436,2.19369,-3.19049
873.436,2.19371,-3.19049
874.436,2.19372,-3.1905
875.435,2.19374,-3.1905
876.435,2.19375,-3.1905
877.435,2.19376,-3.1905
878.435,2.19378,-3.1905
879.435,2.19379,-3.19051
880.435,2.1938,-3.19051
881.435,2.19382,-3.19051
882.435,2.19383,-3.19051
883.435,2.19384,-3.19051
884.435,2.19386,-3.19052
885.435,2.19387,-3.19052
886.435,2.19388,-3.19052
887.435,2.19389,-3.19052
888.435,2.19391,-3.19052
889.435,2.19392,-3.19053
890.435,2.19393,-3.19053
891.434,2.19395,-3.19053
892.434,2.19396,-3.19053
893.434,2.19397,-3.19053
894.434,2.19399,-3.19054
895.434,2.194,-3.19054
896.434,2.19401,-3.19054
897.434,2.19402,-3.19054
898.434,2.19404,-3.19054
899.434,2.19405,-3.19055
900.434,2.19406,-3.19055
901.434,2.19408,-3.19055
902.434,2.19409,-3.19055
903.434,2.1941,-3.19055
904.434,2.19411,-3.19055
905.434,2.19413,-3.19056
906.434,2.19414,-3.19056
907.433,2.19415,-3.19056
908.433,2.19416,-3.19056
909.433,2.19418,-3.19056
910.433,2.19419,-3.19057
911.433,2.1942,-3.19057
912.433,2.19421,-3.19057
913.433,2.19423,-3.19057
914.433,2.19424,-3.19057
915.433,2.19425,-3.19057
916.433,2.19426,-3.19058
917.433,2.19428,-3.19058
918.433,2.19429,-3.19058
919.433,2.1943,-3.19058
920.433,2.19431,-3.19058
921.433,2.19432,-3.19059
922.433,2.19434,-3.19059
923.432,2.19435,-3.19059
924.432,2.19436,-3.19059
925.432,2.19437,-3.19059
926.432,2.19438,-3.19059
927.432,2.1944,-3.1906
928.432,2.19441,-3.1906
929.432,2.19442,-3.1906
930.432,2.19443,-3.1906
931.432,2.19444,-3.1906
932.432,2.19446,-3.1906
933.432,2.19447,-3.19061
934.432,2.19448,-3.19061
935.432,2.19449,-3.19061
936.432,2.1945,-3.19061
937.432,2.19452,-3.19061
938.432,2.19453,-3.19062
939.432,2.19454,-3.19062
940.432,2.19455,-3.19062
941.431,2.19456,-3.19062
942.431,2.19457,-3.19062
943.431,2.19459,-3.19062
944.431,2.1946,-3.19063
945.431,2.19461,-3.19063
946.431,2.19462,-3.19063
947.431,2.19463,-3.19063
948.431,2.19464,-3.19063
949.431,2.19465,-3.19063
950.431,2.19467,-3.19064
951.431,2.19468,-3.19064
952.431,2.19469,-3.19064
953.431,2.1947,-3.19064
954.431,2.19471,-3.19064
955.431,2.19472,-3.19064
956.431,2.19473,-3.19065
957.431,2.19475,-3.19065
958.43,2.19476,-3.19065
959.43,2.19477,-3.19065
960.43,2.19478,-3.19065
961.43,2.19479,-3.19065
962.43,2.1948,-3.19066
963.43,2.19481,-3.19066
964.43,2.19482,-3.19066
965.43,2.19483,-3.19066
966.43,2.19485,-3.19066
967.43,2.19486,-3.19066
968.43,2.19487,-3.19067
969.43,2.19488,-3.19067
970.43,2.19489,-3.19067
971.43,2.1949,-3.19067
972.43,2.19491,-3.19067
973.43,2.19492,-3.19067
974.43,2.19493,-3.19067
975.43,2.19494,-3.19068
976.43,2.19496,-3.19068
977.429,2.19497,-3.19068
978.429,2.19498,-3.19068
979.429,2.19499,-3.19068
980.429,2.195,-3.19068
981.429,2.19501,-3.19069
982.429,2.19502,-3.19069
983.429,2.19503,-3.19069
984.429,2.19504,-3.19069
985.429,2.19505,-3.19069
986.429,2.19506,-3.19069
987.429,2.19507,-3.1907
988.429,2.19508,-3.1907
989.429,2.19509,-3.1907
990.429,2.1951,-3.1907
991.429,2.19512,-3.1907
992.429,2.19513,-3.1907
993.429,2.19514,-3.1907
994.429,2.19515,-3.19071
995.429,2.19516,-3.19071
996.428,2.19517,-3.19071
997.428,2.19518,-3.19071
