1000,1.5698,0.0015708
1000,1.56879,0.0015708
1000.01,1.56779,0.0015708
1000.01,1.56679,0.0015708
1000.01,1.56579,0.0015708
1000.02,1.56479,0.0015708
1000.03,1.56379,0.0015708
1000.03,1.56279,0.0015708
1000.04,1.56179,0.0015708
1000.05,1.56079,0.0015708
1000.06,1.55979,0.0015708
1000.07,1.55878,0.0015708
1000.08,1.55778,0.0015708
1000.1,1.55678,0.0015708
1000.11,1.55578,0.0015708
1000.13,1.55478,0.0015708
1000.14,1.55378,0.0015708
1000.16,1.55278,0.0015708
1000.18,1.55178,0.0015708
1000.2,1.55078,0.0015708
1000.22,1.54978,0.0015708
1000.24,1.54878,0.0015708
1000.26,1.54778,0.0015708
1000.29,1.54678,0.0015708
1000.31,1.54578,0.0015708
1000.34,1.54478,0.0015708
1000.36,1.54378,0.0015708
1000.39,1.54278,0.0015708
1000.42,1.54178,0.0015708
1000.45,1.54078,0.0015708
1000.48,1.53978,0.0015708
1000.51,1.53878,0.0015708
1000.54,1.53778,0.0015708
1000.58,1.53678,0.0015708
1000.61,1.53578,0.0015708
1000.65,1.53478,0.0015708
1000.68,1.53378,0.0015708
1000.72,1.53278,0.0015708
1000.76,1.53178,0.0015708
1000.8,1.53078,0.0015708
1000.84,1.52978,0.0015708
1000.88,1.52878,0.0015708
1000.92,1.52778,0.0015708
1000.97,1.52678,0.0015708
1001.01,1.52578,0.0015708
1001.06,1.52478,0.0015708
1001.1,1.52378,0.0015708
1001.15,1.52278,0.0015708
1001.2,1.52179,0.0015708
1001.25,1.52079,0.0015708
1001.3,1.51979,0.0015708
1001.35,1.51879,0.0015708
1001.4,1.51779,0.0015708
1001.45,1.51679,0.0015708
1001.51,1.5158,0.0015708
1001.56,1.5148,0.0015708
1001.62,1.5138,0.0015708
1001.68,1.5128,0.0015708
1001.74,1.51181,0.0015708
1001.8,1.51081,0.0015708
1001.86,1.50981,0.0015708
1001.92,1.50881,0.0015708
1001.98,1.50782,0.0015708
1002.04,1.50682,0.0015708
1002.11,1.50582,0.0015708
1002.17,1.50483,0.0015708
1002.24,1.50383,0.0015708
1002.31,1.50283,0.0015708
1002.37,1.50184,0.0015708
1002.44,1.50084,0.0015708
1002.51,1.49984,0.0015708
1002.59,1.49885,0.0015708
1002.66,1.49785,0.0015708
1002.73,1.49686,0.0015708
1002.81,1.49586,0.0015708
1002.88,1.49487,0.0015708
1002.96,1.49387,0.0015708
1003.03,1.49288,0.0015708
1003.11,1.49188,0.0015708
1003.19,1.49089,0.0015708
1003.27,1.48989,0.0015708
1003.35,1.4889,0.0015708
1003.43,1.4879,0.0015708
1003.52,1.48691,0.0015708
1003.6,1.48591,0.0015708
1003.69,1.48492,0.0015708
1003.77,1.48393,0.0015708
1003.86,1.48293,0.0015708
1003.95,1.48194,0.0015708
1004.04,1.48095,0.0015708
1004.13,1.47995,0.0015708
1004.22,1.47896,0.0015708
1004.31,1.47797,0.0015708
1004.4,1.47698,0.0015708
1004.5,1.47599,0.0015708
1004.59,1.47499,0.0015708
1004.69,1.474,0.0015708
1004.79,1.47301,0.0015708
1004.88,1.47202,0.0015708
1004.98,1.47103,0.0015708
1005.08,1.47004,0.0015708
1005.18,1.46905,0.0015708
1005.29,1.46805,0.0015708
1005.39,1.46706,0.0015708
1005.49,1.46607,0.0015708
1005.6,1.46508,0.0015708
1005.7,1.46409,0.0015708
1005.81,1.4631,0.0015708
1005.92,1.46212,0.0015708
1006.03,1.46113,0.0015708
1006.14,1.46014,0.0015708
1006.25,1.45915,0.0015708
1006.36,1.45816,0.0015708
1006.47,1.45717,0.0015708
1006.59,1.45618,0.0015708
1006.7,1.4552,0.0015708
1006.82,1.45421,0.0015708
1006.93,1.45322,0.0015708
1007.05,1.45223,0.0015708
1007.17,1.45125,0.0015708
1007.29,1.45026,0.0015708
1007.41,1.44927,0.0015708
1007.53,1.44829,0.0015708
1007.66,1.4473,0.0015708
1007.78,1.44632,0.0015708
1007.9,1.44533,0.0015708
1008.03,1.44435,0.0015708
1008.16,1.44336,0.0015708
1008.28,1.44238,0.0015708
1008.41,1.44139,0.0015708
1008.54,1.44041,0.0015708
1008.67,1.43942,0.0015708
1008.8,1.43844,0.0015708
1008.93,1.43746,0.0015708
1009.07,1.43647,0.0015708
1009.2,1.43549,0.0015708
1009.34,1.43451,0.0015708
1009.47,1.43352,0.0015708
1009.61,1.43254,0.0015708
1009.75,1.43156,0.0015708
1009.89,1.43058,0.0015708
1010.03,1.4296,0.0015708
1010.17,1.42862,0.0015708
1010.31,1.42764,0.0015708
1010.45,1.42665,0.0015708
1010.6,1.42567,0.0015708
1010.74,1.42469,0.0015708
1010.89,1.42371,0.0015708
1011.04,1.42274,0.0015708
1011.18,1.42176,0.0015708
1011.33,1.42078,0.0015708
1011.48,1.4198,0.0015708
1011.63,1.41882,0.0015708
1011.79,1.41784,0.0015708
1011.94,1.41687,0.0015708
1012.09,1.41589,0.0015708
1012.25,1.41491,0.0015708
1012.4,1.41393,0.0015708
1012.56,1.41296,0.0015708
1012.72,1.41198,0.0015708
1012.88,1.41101,0.0015708
1013.04,1.41003,0.0015708
1013.2,1.40905,0.0015708
1013.36,1.40808,0.0015708
1013.52,1.4071,0.0015708
1013.68,1.40613,0.0015708
1013.85,1.40516,0.0015708
1014.01,1.40418,0.0015708
1014.18,1.40321,0.0015708
1014.35,1.40224,0.0015708
1014.51,1.40126,0.0015708
1014.68,1.40029,0.0015708
1014.85,1.39932,0.0015708
1015.02,1.39835,0.0015708
1015.2,1.39738,0.0015708
1015.37,1.39641,0.0015708
1015.54,1.39543,0.0015708
1015.72,1.39446,0.0015708
1015.89,1.39349,0.0015708
1016.07,1.39252,0.0015708
1016.25,1.39155,0.0015708
1016.43,1.39059,0.0015708
1016.61,1.38962,0.0015708
1016.79,1.38865,0.0015708
1016.97,1.38768,0.0015708
1017.15,1.38671,0.0015708
1017.33,1.38575,0.0015708
1017.52,1.38478,0.0015708
1017.7,1.38381,0.0015708
1017.89,1.38285,0.0015708
1018.08,1.38188,0.0015708
1018.27,1.38091,0.0015708
1018.45,1.37995,0.0015708
1018.64,1.37898,0.0015708
1018.84,1.37802,0.0015708
1019.03,1.37705,0.0015708
1019.22,1.37609,0.0015708
1019.41,1.37513,0.0015708
1019.61,1.37416,0.0015708
1019.8,1.3732,0.0015708
1020,1.37224,0.0015708
1020.2,1.37128,0.0015708
1020.4,1.37032,0.0015708
1020.6,1.36935,0.0015708
1020.8,1.36839,0.0015708
1021,1.36743,0.0015708
1021.2,1.36647,0.0015708
1021.4,1.36551,0.0015708
1021.61,1.36455,0.0015708
1021.81,1.3636,0.0015708
1022.02,1.36264,0.0015708
1022.23,1.36168,0.0015708
1022.44,1.36072,0.0015708
1022.64,1.35976,0.0015708
1022.85,1.35881,0.0015708
1023.06,1.35785,0.0015708
1023.28,1.35689,0.0015708
1023.49,1.35594,0.0015708
1023.7,1.35498,0.0015708
1023.92,1.35403,0.0015708
1024.13,1.35307,0.0015708
1024.35,1.35212,0.0015708
1024.57,1.35117,0.0015708
1024.78,1.35021,0.0015708
1025,1.34926,0.0015708
1025.22,1.34831,0.0015708
1025.44,1.34735,0.0015708
1025.67,1.3464,0.0015708
1025.89,1.34545,0.0015708
1026.11,1.3445,0.0015708
1026.34,1.34355,0.0015708
1026.56,1.3426,0.0015708
1026.79,1.34165,0.0015708
1027.02,1.3407,0.0015708
1027.25,1.33975,0.0015708
1027.48,1.3388,0.0015708
1027.71,1.33786,0.0015708
1027.94,1.33691,0.0015708
1028.17,1.33596,0.0015708
1028.4,1.33501,0.0015708
1028.64,1.33407,0.0015708
1028.87,1.33312,0.0015708
1029.11,1.33218,0.0015708
1029.34,1.33123,0.0015708
1029.58,1.33029,0.0015708
1029.82,1.32934,0.0015708
1030.06,1.3284,0.0015708
1030.3,1.32746,0.0015708
1030.54,1.32651,0.0015708
1030.78,1.32557,0.0015708
1031.03,1.32463,0.0015708
1031.27,1.32369,0.0015708
1031.51,1.32275,0.0015708
1031.76,1.32181,0.0015708
1032.01,1.32087,0.0015708
1032.26,1.31993,0.0015708
1032.5,1.31899,0.0015708
1032.75,1.31805,0.0015708
1033,1.31711,0.0015708
1033.26,1.31617,0.0015708
1033.51,1.31524,0.0015708
1033.76,1.3143,0.0015708
1034.01,1.31336,0.0015708
1034.27,1.31243,0.0015708
1034.53,1.31149,0.0015708
1034.78,1.31056,0.0015708
1035.04,1.30962,0.0015708
1035.3,1.30869,0.0015708
1035.56,1.30775,0.0015708
1035.82,1.30682,0.0015708
1036.08,1.30589,0.0015708
1036.34,1.30495,0.0015708
1036.6,1.30402,0.0015708
1036.87,1.30309,0.0015708
1037.13,1.30216,0.0015708
1037.4,1.30123,0.0015708
1037.67,1.3003,0.0015708
1037.93,1.29937,0.0015708
1038.2,1.29844,0.0015708
1038.47,1.29751,0.0015708
1038.74,1.29659,0.0015708
1039.01,1.29566,0.0015708
1039.28,1.29473,0.0015708
1039.56,1.2938,0.0015708
1039.83,1.29288,0.0015708
1040.11,1.29195,0.0015708
1040.38,1.29103,0.0015708
1040.66,1.2901,0.0015708
1040.94,1.28918,0.0015708
1041.21,1.28826,0.0015708
1041.49,1.28733,0.0015708
1041.77,1.28641,0.0015708
1042.05,1.28549,0.0015708
1042.34,1.28457,0.0015708
1042.62,1.28365,0.0015708
1042.9,1.28272,0.0015708
1043.19,1.2818,0.0015708
1043.47,1.28089,0.0015708
1043.76,1.27997,0.0015708
1044.04,1.27905,0.0015708
1044.33,1.27813,0.0015708
1044.62,1.27721,0.0015708
1044.91,1.27629,0.0015708
1045.2,1.27538,0.0015708
1045.49,1.27446,0.0015708
1045.79,1.27355,0.0015708
1046.08,1.27263,0.0015708
1046.37,1.27172,0.0015708
1046.67,1.2708,0.0015708
1046.96,1.26989,0.0015708
1047.26,1.26898,0.0015708
1047.56,1.26806,0.0015708
1047.86,1.26715,0.0015708
1048.16,1.26624,0.0015708
1048.46,1.26533,0.0015708
1048.76,1.26442,0.0015708
1049.06,1.26351,0.0015708
1049.36,1.2626,0.0015708
1049.67,1.26169,0.0015708
1049.97,1.26078,0.0015708
1050.28,1.25988,0.0015708
1050.58,1.25897,0.0015708
1050.89,1.25806,0.0015708
1051.2,1.25716,0.0015708
1051.51,1.25625,0.0015708
1051.82,1.25535,0.0015708
1052.13,1.25444,0.0015708
1052.44,1.25354,0.0015708
1052.75,1.25263,0.0015708
1053.06,1.25173,0.0015708
1053.38,1.25083,0.0015708
1053.69,1.24993,0.0015708
1054.01,1.24902,0.0015708
1054.32,1.24812,0.0015708
1054.64,1.24722,0.0015708
1054.96,1.24632,0.0015708
1055.28,1.24542,0.0015708
1055.6,1.24453,0.0015708
1055.92,1.24363,0.0015708
1056.24,1.24273,0.0015708
1056.56,1.24183,0.0015708
1056.89,1.24094,0.0015708
1057.21,1.24004,0.0015708
1057.54,1.23915,0.0015708
1057.86,1.23825,0.0015708
1058.19,1.23736,0.0015708
1058.52,1.23646,0.0015708
1058.84,1.23557,0.0015708
1059.17,1.23468,0.0015708
1059.5,1.23379,0.0015708
1059.84,1.23289,0.0015708
1060.17,1.232,0.0015708
1060.5,1.23111,0.0015708
1060.83,1.23022,0.0015708
1061.17,1.22933,0.0015708
1061.5,1.22845,0.0015708
1061.84,1.22756,0.0015708
1062.18,1.22667,0.0015708
1062.51,1.22578,0.0015708
1062.85,1.2249,0.0015708
1063.19,1.22401,0.0015708
1063.53,1.22313,0.0015708
1063.87,1.22224,0.0015708
1064.21,1.22136,0.0015708
1064.56,1.22047,0.0015708
1064.9,1.21959,0.0015708
1065.24,1.21871,0.0015708
1065.59,1.21783,0.0015708
1065.94,1.21694,0.0015708
1066.28,1.21606,0.0015708
1066.63,1.21518,0.0015708
1066.98,1.2143,0.0015708
1067.33,1.21343,0.0015708
1067.68,1.21255,0.0015708
1068.03,1.21167,0.0015708
1068.38,1.21079,0.0015708
1068.73,1.20992,0.0015708
1069.09,1.20904,0.0015708
1069.44,1.20816,0.0015708
1069.8,1.20729,0.0015708
1070.15,1.20641,0.0015708
1070.51,1.20554,0.0015708
1070.87,1.20467,0.0015708
1071.22,1.20379,0.0015708
1071.58,1.20292,0.0015708
1071.94,1.20205,0.0015708
1072.3,1.20118,0.0015708
1072.67,1.20031,0.0015708
1073.03,1.19944,0.0015708
1073.39,1.19857,0.0015708
1073.75,1.1977,0.0015708
1074.12,1.19683,0.0015708
1074.49,1.19597,0.0015708
1074.85,1.1951,0.0015708
1075.22,1.19423,0.0015708
1075.59,1.19337,0.0015708
1075.96,1.1925,0.0015708
1076.33,1.19164,0.0015708
1076.7,1.19078,0.0015708
1077.07,1.18991,0.0015708
1077.44,1.18905,0.0015708
1077.81,1.18819,0.0015708
1078.19,1.18733,0.0015708
1078.56,1.18647,0.0015708
1078.93,1.18561,0.0015708
1079.31,1.18475,0.0015708
1079.69,1.18389,0.0015708
1080.07,1.18303,0.0015708
1080.44,1.18217,0.0015708
1080.82,1.18131,0.0015708
1081.2,1.18046,0.0015708
1081.58,1.1796,0.0015708
1081.97,1.17875,0.0015708
1082.35,1.17789,0.0015708
1082.73,1.17704,0.0015708
1083.11,1.17618,0.0015708
1083.5,1.17533,0.0015708
1083.88,1.17448,0.0015708
1084.27,1.17363,0.0015708
1084.66,1.17278,0.0015708
1085.05,1.17192,0.0015708
1085.43,1.17107,0.0015708
1085.82,1.17023,0.0015708
1086.21,1.16938,0.0015708
1086.61,1.16853,0.0015708
1087,1.16768,0.0015708
1087.39,1.16683,0.0015708
1087.78,1.16599,0.0015708
1088.18,1.16514,0.0015708
1088.57,1.1643,0.0015708
1088.97,1.16345,0.0015708
1089.36,1.16261,0.0015708
1089.76,1.16177,0.0015708
1090.16,1.16092,0.0015708
1090.56,1.16008,0.0015708
1090.96,1.15924,0.0015708
1091.36,1.1584,0.0015708
1091.76,1.15756,0.0015708
1092.16,1.15672,0.0015708
1092.56,1.15588,0.0015708
1092.97,1.15504,0.0015708
1093.37,1.1542,0.0015708
1093.78,1.15337,0.0015708
1094.18,1.15253,0.0015708
1094.59,1.1517,0.0015708
1094.99,1.15086,0.0015708
1095.4,1.15003,0.0015708
1095.81,1.14919,0.0015708
1096.22,1.14836,0.0015708
1096.63,1.14753,0.0015708
1097.04,1.14669,0.0015708
1097.45,1.14586,0.0015708
1097.87,1.14503,0.0015708
1098.28,1.1442,0.0015708
1098.69,1.14337,0.0015708
1099.11,1.14254,0.0015708
1099.52,1.14171,0.0015708
1099.94,1.14089,0.0015708
1100.36,1.14006,0.0015708
1100.77,1.13923,0.0015708
1101.19,1.13841,0.0015708
1101.61,1.13758,0.0015708
1102.03,1.13676,0.0015708
1102.45,1.13593,0.0015708
1102.88,1.13511,0.0015708
1103.3,1.13429,0.0015708
1103.72,1.13347,0.0015708
1104.14,1.13264,0.0015708
1104.57,1.13182,0.0015708
1104.99,1.131,0.0015708
1105.42,1.13018,0.0015708
1105.85,1.12937,0.0015708
1106.27,1.12855,0.0015708
1106.7,1.12773,0.0015708
1107.13,1.12691,0.0015708
1107.56,1.1261,0.0015708
1107.99,1.12528,0.0015708
1108.42,1.12447,0.0015708
1108.85,1.12365,0.0015708
1109.29,1.12284,0.0015708
1109.72,1.12202,0.0015708
1110.15,1.12121,0.0015708
1110.59,1.1204,0.0015708
1111.02,1.11959,0.0015708
1111.46,1.11878,0.0015708
1111.9,1.11797,0.0015708
1112.34,1.11716,0.0015708
1112.77,1.11635,0.0015708
1113.21,1.11554,0.0015708
1113.65,1.11473,0.0015708
1114.09,1.11393,0.0015708
1114.54,1.11312,0.0015708
1114.98,1.11232,0.0015708
1115.42,1.11151,0.0015708
1115.86,1.11071,0.0015708
1116.31,1.1099,0.0015708
1116.75,1.1091,0.0015708
1117.2,1.1083,0.0015708
1117.64,1.1075,0.0015708
1118.09,1.10669,0.0015708
1118.54,1.10589,0.0015708
1118.99,1.10509,0.0015708
1119.44,1.1043,0.0015708
1119.89,1.1035,0.0015708
1120.34,1.1027,0.0015708
1120.79,1.1019,0.0015708
1121.24,1.10111,0.0015708
1121.69,1.10031,0.0015708
1122.15,1.09951,0.0015708
1122.6,1.09872,0.0015708
1123.06,1.09793,0.0015708
1123.51,1.09713,0.0015708
1123.97,1.09634,0.0015708
1124.43,1.09555,0.0015708
1124.88,1.09476,0.0015708
1125.34,1.09397,0.0015708
1125.8,1.09318,0.0015708
1126.26,1.09239,0.0015708
1126.72,1.0916,0.0015708
1127.18,1.09081,0.0015708
1127.65,1.09002,0.0015708
1128.11,1.08923,0.0015708
1128.57,1.08845,0.0015708
1129.04,1.08766,0.0015708
1129.5,1.08688,0.0015708
1129.97,1.08609,0.0015708
1130.43,1.08531,0.0015708
1130.9,1.08453,0.0015708
1131.37,1.08374,0.0015708
1131.83,1.08296,0.0015708
1132.3,1.08218,0.0015708
1132.77,1.0814,0.0015708
1133.24,1.08062,0.0015708
1133.71,1.07984,0.0015708
1134.19,1.07906,0.0015708
1134.66,1.07829,0.0015708
1135.13,1.07751,0.0015708
1135.61,1.07673,0.0015708
1136.08,1.07596,0.0015708
1136.55,1.07518,0.0015708
1137.03,1.07441,0.0015708
1137.51,1.07363,0.0015708
1137.98,1.07286,0.0015708
1138.46,1.07209,0.0015708
1138.94,1.07131,0.0015708
1139.42,1.07054,0.0015708
1139.9,1.06977,0.0015708
1140.38,1.069,0.0015708
1140.86,1.06823,0.0015708
1141.34,1.06746,0.0015708
1141.83,1.0667,0.0015708
1142.31,1.06593,0.0015708
1142.79,1.06516,0.0015708
1143.28,1.0644,0.0015708
1143.76,1.06363,0.0015708
1144.25,1.06287,0.0015708
1144.73,1.0621,0.0015708
1145.22,1.06134,0.0015708
1145.71,1.06058,0.0015708
1146.2,1.05981,0.0015708
1146.69,1.05905,0.0015708
1147.18,1.05829,0.0015708
1147.67,1.05753,0.0015708
1148.16,1.05677,0.0015708
1148.65,1.05601,0.0015708
1149.14,1.05525,0.0015708
1149.64,1.0545,0.0015708
1150.13,1.05374,0.0015708
1150.62,1.05298,0.0015708
1151.12,1.05223,0.0015708
1151.62,1.05147,0.0015708
1152.11,1.05072,0.0015708
1152.61,1.04996,0.0015708
1153.11,1.04921,0.0015708
1153.61,1.04846,0.0015708
1154.1,1.04771,0.0015708
1154.6,1.04695,0.0015708
1155.1,1.0462,0.0015708
1155.61,1.04545,0.0015708
1156.11,1.0447,0.0015708
1156.61,1.04396,0.0015708
1157.11,1.04321,0.0015708
1157.62,1.04246,0.0015708
1158.12,1.04171,0.0015708
1158.63,1.04097,0.0015708
1159.13,1.04022,0.0015708
1159.64,1.03948,0.0015708
1160.14,1.03873,0.0015708
1160.65,1.03799,0.0015708
1161.16,1.03725,0.0015708
1161.67,1.03651,0.0015708
1162.18,1.03576,0.0015708
1162.69,1.03502,0.0015708
1163.2,1.03428,0.0015708
1163.71,1.03354,0.0015708
1164.22,1.0328,0.0015708
1164.73,1.03207,0.0015708
1165.25,1.03133,0.0015708
1165.76,1.03059,0.0015708
1166.28,1.02986,0.0015708
1166.79,1.02912,0.0015708
1167.31,1.02839,0.0015708
1167.82,1.02765,0.0015708
1168.34,1.02692,0.0015708
1168.86,1.02618,0.0015708
1169.38,1.02545,0.0015708
1169.89,1.02472,0.0015708
1170.41,1.02399,0.0015708
1170.93,1.02326,0.0015708
1171.45,1.02253,0.0015708
1171.98,1.0218,0.0015708
1172.5,1.02107,0.0015708
1173.02,1.02034,0.0015708
1173.54,1.01962,0.0015708
1174.07,1.01889,0.0015708
1174.59,1.01816,0.0015708
1175.12,1.01744,0.0015708
1175.64,1.01671,0.0015708
1176.17,1.01599,0.0015708
1176.7,1.01527,0.0015708
1177.22,1.01454,0.0015708
1177.75,1.01382,0.0015708
1178.28,1.0131,0.0015708
1178.81,1.01238,0.0015708
1179.34,1.01166,0.0015708
1179.87,1.01094,0.0015708
1180.4,1.01022,0.0015708
1180.93,1.0095,0.0015708
1181.47,1.00879,0.0015708
1182,1.00807,0.0015708
1182.53,1.00735,0.0015708
1183.07,1.00664,0.0015708
1183.6,1.00592,0.0015708
1184.14,1.00521,0.0015708
1184.67,1.0045,0.0015708
1185.21,1.00378,0.0015708
1185.75,1.00307,0.0015708
1186.28,1.00236,0.0015708
1186.82,1.00165,0.0015708
1187.36,1.00094,0.0015708
1187.9,1.00023,0.0015708
1188.44,0.999519,0.0015708
1188.98,0.99881,0.0015708
1189.52,0.998103,0.0015708
1190.07,0.997395,0.0015708
1190.61,0.996689,0.0015708
1191.15,0.995983,0.0015708
1191.7,0.995278,0.0015708
1192.24,0.994573,0.0015708
1192.79,0.99387,0.0015708
1193.33,0.993166,0.0015708
1193.88,0.992464,0.0015708
1194.42,0.991762,0.0015708
1194.97,0.99106,0.0015708
1195.52,0.99036,0.0015708
1196.07,0.98966,0.0015708
1196.62,0.98896,0.0015708
1197.17,0.988262,0.0015708
1197.72,0.987563,0.0015708
1198.27,0.986866,0.0015708
1198.82,0.986169,0.0015708
1199.37,0.985473,0.0015708
1199.92,0.984777,0.0015708
1200.48,0.984082,0.0015708
1201.03,0.983388,0.0015708
1201.58,0.982695,0.0015708
1202.14,0.982002,0.0015708
1202.69,0.981309,0.0015708
1203.25,0.980617,0.0015708
1203.81,0.979926,0.0015708
1204.36,0.979236,0.0015708
1204.92,0.978546,0.0015708
1205.48,0.977857,0.0015708
1206.04,0.977169,0.0015708
1206.6,0.976481,0.0015708
1207.16,0.975793,0.0015708
1207.72,0.975107,0.0015708
1208.28,0.974421,0.0015708
1208.84,0.973736,0.0015708
1209.4,0.973051,0.0015708
1209.97,0.972367,0.0015708
1210.53,0.971683,0.0015708
1211.1,0.971001,0.0015708
1211.66,0.970318,0.0015708
1212.22,0.969637,0.0015708
1212.79,0.968956,0.0015708
1213.36,0.968276,0.0015708
1213.92,0.967596,0.0015708
1214.49,0.966917,0.0015708
1215.06,0.966239,0.0015708
1215.63,0.965561,0.0015708
1216.2,0.964884,0.0015708
1216.77,0.964208,0.0015708
1217.34,0.963532,0.0015708
1217.91,0.962857,0.0015708
1218.48,0.962182,0.0015708
1219.05,0.961508,0.0015708
1219.62,0.960835,0.0015708
1220.2,0.960162,0.0015708
1220.77,0.95949,0.0015708
1221.34,0.958819,0.0015708
1221.92,0.958148,0.0015708
1222.49,0.957478,0.0015708
1223.07,0.956809,0.0015708
1223.64,0.95614,0.0015708
1224.22,0.955472,0.0015708
1224.8,0.954804,0.0015708
1225.38,0.954137,0.0015708
1225.95,0.953471,0.0015708
1226.53,0.952805,0.0015708
1227.11,0.95214,0.0015708
1227.69,0.951475,0.0015708
1228.27,0.950812,0.0015708
1228.85,0.950148,0.0015708
1229.44,0.949486,0.0015708
1230.02,0.948824,0.0015708
1230.6,0.948163,0.0015708
1231.18,0.947502,0.0015708
1231.77,0.946842,0.0015708
1232.35,0.946182,0.0015708
1232.94,0.945524,0.0015708
1233.52,0.944865,0.0015708
1234.11,0.944208,0.0015708
1234.7,0.943551,0.0015708
1235.28,0.942895,0.0015708
1235.87,0.942239,0.0015708
1236.46,0.941584,0.0015708
1237.05,0.940929,0.0015708
1237.64,0.940276,0.0015708
1238.22,0.939622,0.0015708
1238.81,0.93897,0.0015708
1239.41,0.938318,0.0015708
1240,0.937667,0.0015708
1240.59,0.937016,0.0015708
1241.18,0.936366,0.0015708
1241.77,0.935716,0.0015708
1242.37,0.935068,0.0015708
1242.96,0.934419,0.0015708
1243.56,0.933772,0.0015708
1244.15,0.933125,0.0015708
1244.75,0.932478,0.0015708
1245.34,0.931833,0.0015708
1245.94,0.931187,0.0015708
1246.53,0.930543,0.0015708
1247.13,0.929899,0.0015708
1247.73,0.929256,0.0015708
1248.33,0.928613,0.0015708
1248.93,0.927971,0.0015708
1249.53,0.92733,0.0015708
1250.13,0.926689,0.0015708
1250.73,0.926049,0.0015708
1251.33,0.925409,0.0015708
1251.93,0.92477,0.0015708
1252.53,0.924132,0.0015708
1253.13,0.923494,0.0015708
1253.74,0.922857,0.0015708
1254.34,0.92222,0.0015708
1254.95,0.921584,0.0015708
1255.55,0.920949,0.0015708
1256.16,0.920314,0.0015708
1256.76,0.91968,0.0015708
1257.37,0.919047,0.0015708
1257.97,0.918414,0.0015708
1258.58,0.917782,0.0015708
1259.19,0.91715,0.0015708
1259.8,0.916519,0.0015708
1260.41,0.915889,0.0015708
1261.01,0.915259,0.0015708
1261.62,0.91463,0.0015708
1262.23,0.914001,0.0015708
1262.84,0.913373,0.0015708
1263.46,0.912746,0.0015708
1264.07,0.912119,0.0015708
1264.68,0.911493,0.0015708
1265.29,0.910867,0.0015708
1265.91,0.910242,0.0015708
1266.52,0.909618,0.0015708
1267.13,0.908994,0.0015708
1267.75,0.908371,0.0015708
1268.36,0.907749,0.0015708
1268.98,0.907127,0.0015708
1269.59,0.906505,0.0015708
1270.21,0.905885,0.0015708
1270.83,0.905264,0.0015708
1271.45,0.904645,0.0015708
1272.06,0.904026,0.0015708
1272.68,0.903408,0.0015708
1273.3,0.90279,0.0015708
1273.92,0.902173,0.0015708
1274.54,0.901556,0.0015708
1275.16,0.90094,0.0015708
1275.78,0.900325,0.0015708
1276.4,0.89971,0.0015708
1277.02,0.899096,0.0015708
1277.65,0.898483,0.0015708
1278.27,0.89787,0.0015708
1278.89,0.897258,0.0015708
1279.52,0.896646,0.0015708
1280.14,0.896035,0.0015708
1280.77,0.895424,0.0015708
1281.39,0.894814,0.0015708
1282.02,0.894205,0.0015708
1282.64,0.893596,0.0015708
1283.27,0.892988,0.0015708
1283.9,0.89238,0.0015708
1284.52,0.891774,0.0015708
1285.15,0.891167,0.0015708
1285.78,0.890561,0.0015708
1286.41,0.889956,0.0015708
1287.04,0.889352,0.0015708
1287.67,0.888748,0.0015708
1288.3,0.888144,0.0015708
1288.93,0.887541,0.0015708
1289.56,0.886939,0.0015708
1290.19,0.886337,0.0015708
1290.83,0.885736,0.0015708
1291.46,0.885136,0.0015708
1292.09,0.884536,0.0015708
1292.73,0.883937,0.0015708
1293.36,0.883338,0.0015708
1293.99,0.88274,0.0015708
1294.63,0.882142,0.0015708
1295.26,0.881546,0.0015708
1295.9,0.880949,0.0015708
1296.54,0.880353,0.0015708
1297.17,0.879758,0.0015708
1297.81,0.879164,0.0015708
1298.45,0.87857,0.0015708
1299.09,0.877976,0.0015708
1299.73,0.877383,0.0015708
1300.36,0.876791,0.0015708
1301,0.876199,0.0015708
1301.64,0.875608,0.0015708
1302.29,0.875018,0.0015708
1302.93,0.874428,0.0015708
1303.57,0.873838,0.0015708
1304.21,0.87325,0.0015708
1304.85,0.872661,0.0015708
1305.49,0.872074,0.0015708
1306.14,0.871487,0.0015708
1306.78,0.8709,0.0015708
1307.43,0.870314,0.0015708
1308.07,0.869729,0.0015708
1308.72,0.869144,0.0015708
1309.36,0.86856,0.0015708
1310.01,0.867977,0.0015708
1310.65,0.867394,0.0015708
1311.3,0.866811,0.0015708
1311.95,0.866229,0.0015708
1312.59,0.865648,0.0015708
1313.24,0.865067,0.0015708
1313.89,0.864487,0.0015708
1314.54,0.863908,0.0015708
1315.19,0.863329,0.0015708
1315.84,0.86275,0.0015708
1316.49,0.862172,0.0015708
1317.14,0.861595,0.0015708
1317.79,0.861018,0.0015708
1318.44,0.860442,0.0015708
1319.1,0.859867,0.0015708
1319.75,0.859292,0.0015708
1320.4,0.858717,0.0015708
1321.05,0.858143,0.0015708
1321.71,0.85757,0.0015708
1322.36,0.856997,0.0015708
1323.02,0.856425,0.0015708
1323.67,0.855854,0.0015708
1324.33,0.855283,0.0015708
1324.98,0.854712,0.0015708
1325.64,0.854142,0.0015708
1326.3,0.853573,0.0015708
1326.95,0.853004,0.0015708
1327.61,0.852436,0.0015708
1328.27,0.851868,0.0015708
1328.93,0.851301,0.0015708
1329.59,0.850735,0.0015708
1330.25,0.850169,0.0015708
1330.91,0.849603,0.0015708
1331.57,0.849038,0.0015708
1332.23,0.848474,0.0015708
1332.89,0.84791,0.0015708
1333.55,0.847347,0.0015708
1334.21,0.846785,0.0015708
1334.88,0.846223,0.0015708
1335.54,0.845661,0.0015708
1336.2,0.8451,0.0015708
1336.86,0.84454,0.0015708
1337.53,0.84398,0.0015708
1338.19,0.843421,0.0015708
1338.86,0.842862,0.0015708
1339.52,0.842304,0.0015708
1340.19,0.841746,0.0015708
1340.86,0.841189,0.0015708
1341.52,0.840633,0.0015708
1342.19,0.840077,0.0015708
1342.86,0.839521,0.0015708
1343.52,0.838967,0.0015708
1344.19,0.838412,0.0015708
1344.86,0.837859,0.0015708
1345.53,0.837305,0.0015708
1346.2,0.836753,0.0015708
1346.87,0.836201,0.0015708
1347.54,0.835649,0.0015708
1348.21,0.835098,0.0015708
1348.88,0.834548,0.0015708
1349.55,0.833998,0.0015708
1350.22,0.833449,0.0015708
1350.9,0.8329,0.0015708
1351.57,0.832352,0.0015708
1352.24,0.831804,0.0015708
1352.92,0.831257,0.0015708
1353.59,0.83071,0.0015708
1354.26,0.830164,0.0015708
1354.94,0.829618,0.0015708
1355.61,0.829074,0.0015708
1356.29,0.828529,0.0015708
1356.97,0.827985,0.0015708
1357.64,0.827442,0.0015708
1358.32,0.826899,0.0015708
1359,0.826357,0.0015708
1359.67,0.825815,0.0015708
1360.35,0.825274,0.0015708
1361.03,0.824733,0.0015708
1361.71,0.824193,0.0015708
1362.39,0.823654,0.0015708
1363.07,0.823114,0.0015708
1363.75,0.822576,0.0015708
1364.43,0.822038,0.0015708
1365.11,0.821501,0.0015708
1365.79,0.820964,0.0015708
1366.47,0.820427,0.0015708
1367.15,0.819892,0.0015708
1367.83,0.819356,0.0015708
1368.52,0.818821,0.0015708
1369.2,0.818287,0.0015708
1369.88,0.817754,0.0015708
1370.57,0.81722,0.0015708
1371.25,0.816688,0.0015708
1371.94,0.816156,0.0015708
1372.62,0.815624,0.0015708
1373.31,0.815093,0.0015708
1373.99,0.814563,0.0015708
1374.68,0.814033,0.0015708
1375.36,0.813503,0.0015708
1376.05,0.812974,0.0015708
1376.74,0.812446,0.0015708
1377.43,0.811918,0.0015708
1378.11,0.811391,0.0015708
1378.8,0.810864,0.0015708
1379.49,0.810338,0.0015708
1380.18,0.809812,0.0015708
1380.87,0.809287,0.0015708
1381.56,0.808762,0.0015708
1382.25,0.808238,0.0015708
1382.94,0.807714,0.0015708
1383.63,0.807191,0.0015708
1384.32,0.806668,0.0015708
1385.02,0.806146,0.0015708
1385.71,0.805625,0.0015708
1386.4,0.805104,0.0015708
1387.09,0.804583,0.0015708
1387.79,0.804063,0.0015708
1388.48,0.803544,0.0015708
1389.17,0.803025,0.0015708
1389.87,0.802506,0.0015708
1390.56,0.801988,0.0015708
1391.26,0.801471,0.0015708
1391.95,0.800954,0.0015708
1392.65,0.800438,0.0015708
1393.35,0.799922,0.0015708
1394.04,0.799406,0.0015708
1394.74,0.798892,0.0015708
1395.44,0.798377,0.0015708
1396.14,0.797864,0.0015708
1396.83,0.79735,0.0015708
1397.53,0.796837,0.0015708
1398.23,0.796325,0.0015708
1398.93,0.795813,0.0015708
1399.63,0.795302,0.0015708
1400.33,0.794791,0.0015708
1401.03,0.794281,0.0015708
1401.73,0.793772,0.0015708
1402.43,0.793262,0.0015708
1403.13,0.792754,0.0015708
1403.84,0.792245,0.0015708
1404.54,0.791738,0.0015708
1405.24,0.791231,0.0015708
1405.94,0.790724,0.0015708
1406.65,0.790218,0.0015708
1407.35,0.789712,0.0015708
1408.05,0.789207,0.0015708
1408.76,0.788702,0.0015708
1409.46,0.788198,0.0015708
1410.17,0.787695,0.0015708
1410.87,0.787191,0.0015708
1411.58,0.786689,0.0015708
1412.29,0.786187,0.0015708
1412.99,0.785685,0.0015708
1413.7,0.785184,0.0015708
1414.41,0.784683,0.0015708
1415.11,0.784183,0.0015708
1415.82,0.783684,0.0015708
1416.53,0.783185,0.0015708
1417.24,0.782686,0.0015708
1417.95,0.782188,0.0015708
1418.66,0.78169,0.0015708
1419.37,0.781193,0.0015708
1420.08,0.780696,0.0015708
1420.79,0.7802,0.0015708
1421.5,0.779705,0.0015708
1422.21,0.77921,0.0015708
1422.92,0.778715,0.0015708
1423.63,0.778221,0.0015708
1424.34,0.777727,0.0015708
1425.06,0.777234,0.0015708
1425.77,0.776741,0.0015708
1426.48,0.776249,0.0015708
1427.2,0.775757,0.0015708
1427.91,0.775266,0.0015708
1428.62,0.774776,0.0015708
1429.34,0.774285,0.0015708
1430.05,0.773796,0.0015708
1430.77,0.773306,0.0015708
1431.48,0.772818,0.0015708
1432.2,0.772329,0.0015708
1432.92,0.771842,0.0015708
1433.63,0.771354,0.0015708
1434.35,0.770868,0.0015708
1435.07,0.770381,0.0015708
1435.78,0.769895,0.0015708
1436.5,0.76941,0.0015708
1437.22,0.768925,0.0015708
1437.94,0.768441,0.0015708
1438.66,0.767957,0.0015708
1439.38,0.767474,0.0015708
1440.1,0.766991,0.0015708
1440.82,0.766508,0.0015708
1441.54,0.766026,0.0015708
1442.26,0.765545,0.0015708
1442.98,0.765064,0.0015708
1443.7,0.764583,0.0015708
1444.42,0.764103,0.0015708
1445.14,0.763624,0.0015708
1445.86,0.763145,0.0015708
1446.59,0.762666,0.0015708
1447.31,0.762188,0.0015708
1448.03,0.76171,0.0015708
1448.76,0.761233,0.0015708
1449.48,0.760757,0.0015708
1450.2,0.76028,0.0015708
1450.93,0.759805,0.0015708
1451.65,0.759329,0.0015708
1452.38,0.758855,0.0015708
1453.1,0.75838,0.0015708
1453.83,0.757906,0.0015708
1454.56,0.757433,0.0015708
1455.28,0.75696,0.0015708
1456.01,0.756488,0.0015708
1456.74,0.756016,0.0015708
1457.46,0.755544,0.0015708
1458.19,0.755073,0.0015708
1458.92,0.754603,0.0015708
1459.65,0.754133,0.0015708
1460.38,0.753663,0.0015708
1461.11,0.753194,0.0015708
1461.84,0.752725,0.0015708
1462.57,0.752257,0.0015708
1463.3,0.751789,0.0015708
1464.03,0.751322,0.0015708
1464.76,0.750855,0.0015708
1465.49,0.750389,0.0015708
1466.22,0.749923,0.0015708
1466.95,0.749458,0.0015708
1467.68,0.748993,0.0015708
1468.41,0.748528,0.0015708
1469.15,0.748064,0.0015708
1469.88,0.747601,0.0015708
1470.61,0.747138,0.0015708
1471.35,0.746675,0.0015708
1472.08,0.746213,0.0015708
1472.81,0.745751,0.0015708
1473.55,0.74529,0.0015708
1474.28,0.744829,0.0015708
1475.02,0.744369,0.0015708
1475.75,0.743909,0.0015708
1476.49,0.74345,0.0015708
1477.23,0.742991,0.0015708
1477.96,0.742532,0.0015708
1478.7,0.742074,0.0015708
1479.44,0.741617,0.0015708
1480.17,0.74116,0.0015708
1480.91,0.740703,0.0015708
1481.65,0.740247,0.0015708
1482.39,0.739791,0.0015708
1483.13,0.739336,0.0015708
1483.86,0.738881,0.0015708
1484.6,0.738426,0.0015708
1485.34,0.737973,0.0015708
1486.08,0.737519,0.0015708
1486.82,0.737066,0.0015708
1487.56,0.736613,0.0015708
1488.3,0.736161,0.0015708
1489.04,0.73571,0.0015708
1489.79,0.735258,0.0015708
1490.53,0.734808,0.0015708
1491.27,0.734357,0.0015708
1492.01,0.733907,0.0015708
1492.75,0.733458,0.0015708
1493.5,0.733009,0.0015708
1494.24,0.73256,0.0015708
1494.98,0.732112,0.0015708
1495.73,0.731665,0.0015708
1496.47,0.731217,0.0015708
1497.21,0.730771,0.0015708
1497.96,0.730324,0.0015708
1498.7,0.729878,0.0015708
1499.45,0.729433,0.0015708
1500.19,0.728988,0.0015708
1500.94,0.728543,0.0015708
1501.69,0.728099,0.0015708
1502.43,0.727656,0.0015708
1503.18,0.727212,0.0015708
1503.93,0.72677,0.0015708
1504.67,0.726327,0.0015708
1505.42,0.725885,0.0015708
1506.17,0.725444,0.0015708
1506.92,0.725003,0.0015708
1507.66,0.724562,0.0015708
1508.41,0.724122,0.0015708
1509.16,0.723682,0.0015708
1509.91,0.723243,0.0015708
1510.66,0.722804,0.0015708
1511.41,0.722366,0.0015708
1512.16,0.721928,0.0015708
1512.91,0.72149,0.0015708
1513.66,0.721053,0.0015708
1514.41,0.720616,0.0015708
1515.16,0.72018,0.0015708
1515.92,0.719744,0.0015708
1516.67,0.719309,0.0015708
1517.42,0.718874,0.0015708
1518.17,0.71844,0.0015708
1518.92,0.718005,0.0015708
1519.68,0.717572,0.0015708
1520.43,0.717139,0.0015708
1521.18,0.716706,0.0015708
1521.94,0.716273,0.0015708
1522.69,0.715841,0.0015708
1523.45,0.71541,0.0015708
1524.2,0.714979,0.0015708
1524.96,0.714548,0.0015708
1525.71,0.714118,0.0015708
1526.47,0.713688,0.0015708
1527.22,0.713259,0.0015708
1527.98,0.71283,0.0015708
1528.74,0.712401,0.0015708
1529.49,0.711973,0.0015708
1530.25,0.711545,0.0015708
1531.01,0.711118,0.0015708
1531.76,0.710691,0.0015708
1532.52,0.710265,0.0015708
1533.28,0.709839,0.0015708
1534.04,0.709413,0.0015708
1534.8,0.708988,0.0015708
1535.56,0.708564,0.0015708
1536.31,0.708139,0.0015708
1537.07,0.707715,0.0015708
1537.83,0.707292,0.0015708
1538.59,0.706869,0.0015708
1539.35,0.706446,0.0015708
1540.11,0.706024,0.0015708
1540.88,0.705602,0.0015708
1541.64,0.705181,0.0015708
1542.4,0.70476,0.0015708
1543.16,0.704339,0.0015708
1543.92,0.703919,0.0015708
1544.68,0.703499,0.0015708
1545.45,0.70308,0.0015708
1546.21,0.702661,0.0015708
1546.97,0.702243,0.0015708
1547.73,0.701824,0.0015708
1548.5,0.701407,0.0015708
1549.26,0.70099,0.0015708
1550.03,0.700573,0.0015708
1550.79,0.700156,0.0015708
1551.55,0.69974,0.0015708
1552.32,0.699325,0.0015708
1553.08,0.698909,0.0015708
1553.85,0.698495,0.0015708
1554.62,0.69808,0.0015708
1555.38,0.697666,0.0015708
1556.15,0.697253,0.0015708
1556.91,0.69684,0.0015708
1557.68,0.696427,0.0015708
1558.45,0.696014,0.0015708
1559.22,0.695603,0.0015708
1559.98,0.695191,0.0015708
1560.75,0.69478,0.0015708
1561.52,0.694369,0.0015708
1562.29,0.693959,0.0015708
1563.06,0.693549,0.0015708
1563.82,0.693139,0.0015708
1564.59,0.69273,0.0015708
1565.36,0.692322,0.0015708
1566.13,0.691913,0.0015708
1566.9,0.691505,0.0015708
1567.67,0.691098,0.0015708
1568.44,0.690691,0.0015708
1569.21,0.690284,0.0015708
1569.98,0.689878,0.0015708
1570.76,0.689472,0.0015708
1571.53,0.689066,0.0015708
1572.3,0.688661,0.0015708
1573.07,0.688256,0.0015708
1573.84,0.687852,0.0015708
1574.62,0.687448,0.0015708
1575.39,0.687045,0.0015708
1576.16,0.686642,0.0015708
1576.93,0.686239,0.0015708
1577.71,0.685836,0.0015708
1578.48,0.685434,0.0015708
1579.26,0.685033,0.0015708
1580.03,0.684632,0.0015708
1580.8,0.684231,0.0015708
1581.58,0.683831,0.0015708
1582.35,0.683431,0.0015708
1583.13,0.683031,0.0015708
1583.9,0.682632,0.0015708
1584.68,0.682233,0.0015708
1585.46,0.681835,0.0015708
1586.23,0.681437,0.0015708
1587.01,0.681039,0.0015708
1587.79,0.680642,0.0015708
1588.56,0.680245,0.0015708
1589.34,0.679848,0.0015708
1590.12,0.679452,0.0015708
1590.89,0.679057,0.0015708
1591.67,0.678661,0.0015708
1592.45,0.678266,0.0015708
1593.23,0.677872,0.0015708
1594.01,0.677478,0.0015708
1594.79,0.677084,0.0015708
1595.57,0.676691,0.0015708
1596.35,0.676298,0.0015708
1597.13,0.675905,0.0015708
1597.91,0.675513,0.0015708
1598.69,0.675121,0.0015708
1599.47,0.674729,0.0015708
1600.25,0.674338,0.0015708
1601.03,0.673948,0.0015708
1601.81,0.673557,0.0015708
1602.59,0.673167,0.0015708
1603.37,0.672778,0.0015708
1604.15,0.672389,0.0015708
1604.94,0.672,0.0015708
1605.72,0.671611,0.0015708
1606.5,0.671223,0.0015708
1607.28,0.670836,0.0015708
1608.07,0.670448,0.0015708
1608.85,0.670061,0.0015708
1609.63,0.669675,0.0015708
1610.42,0.669289,0.0015708
1611.2,0.668903,0.0015708
1611.99,0.668517,0.0015708
1612.77,0.668132,0.0015708
1613.56,0.667748,0.0015708
1614.34,0.667364,0.0015708
1615.13,0.66698,0.0015708
1615.91,0.666596,0.0015708
1616.7,0.666213,0.0015708
1617.48,0.66583,0.0015708
1618.27,0.665448,0.0015708
1619.06,0.665066,0.0015708
1619.84,0.664684,0.0015708
1620.63,0.664303,0.0015708
1621.42,0.663922,0.0015708
1622.2,0.663541,0.0015708
1622.99,0.663161,0.0015708
1623.78,0.662781,0.0015708
1624.57,0.662402,0.0015708
1625.36,0.662023,0.0015708
1626.14,0.661644,0.0015708
1626.93,0.661265,0.0015708
1627.72,0.660887,0.0015708
1628.51,0.66051,0.0015708
1629.3,0.660133,0.0015708
1630.09,0.659756,0.0015708
1630.88,0.659379,0.0015708
1631.67,0.659003,0.0015708
1632.46,0.658627,0.0015708
1633.25,0.658252,0.0015708
1634.04,0.657877,0.0015708
1634.83,0.657502,0.0015708
1635.63,0.657128,0.0015708
1636.42,0.656754,0.0015708
1637.21,0.65638,0.0015708
1638,0.656007,0.0015708
1638.79,0.655634,0.0015708
1639.59,0.655261,0.0015708
1640.38,0.654889,0.0015708
1641.17,0.654517,0.0015708
1641.96,0.654146,0.0015708
1642.76,0.653775,0.0015708
1643.55,0.653404,0.0015708
1644.35,0.653034,0.0015708
1645.14,0.652663,0.0015708
1645.93,0.652294,0.0015708
1646.73,0.651925,0.0015708
1647.52,0.651556,0.0015708
1648.32,0.651187,0.0015708
1649.11,0.650819,0.0015708
1649.91,0.650451,0.0015708
1650.7,0.650083,0.0015708
1651.5,0.649716,0.0015708
1652.3,0.649349,0.0015708
1653.09,0.648983,0.0015708
1653.89,0.648617,0.0015708
1654.69,0.648251,0.0015708
1655.48,0.647885,0.0015708
1656.28,0.64752,0.0015708
1657.08,0.647156,0.0015708
1657.87,0.646791,0.0015708
1658.67,0.646427,0.0015708
1659.47,0.646064,0.0015708
1660.27,0.6457,0.0015708
1661.07,0.645337,0.0015708
1661.87,0.644975,0.0015708
1662.66,0.644612,0.0015708
1663.46,0.64425,0.0015708
1664.26,0.643889,0.0015708
1665.06,0.643528,0.0015708
1665.86,0.643167,0.0015708
1666.66,0.642806,0.0015708
1667.46,0.642446,0.0015708
1668.26,0.642086,0.0015708
1669.06,0.641727,0.0015708
1669.86,0.641368,0.0015708
1670.67,0.641009,0.0015708
1671.47,0.64065,0.0015708
1672.27,0.640292,0.0015708
1673.07,0.639934,0.0015708
1673.87,0.639577,0.0015708
1674.67,0.63922,0.0015708
1675.48,0.638863,0.0015708
1676.28,0.638507,0.0015708
1677.08,0.638151,0.0015708
1677.88,0.637795,0.0015708
1678.69,0.63744,0.0015708
1679.49,0.637084,0.0015708
1680.3,0.63673,0.0015708
1681.1,0.636375,0.0015708
1681.9,0.636021,0.0015708
1682.71,0.635668,0.0015708
1683.51,0.635314,0.0015708
1684.32,0.634961,0.0015708
1685.12,0.634609,0.0015708
1685.93,0.634256,0.0015708
1686.73,0.633904,0.0015708
1687.54,0.633553,0.0015708
1688.34,0.633201,0.0015708
1689.15,0.63285,0.0015708
1689.96,0.6325,0.0015708
1690.76,0.632149,0.0015708
1691.57,0.631799,0.0015708
1692.37,0.63145,0.0015708
1693.18,0.6311,0.0015708
1693.99,0.630751,0.0015708
1694.8,0.630403,0.0015708
1695.6,0.630054,0.0015708
1696.41,0.629706,0.0015708
1697.22,0.629359,0.0015708
1698.03,0.629011,0.0015708
1698.84,0.628664,0.0015708
1699.64,0.628318,0.0015708
1700.45,0.627971,0.0015708
1701.26,0.627625,0.0015708
1702.07,0.62728,0.0015708
1702.88,0.626934,0.0015708
1703.69,0.626589,0.0015708
1704.5,0.626244,0.0015708
1705.31,0.6259,0.0015708
1706.12,0.625556,0.0015708
1706.93,0.625212,0.0015708
1707.74,0.624869,0.0015708
1708.55,0.624526,0.0015708
1709.36,0.624183,0.0015708
1710.17,0.623841,0.0015708
1710.99,0.623499,0.0015708
1711.8,0.623157,0.0015708
1712.61,0.622815,0.0015708
1713.42,0.622474,0.0015708
1714.23,0.622133,0.0015708
1715.05,0.621793,0.0015708
1715.86,0.621453,0.0015708
1716.67,0.621113,0.0015708
1717.48,0.620773,0.0015708
1718.3,0.620434,0.0015708
1719.11,0.620095,0.0015708
1719.93,0.619757,0.0015708
1720.74,0.619419,0.0015708
1721.55,0.619081,0.0015708
1722.37,0.618743,0.0015708
1723.18,0.618406,0.0015708
1724,0.618069,0.0015708
1724.81,0.617732,0.0015708
1725.63,0.617396,0.0015708
1726.44,0.61706,0.0015708
1727.26,0.616724,0.0015708
1728.07,0.616389,0.0015708
1728.89,0.616054,0.0015708
1729.7,0.615719,0.0015708
1730.52,0.615385,0.0015708
1731.34,0.615051,0.0015708
1732.15,0.614717,0.0015708
1732.97,0.614383,0.0015708
1733.79,0.61405,0.0015708
1734.6,0.613717,0.0015708
1735.42,0.613385,0.0015708
1736.24,0.613053,0.0015708
1737.06,0.612721,0.0015708
1737.87,0.612389,0.0015708
1738.69,0.612058,0.0015708
1739.51,0.611727,0.0015708
1740.33,0.611396,0.0015708
1741.15,0.611066,0.0015708
1741.97,0.610736,0.0015708
1742.78,0.610406,0.0015708
1743.6,0.610077,0.0015708
1744.42,0.609748,0.0015708
1745.24,0.609419,0.0015708
1746.06,0.60909,0.0015708
1746.88,0.608762,0.0015708
1747.7,0.608434,0.0015708
1748.52,0.608107,0.0015708
1749.34,0.607779,0.0015708
1750.16,0.607452,0.0015708
1750.99,0.607126,0.0015708
1751.81,0.606799,0.0015708
1752.63,0.606473,0.0015708
1753.45,0.606148,0.0015708
1754.27,0.605822,0.0015708
1755.09,0.605497,0.0015708
1755.91,0.605172,0.0015708
1756.74,0.604848,0.0015708
1757.56,0.604524,0.0015708
1758.38,0.6042,0.0015708
1759.2,0.603876,0.0015708
1760.03,0.603553,0.0015708
1760.85,0.60323,0.0015708
1761.67,0.602907,0.0015708
1762.5,0.602585,0.0015708
1763.32,0.602263,0.0015708
1764.14,0.601941,0.0015708
1764.97,0.601619,0.0015708
1765.79,0.601298,0.0015708
1766.62,0.600977,0.0015708
1767.44,0.600657,0.0015708
1768.27,0.600336,0.0015708
1769.09,0.600016,0.0015708
1769.92,0.599697,0.0015708
1770.74,0.599377,0.0015708
1771.57,0.599058,0.0015708
1772.39,0.598739,0.0015708
1773.22,0.598421,0.0015708
1774.04,0.598103,0.0015708
1774.87,0.597785,0.0015708
1775.7,0.597467,0.0015708
1776.52,0.59715,0.0015708
1777.35,0.596833,0.0015708
1778.18,0.596516,0.0015708
1779,0.5962,0.0015708
1779.83,0.595884,0.0015708
1780.66,0.595568,0.0015708
1781.49,0.595252,0.0015708
1782.31,0.594937,0.0015708
1783.14,0.594622,0.0015708
1783.97,0.594307,0.0015708
1784.8,0.593993,0.0015708
1785.63,0.593679,0.0015708
1786.46,0.593365,0.0015708
1787.28,0.593052,0.0015708
1788.11,0.592738,0.0015708
1788.94,0.592425,0.0015708
1789.77,0.592113,0.0015708
1790.6,0.5918,0.0015708
1791.43,0.591488,0.0015708
1792.26,0.591177,0.0015708
1793.09,0.590865,0.0015708
1793.92,0.590554,0.0015708
1794.75,0.590243,0.0015708
1795.58,0.589932,0.0015708
1796.41,0.589622,0.0015708
1797.24,0.589312,0.0015708
1798.08,0.589002,0.0015708
1798.91,0.588693,0.0015708
1799.74,0.588384,0.0015708
1800.57,0.588075,0.0015708
1801.4,0.587766,0.0015708
1802.23,0.587458,0.0015708
1803.07,0.58715,0.0015708
1803.9,0.586842,0.0015708
1804.73,0.586534,0.0015708
1805.56,0.586227,0.0015708
1806.4,0.58592,0.0015708
1807.23,0.585614,0.0015708
1808.06,0.585307,0.0015708
1808.89,0.585001,0.0015708
1809.73,0.584696,0.0015708
1810.56,0.58439,0.0015708
1811.4,0.584085,0.0015708
1812.23,0.58378,0.0015708
1813.06,0.583475,0.0015708
1813.9,0.583171,0.0015708
1814.73,0.582867,0.0015708
1815.57,0.582563,0.0015708
1816.4,0.582259,0.0015708
1817.24,0.581956,0.0015708
1818.07,0.581653,0.0015708
1818.91,0.58135,0.0015708
1819.74,0.581048,0.0015708
1820.58,0.580746,0.0015708
1821.41,0.580444,0.0015708
1822.25,0.580142,0.0015708
1823.09,0.579841,0.0015708
1823.92,0.57954,0.0015708
1824.76,0.579239,0.0015708
1825.6,0.578939,0.0015708
1826.43,0.578639,0.0015708
1827.27,0.578339,0.0015708
1828.11,0.578039,0.0015708
1828.94,0.57774,0.0015708
1829.78,0.577441,0.0015708
1830.62,0.577142,0.0015708
1831.46,0.576843,0.0015708
1832.3,0.576545,0.0015708
1833.13,0.576247,0.0015708
1833.97,0.575949,0.0015708
1834.81,0.575652,0.0015708
1835.65,0.575354,0.0015708
1836.49,0.575057,0.0015708
1837.33,0.574761,0.0015708
1838.17,0.574464,0.0015708
1839,0.574168,0.0015708
1839.84,0.573872,0.0015708
1840.68,0.573577,0.0015708
1841.52,0.573282,0.0015708
1842.36,0.572987,0.0015708
1843.2,0.572692,0.0015708
1844.04,0.572397,0.0015708
1844.88,0.572103,0.0015708
1845.72,0.571809,0.0015708
1846.56,0.571515,0.0015708
1847.41,0.571222,0.0015708
1848.25,0.570929,0.0015708
1849.09,0.570636,0.0015708
1849.93,0.570343,0.0015708
1850.77,0.570051,0.0015708
1851.61,0.569759,0.0015708
1852.45,0.569467,0.0015708
1853.3,0.569175,0.0015708
1854.14,0.568884,0.0015708
1854.98,0.568593,0.0015708
1855.82,0.568302,0.0015708
1856.67,0.568012,0.0015708
1857.51,0.567721,0.0015708
1858.35,0.567431,0.0015708
1859.19,0.567142,0.0015708
1860.04,0.566852,0.0015708
1860.88,0.566563,0.0015708
1861.72,0.566274,0.0015708
1862.57,0.565985,0.0015708
1863.41,0.565697,0.0015708
1864.26,0.565409,0.0015708
1865.1,0.565121,0.0015708
1865.94,0.564833,0.0015708
1866.79,0.564546,0.0015708
1867.63,0.564259,0.0015708
1868.48,0.563972,0.0015708
1869.32,0.563685,0.0015708
1870.17,0.563399,0.0015708
1871.01,0.563113,0.0015708
1871.86,0.562827,0.0015708
1872.7,0.562542,0.0015708
1873.55,0.562256,0.0015708
1874.4,0.561971,0.0015708
1875.24,0.561687,0.0015708
1876.09,0.561402,0.0015708
1876.93,0.561118,0.0015708
1877.78,0.560834,0.0015708
1878.63,0.56055,0.0015708
1879.47,0.560266,0.0015708
1880.32,0.559983,0.0015708
1881.17,0.5597,0.0015708
1882.01,0.559417,0.0015708
1882.86,0.559135,0.0015708
1883.71,0.558853,0.0015708
1884.56,0.558571,0.0015708
1885.4,0.558289,0.0015708
1886.25,0.558008,0.0015708
1887.1,0.557726,0.0015708
1887.95,0.557445,0.0015708
1888.8,0.557165,0.0015708
1889.65,0.556884,0.0015708
1890.49,0.556604,0.0015708
1891.34,0.556324,0.0015708
1892.19,0.556044,0.0015708
1893.04,0.555765,0.0015708
1893.89,0.555486,0.0015708
1894.74,0.555207,0.0015708
1895.59,0.554928,0.0015708
1896.44,0.55465,0.0015708
1897.29,0.554371,0.0015708
1898.14,0.554093,0.0015708
1898.99,0.553816,0.0015708
1899.84,0.553538,0.0015708
1900.69,0.553261,0.0015708
1901.54,0.552984,0.0015708
1902.39,0.552707,0.0015708
1903.24,0.552431,0.0015708
1904.09,0.552155,0.0015708
1904.94,0.551879,0.0015708
1905.79,0.551603,0.0015708
1906.65,0.551328,0.0015708
1907.5,0.551052,0.0015708
1908.35,0.550777,0.0015708
1909.2,0.550503,0.0015708
1910.05,0.550228,0.0015708
1910.91,0.549954,0.0015708
1911.76,0.54968,0.0015708
1912.61,0.549406,0.0015708
1913.46,0.549133,0.0015708
1914.32,0.548859,0.0015708
1915.17,0.548586,0.0015708
1916.02,0.548313,0.0015708
1916.87,0.548041,0.0015708
1917.73,0.547769,0.0015708
1918.58,0.547497,0.0015708
1919.43,0.547225,0.0015708
1920.29,0.546953,0.0015708
1921.14,0.546682,0.0015708
1922,0.546411,0.0015708
1922.85,0.54614,0.0015708
1923.7,0.545869,0.0015708
1924.56,0.545599,0.0015708
1925.41,0.545329,0.0015708
1926.27,0.545059,0.0015708
1927.12,0.544789,0.0015708
1927.98,0.54452,0.0015708
1928.83,0.544251,0.0015708
1929.69,0.543982,0.0015708
1930.54,0.543713,0.0015708
1931.4,0.543444,0.0015708
1932.26,0.543176,0.0015708
1933.11,0.542908,0.0015708
1933.97,0.542641,0.0015708
1934.82,0.542373,0.0015708
1935.68,0.542106,0.0015708
1936.54,0.541839,0.0015708
1937.39,0.541572,0.0015708
1938.25,0.541305,0.0015708
1939.11,0.541039,0.0015708
1939.96,0.540773,0.0015708
1940.82,0.540507,0.0015708
1941.68,0.540241,0.0015708
1942.53,0.539976,0.0015708
1943.39,0.539711,0.0015708
1944.25,0.539446,0.0015708
1945.11,0.539181,0.0015708
1945.96,0.538917,0.0015708
1946.82,0.538653,0.0015708
1947.68,0.538389,0.0015708
1948.54,0.538125,0.0015708
1949.4,0.537861,0.0015708
1950.26,0.537598,0.0015708
1951.11,0.537335,0.0015708
1951.97,0.537072,0.0015708
1952.83,0.536809,0.0015708
1953.69,0.536547,0.0015708
1954.55,0.536285,0.0015708
1955.41,0.536023,0.0015708
1956.27,0.535761,0.0015708
1957.13,0.5355,0.0015708
1957.99,0.535239,0.0015708
1958.85,0.534978,0.0015708
1959.71,0.534717,0.0015708
1960.57,0.534456,0.0015708
1961.43,0.534196,0.0015708
1962.29,0.533936,0.0015708
1963.15,0.533676,0.0015708
1964.01,0.533417,0.0015708
1964.87,0.533157,0.0015708
1965.73,0.532898,0.0015708
1966.59,0.532639,0.0015708
1967.46,0.53238,0.0015708
1968.32,0.532122,0.0015708
1969.18,0.531864,0.0015708
1970.04,0.531606,0.0015708
1970.9,0.531348,0.0015708
1971.76,0.53109,0.0015708
1972.63,0.530833,0.0015708
1973.49,0.530576,0.0015708
1974.35,0.530319,0.0015708
1975.21,0.530062,0.0015708
1976.07,0.529806,0.0015708
1976.94,0.529549,0.0015708
1977.8,0.529293,0.0015708
1978.66,0.529038,0.0015708
1979.53,0.528782,0.0015708
1980.39,0.528527,0.0015708
1981.25,0.528272,0.0015708
1982.12,0.528017,0.0015708
1982.98,0.527762,0.0015708
1983.84,0.527508,0.0015708
1984.71,0.527253,0.0015708
1985.57,0.526999,0.0015708
1986.43,0.526746,0.0015708
1987.3,0.526492,0.0015708
1988.16,0.526239,0.0015708
1989.03,0.525986,0.0015708
1989.89,0.525733,0.0015708
1990.76,0.52548,0.0015708
1991.62,0.525227,0.0015708
1992.49,0.524975,0.0015708
1993.35,0.524723,0.0015708
1994.22,0.524471,0.0015708
1995.08,0.52422,0.0015708
1995.95,0.523968,0.0015708
1996.81,0.523717,0.0015708
1997.68,0.523466,0.0015708
1998.54,0.523216,0.0015708
1999.41,0.522965,0.0015708
2000.28,0.522715,0.0015708
2001.14,0.522465,0.0015708
2002.01,0.522215,0.0015708
2002.88,0.521965,0.0015708
2003.74,0.521716,0.0015708
2004.61,0.521467,0.0015708
2005.48,0.521218,0.0015708
2006.34,0.520969,0.0015708
2007.21,0.52072,0.0015708
2008.08,0.520472,0.0015708
2008.94,0.520224,0.0015708
2009.81,0.519976,0.0015708
2010.68,0.519728,0.0015708
2011.55,0.519481,0.0015708
2012.41,0.519233,0.0015708
2013.28,0.518986,0.0015708
2014.15,0.518739,0.0015708
2015.02,0.518493,0.0015708
2015.89,0.518246,0.0015708
2016.76,0.518,0.0015708
2017.62,0.517754,0.0015708
2018.49,0.517508,0.0015708
2019.36,0.517263,0.0015708
2020.23,0.517017,0.0015708
2021.1,0.516772,0.0015708
2021.97,0.516527,0.0015708
2022.84,0.516283,0.0015708
2023.71,0.516038,0.0015708
2024.58,0.515794,0.0015708
2025.45,0.51555,0.0015708
2026.32,0.515306,0.0015708
2027.19,0.515062,0.0015708
2028.06,0.514819,0.0015708
2028.93,0.514575,0.0015708
2029.8,0.514332,0.0015708
2030.67,0.514089,0.0015708
2031.54,0.513847,0.0015708
2032.41,0.513604,0.0015708
2033.28,0.513362,0.0015708
2034.15,0.51312,0.0015708
2035.02,0.512878,0.0015708
2035.89,0.512637,0.0015708
2036.76,0.512395,0.0015708
2037.63,0.512154,0.0015708
2038.51,0.511913,0.0015708
2039.38,0.511672,0.0015708
2040.25,0.511432,0.0015708
2041.12,0.511191,0.0015708
2041.99,0.510951,0.0015708
2042.86,0.510711,0.0015708
2043.74,0.510471,0.0015708
2044.61,0.510232,0.0015708
2045.48,0.509992,0.0015708
2046.35,0.509753,0.0015708
2047.23,0.509514,0.0015708
2048.1,0.509276,0.0015708
2048.97,0.509037,0.0015708
2049.84,0.508799,0.0015708
2050.72,0.508561,0.0015708
2051.59,0.508323,0.0015708
2052.46,0.508085,0.0015708
2053.34,0.507847,0.0015708
2054.21,0.50761,0.0015708
2055.08,0.507373,0.0015708
2055.96,0.507136,0.0015708
2056.83,0.506899,0.0015708
2057.71,0.506663,0.0015708
2058.58,0.506427,0.0015708
2059.45,0.50619,0.0015708
2060.33,0.505955,0.0015708
2061.2,0.505719,0.0015708
2062.08,0.505483,0.0015708
2062.95,0.505248,0.0015708
2063.83,0.505013,0.0015708
2064.7,0.504778,0.0015708
2065.58,0.504543,0.0015708
2066.45,0.504309,0.0015708
2067.33,0.504074,0.0015708
2068.2,0.50384,0.0015708
2069.08,0.503606,0.0015708
2069.95,0.503373,0.0015708
2070.83,0.503139,0.0015708
2071.71,0.502906,0.0015708
2072.58,0.502673,0.0015708
2073.46,0.50244,0.0015708
2074.33,0.502207,0.0015708
2075.21,0.501975,0.0015708
2076.09,0.501742,0.0015708
2076.96,0.50151,0.0015708
2077.84,0.501278,0.0015708
2078.72,0.501046,0.0015708
2079.59,0.500815,0.0015708
2080.47,0.500583,0.0015708
2081.35,0.500352,0.0015708
2082.22,0.500121,0.0015708
2083.1,0.499891,0.0015708
2083.98,0.49966,0.0015708
2084.86,0.49943,0.0015708
2085.73,0.499199,0.0015708
2086.61,0.498969,0.0015708
2087.49,0.49874,0.0015708
2088.37,0.49851,0.0015708
2089.24,0.49828,0.0015708
2090.12,0.498051,0.0015708
2091,0.497822,0.0015708
2091.88,0.497593,0.0015708
2092.76,0.497365,0.0015708
2093.64,0.497136,0.0015708
2094.52,0.496908,0.0015708
2095.39,0.49668,0.0015708
2096.27,0.496452,0.0015708
2097.15,0.496224,0.0015708
2098.03,0.495997,0.0015708
2098.91,0.495769,0.0015708
2099.79,0.495542,0.0015708
2100.67,0.495315,0.0015708
2101.55,0.495089,0.0015708
2102.43,0.494862,0.0015708
2103.31,0.494636,0.0015708
2104.19,0.49441,0.0015708
2105.07,0.494184,0.0015708
2105.95,0.493958,0.0015708
2106.83,0.493732,0.0015708
2107.71,0.493507,0.0015708
2108.59,0.493282,0.0015708
2109.47,0.493056,0.0015708
2110.35,0.492832,0.0015708
2111.23,0.492607,0.0015708
2112.11,0.492382,0.0015708
2112.99,0.492158,0.0015708
2113.87,0.491934,0.0015708
2114.75,0.49171,0.0015708
2115.64,0.491486,0.0015708
2116.52,0.491263,0.0015708
2117.4,0.49104,0.0015708
2118.28,0.490816,0.0015708
2119.16,0.490593,0.0015708
2120.04,0.490371,0.0015708
2120.93,0.490148,0.0015708
2121.81,0.489925,0.0015708
2122.69,0.489703,0.0015708
2123.57,0.489481,0.0015708
2124.45,0.489259,0.0015708
2125.34,0.489038,0.0015708
2126.22,0.488816,0.0015708
2127.1,0.488595,0.0015708
2127.98,0.488374,0.0015708
2128.87,0.488153,0.0015708
2129.75,0.487932,0.0015708
2130.63,0.487711,0.0015708
2131.52,0.487491,0.0015708
2132.4,0.487271,0.0015708
2133.28,0.487051,0.0015708
2134.17,0.486831,0.0015708
2135.05,0.486611,0.0015708
2135.93,0.486392,0.0015708
2136.82,0.486172,0.0015708
2137.7,0.485953,0.0015708
2138.58,0.485734,0.0015708
2139.47,0.485515,0.0015708
2140.35,0.485297,0.0015708
2141.24,0.485078,0.0015708
2142.12,0.48486,0.0015708
2143.01,0.484642,0.0015708
2143.89,0.484424,0.0015708
2144.78,0.484206,0.0015708
2145.66,0.483989,0.0015708
2146.55,0.483772,0.0015708
2147.43,0.483554,0.0015708
2148.32,0.483337,0.0015708
2149.2,0.483121,0.0015708
2150.09,0.482904,0.0015708
2150.97,0.482688,0.0015708
2151.86,0.482471,0.0015708
2152.74,0.482255,0.0015708
2153.63,0.482039,0.0015708
2154.51,0.481824,0.0015708
2155.4,0.481608,0.0015708
2156.29,0.481393,0.0015708
2157.17,0.481177,0.0015708
2158.06,0.480962,0.0015708
2158.94,0.480748,0.0015708
2159.83,0.480533,0.0015708
2160.72,0.480318,0.0015708
2161.6,0.480104,0.0015708
2162.49,0.47989,0.0015708
2163.38,0.479676,0.0015708
2164.26,0.479462,0.0015708
2165.15,0.479249,0.0015708
2166.04,0.479035,0.0015708
2166.92,0.478822,0.0015708
2167.81,0.478609,0.0015708
2168.7,0.478396,0.0015708
2169.59,0.478183,0.0015708
2170.47,0.477971,0.0015708
2171.36,0.477758,0.0015708
2172.25,0.477546,0.0015708
2173.14,0.477334,0.0015708
2174.03,0.477122,0.0015708
2174.91,0.47691,0.0015708
2175.8,0.476699,0.0015708
2176.69,0.476487,0.0015708
2177.58,0.476276,0.0015708
2178.47,0.476065,0.0015708
2179.36,0.475854,0.0015708
2180.24,0.475644,0.0015708
2181.13,0.475433,0.0015708
2182.02,0.475223,0.0015708
2182.91,0.475013,0.0015708
2183.8,0.474803,0.0015708
2184.69,0.474593,0.0015708
2185.58,0.474383,0.0015708
2186.47,0.474174,0.0015708
2187.36,0.473964,0.0015708
2188.25,0.473755,0.0015708
2189.14,0.473546,0.0015708
2190.02,0.473338,0.0015708
2190.91,0.473129,0.0015708
2191.8,0.472921,0.0015708
2192.69,0.472712,0.0015708
2193.58,0.472504,0.0015708
2194.47,0.472296,0.0015708
2195.36,0.472088,0.0015708
2196.26,0.471881,0.0015708
2197.15,0.471673,0.0015708
2198.04,0.471466,0.0015708
2198.93,0.471259,0.0015708
2199.82,0.471052,0.0015708
2200.71,0.470845,0.0015708
2201.6,0.470639,0.0015708
2202.49,0.470432,0.0015708
2203.38,0.470226,0.0015708
2204.27,0.47002,0.0015708
2205.16,0.469814,0.0015708
2206.06,0.469608,0.0015708
2206.95,0.469403,0.0015708
2207.84,0.469197,0.0015708
2208.73,0.468992,0.0015708
2209.62,0.468787,0.0015708
2210.51,0.468582,0.0015708
2211.41,0.468377,0.0015708
2212.3,0.468172,0.0015708
2213.19,0.467968,0.0015708
2214.08,0.467764,0.0015708
2214.97,0.46756,0.0015708
2215.87,0.467356,0.0015708
2216.76,0.467152,0.0015708
2217.65,0.466948,0.0015708
2218.54,0.466745,0.0015708
2219.44,0.466541,0.0015708
2220.33,0.466338,0.0015708
2221.22,0.466135,0.0015708
2222.12,0.465933,0.0015708
2223.01,0.46573,0.0015708
2223.9,0.465527,0.0015708
2224.8,0.465325,0.0015708
2225.69,0.465123,0.0015708
2226.58,0.464921,0.0015708
2227.48,0.464719,0.0015708
2228.37,0.464518,0.0015708
2229.26,0.464316,0.0015708
2230.16,0.464115,0.0015708
2231.05,0.463913,0.0015708
2231.94,0.463712,0.0015708
2232.84,0.463512,0.0015708
2233.73,0.463311,0.0015708
2234.63,0.46311,0.0015708
2235.52,0.46291,0.0015708
2236.42,0.46271,0.0015708
