999.005,1.57079,0.00156979
998.005,1.57078,0.00156879
997.005,1.57077,0.00156779
996.005,1.57076,0.00156678
995.005,1.57075,0.00156577
994.006,1.57074,0.00156476
993.006,1.57073,0.00156375
992.006,1.57072,0.00156273
991.006,1.57071,0.00156171
990.006,1.5707,0.00156069
989.006,1.57069,0.00155967
988.006,1.57067,0.00155865
987.006,1.57066,0.00155762
986.006,1.57065,0.0015566
985.006,1.57064,0.00155557
984.006,1.57063,0.00155454
983.006,1.57062,0.0015535
982.006,1.57061,0.00155247
981.006,1.5706,0.00155143
980.006,1.57059,0.00155039
979.006,1.57058,0.00154934
978.006,1.57057,0.0015483
977.006,1.57056,0.00154725
976.006,1.57055,0.0015462
975.007,1.57054,0.00154515
974.007,1.57053,0.0015441
973.007,1.57052,0.00154305
972.007,1.57051,0.00154199
971.007,1.5705,0.00154093
970.007,1.57049,0.00153987
969.007,1.57048,0.0015388
968.007,1.57047,0.00153774
967.007,1.57046,0.00153667
966.007,1.57044,0.0015356
965.007,1.57043,0.00153452
964.007,1.57042,0.00153345
963.007,1.57041,0.00153237
962.007,1.5704,0.00153129
961.007,1.57039,0.00153021
960.007,1.57038,0.00152913
959.007,1.57037,0.00152804
958.007,1.57036,0.00152695
957.007,1.57035,0.00152586
956.008,1.57034,0.00152477
955.008,1.57033,0.00152367
954.008,1.57031,0.00152257
953.008,1.5703,0.00152147
952.008,1.57029,0.00152037
951.008,1.57028,0.00151927
950.008,1.57027,0.00151816
949.008,1.57026,0.00151705
948.008,1.57025,0.00151594
947.008,1.57024,0.00151483
946.008,1.57023,0.00151371
945.008,1.57021,0.00151259
944.008,1.5702,0.00151147
943.008,1.57019,0.00151035
942.008,1.57018,0.00150922
941.008,1.57017,0.00150809
940.008,1.57016,0.00150696
939.009,1.57015,0.00150583
938.009,1.57014,0.00150469
937.009,1.57012,0.00150355
936.009,1.57011,0.00150241
935.009,1.5701,0.00150127
934.009,1.57009,0.00150013
933.009,1.57008,0.00149898
932.009,1.57007,0.00149783
931.009,1.57006,0.00149667
930.009,1.57004,0.00149552
929.009,1.57003,0.00149436
928.009,1.57002,0.0014932
927.009,1.57001,0.00149204
926.009,1.57,0.00149087
925.009,1.56999,0.00148971
924.009,1.56997,0.00148853
923.009,1.56996,0.00148736
922.009,1.56995,0.00148619
921.01,1.56994,0.00148501
920.01,1.56993,0.00148383
919.01,1.56991,0.00148265
918.01,1.5699,0.00148146
917.01,1.56989,0.00148027
916.01,1.56988,0.00147908
915.01,1.56987,0.00147789
914.01,1.56986,0.00147669
913.01,1.56984,0.00147549
912.01,1.56983,0.00147429
911.01,1.56982,0.00147309
910.01,1.56981,0.00147188
909.01,1.5698,0.00147067
908.01,1.56978,0.00146946
907.01,1.56977,0.00146824
906.01,1.56976,0.00146703
905.011,1.56975,0.00146581
904.011,1.56973,0.00146458
903.011,1.56972,0.00146336
902.011,1.56971,0.00146213
901.011,1.5697,0.0014609
900.011,1.56969,0.00145967
899.011,1.56967,0.00145843
898.011,1.56966,0.00145719
897.011,1.56965,0.00145595
896.011,1.56964,0.0014547
895.011,1.56962,0.00145346
894.011,1.56961,0.00145221
893.011,1.5696,0.00145095
892.011,1.56959,0.0014497
891.011,1.56957,0.00144844
890.011,1.56956,0.00144718
889.012,1.56955,0.00144591
888.012,1.56954,0.00144464
887.012,1.56952,0.00144337
886.012,1.56951,0.0014421
885.012,1.5695,0.00144083
884.012,1.56948,0.00143955
883.012,1.56947,0.00143826
882.012,1.56946,0.00143698
881.012,1.56945,0.00143569
880.012,1.56943,0.0014344
879.012,1.56942,0.00143311
878.012,1.56941,0.00143181
877.012,1.56939,0.00143051
876.012,1.56938,0.00142921
875.012,1.56937,0.00142791
874.012,1.56935,0.0014266
873.013,1.56934,0.00142529
872.013,1.56933,0.00142397
871.013,1.56932,0.00142265
870.013,1.5693,0.00142133
869.013,1.56929,0.00142001
868.013,1.56928,0.00141868
867.013,1.56926,0.00141735
866.013,1.56925,0.00141602
865.013,1.56924,0.00141469
864.013,1.56922,0.00141335
863.013,1.56921,0.00141201
862.013,1.5692,0.00141066
861.013,1.56918,0.00140931
860.013,1.56917,0.00140796
859.014,1.56915,0.00140661
858.014,1.56914,0.00140525
857.014,1.56913,0.00140389
856.014,1.56911,0.00140252
855.014,1.5691,0.00140116
854.014,1.56909,0.00139979
853.014,1.56907,0.00139841
852.014,1.56906,0.00139704
851.014,1.56905,0.00139566
850.014,1.56903,0.00139427
849.014,1.56902,0.00139289
848.014,1.569,0.0013915
847.014,1.56899,0.0013901
846.014,1.56898,0.00138871
845.014,1.56896,0.00138731
844.015,1.56895,0.0013859
843.015,1.56893,0.0013845
842.015,1.56892,0.00138309
841.015,1.56891,0.00138167
840.015,1.56889,0.00138026
839.015,1.56888,0.00137884
838.015,1.56886,0.00137741
837.015,1.56885,0.00137599
836.015,1.56883,0.00137456
835.015,1.56882,0.00137312
834.015,1.56881,0.00137169
833.015,1.56879,0.00137025
832.015,1.56878,0.0013688
831.015,1.56876,0.00136736
830.016,1.56875,0.0013659
829.016,1.56873,0.00136445
828.016,1.56872,0.00136299
827.016,1.5687,0.00136153
826.016,1.56869,0.00136007
825.016,1.56868,0.0013586
824.016,1.56866,0.00135712
823.016,1.56865,0.00135565
822.016,1.56863,0.00135417
821.016,1.56862,0.00135269
820.016,1.5686,0.0013512
819.016,1.56859,0.00134971
818.016,1.56857,0.00134822
817.017,1.56856,0.00134672
816.017,1.56854,0.00134522
815.017,1.56853,0.00134371
814.017,1.56851,0.0013422
813.017,1.5685,0.00134069
812.017,1.56848,0.00133918
811.017,1.56847,0.00133766
810.017,1.56845,0.00133613
809.017,1.56844,0.0013346
808.017,1.56842,0.00133307
807.017,1.5684,0.00133154
806.017,1.56839,0.00133
805.017,1.56837,0.00132846
804.018,1.56836,0.00132691
803.018,1.56834,0.00132536
802.018,1.56833,0.00132381
801.018,1.56831,0.00132225
800.018,1.5683,0.00132069
799.018,1.56828,0.00131912
798.018,1.56827,0.00131755
797.018,1.56825,0.00131598
796.018,1.56823,0.0013144
795.018,1.56822,0.00131282
794.018,1.5682,0.00131123
793.018,1.56819,0.00130964
792.018,1.56817,0.00130805
791.019,1.56815,0.00130645
790.019,1.56814,0.00130485
789.019,1.56812,0.00130324
788.019,1.56811,0.00130163
787.019,1.56809,0.00130002
786.019,1.56807,0.0012984
785.019,1.56806,0.00129678
784.019,1.56804,0.00129515
783.019,1.56803,0.00129352
782.019,1.56801,0.00129189
781.019,1.56799,0.00129025
780.019,1.56798,0.0012886
779.02,1.56796,0.00128696
778.02,1.56794,0.0012853
777.02,1.56793,0.00128365
776.02,1.56791,0.00128199
775.02,1.56789,0.00128032
774.02,1.56788,0.00127865
773.02,1.56786,0.00127698
772.02,1.56784,0.0012753
771.02,1.56783,0.00127362
770.02,1.56781,0.00127193
769.02,1.56779,0.00127024
768.02,1.56778,0.00126855
767.021,1.56776,0.00126685
766.021,1.56774,0.00126515
765.021,1.56772,0.00126344
764.021,1.56771,0.00126172
763.021,1.56769,0.00126001
762.021,1.56767,0.00125828
761.021,1.56766,0.00125656
760.021,1.56764,0.00125483
759.021,1.56762,0.00125309
758.021,1.5676,0.00125135
757.021,1.56759,0.00124961
756.021,1.56757,0.00124786
755.022,1.56755,0.0012461
754.022,1.56753,0.00124434
753.022,1.56752,0.00124258
752.022,1.5675,0.00124081
751.022,1.56748,0.00123904
750.022,1.56746,0.00123726
749.022,1.56745,0.00123548
748.022,1.56743,0.00123369
747.022,1.56741,0.0012319
746.022,1.56739,0.0012301
745.022,1.56737,0.0012283
744.023,1.56736,0.0012265
743.023,1.56734,0.00122468
742.023,1.56732,0.00122287
741.023,1.5673,0.00122105
740.023,1.56728,0.00121922
739.023,1.56726,0.00121739
738.023,1.56725,0.00121555
737.023,1.56723,0.00121371
736.023,1.56721,0.00121187
735.023,1.56719,0.00121002
734.023,1.56717,0.00120816
733.024,1.56715,0.0012063
732.024,1.56714,0.00120443
731.024,1.56712,0.00120256
730.024,1.5671,0.00120068
729.024,1.56708,0.0011988
728.024,1.56706,0.00119692
727.024,1.56704,0.00119502
726.024,1.56702,0.00119313
725.024,1.567,0.00119122
724.024,1.56698,0.00118932
723.025,1.56697,0.0011874
722.025,1.56695,0.00118548
721.025,1.56693,0.00118356
720.025,1.56691,0.00118163
719.025,1.56689,0.0011797
718.025,1.56687,0.00117776
717.025,1.56685,0.00117581
716.025,1.56683,0.00117386
715.025,1.56681,0.0011719
714.025,1.56679,0.00116994
713.026,1.56677,0.00116797
712.026,1.56675,0.001166
711.026,1.56673,0.00116402
710.026,1.56671,0.00116204
709.026,1.56669,0.00116005
708.026,1.56667,0.00115805
707.026,1.56665,0.00115605
706.026,1.56663,0.00115405
705.026,1.56661,0.00115203
704.026,1.56659,0.00115002
703.027,1.56657,0.00114799
702.027,1.56655,0.00114596
701.027,1.56653,0.00114393
700.027,1.56651,0.00114189
699.027,1.56649,0.00113984
698.027,1.56647,0.00113779
697.027,1.56645,0.00113573
696.027,1.56643,0.00113366
695.027,1.56641,0.00113159
694.027,1.56639,0.00112952
693.028,1.56637,0.00112743
692.028,1.56635,0.00112534
691.028,1.56632,0.00112325
690.028,1.5663,0.00112115
689.028,1.56628,0.00111904
688.028,1.56626,0.00111693
687.028,1.56624,0.00111481
686.028,1.56622,0.00111268
685.028,1.5662,0.00111055
684.029,1.56618,0.00110841
683.029,1.56616,0.00110627
682.029,1.56613,0.00110412
681.029,1.56611,0.00110196
680.029,1.56609,0.0010998
679.029,1.56607,0.00109763
678.029,1.56605,0.00109545
677.029,1.56603,0.00109327
676.029,1.566,0.00109108
675.029,1.56598,0.00108889
674.03,1.56596,0.00108668
673.03,1.56594,0.00108447
672.03,1.56592,0.00108226
671.03,1.56589,0.00108004
670.03,1.56587,0.00107781
669.03,1.56585,0.00107557
668.03,1.56583,0.00107333
667.03,1.5658,0.00107108
666.03,1.56578,0.00106883
665.031,1.56576,0.00106657
664.031,1.56574,0.0010643
663.031,1.56571,0.00106202
662.031,1.56569,0.00105974
661.031,1.56567,0.00105745
660.031,1.56565,0.00105515
659.031,1.56562,0.00105285
658.031,1.5656,0.00105054
657.032,1.56558,0.00104822
656.032,1.56555,0.00104589
655.032,1.56553,0.00104356
654.032,1.56551,0.00104122
653.032,1.56548,0.00103888
652.032,1.56546,0.00103652
651.032,1.56544,0.00103416
650.032,1.56541,0.00103179
649.032,1.56539,0.00102942
648.033,1.56536,0.00102704
647.033,1.56534,0.00102465
646.033,1.56532,0.00102225
645.033,1.56529,0.00101984
644.033,1.56527,0.00101743
643.033,1.56524,0.00101501
642.033,1.56522,0.00101258
641.033,1.5652,0.00101015
640.034,1.56517,0.00100771
639.034,1.56515,0.00100526
638.034,1.56512,0.0010028
637.034,1.5651,0.00100033
636.034,1.56507,0.000997858
635.034,1.56505,0.000995376
634.034,1.56502,0.000992887
633.034,1.565,0.00099039
632.035,1.56497,0.000987884
631.035,1.56495,0.000985371
630.035,1.56492,0.00098285
629.035,1.5649,0.000980321
628.035,1.56487,0.000977783
627.035,1.56485,0.000975238
626.035,1.56482,0.000972685
625.035,1.5648,0.000970123
624.036,1.56477,0.000967553
623.036,1.56475,0.000964975
622.036,1.56472,0.000962388
621.036,1.56469,0.000959793
620.036,1.56467,0.00095719
619.036,1.56464,0.000954578
618.036,1.56462,0.000951958
617.036,1.56459,0.000949329
616.037,1.56456,0.000946691
615.037,1.56454,0.000944046
614.037,1.56451,0.000941391
613.037,1.56448,0.000938728
612.037,1.56446,0.000936056
611.037,1.56443,0.000933375
610.037,1.5644,0.000930685
609.038,1.56438,0.000927987
608.038,1.56435,0.000925279
607.038,1.56432,0.000922563
606.038,1.5643,0.000919838
605.038,1.56427,0.000917103
604.038,1.56424,0.00091436
603.038,1.56421,0.000911607
602.039,1.56419,0.000908846
601.039,1.56416,0.000906075
600.039,1.56413,0.000903295
599.039,1.5641,0.000900505
598.039,1.56407,0.000897706
597.039,1.56405,0.000894898
596.039,1.56402,0.00089208
595.04,1.56399,0.000889253
594.04,1.56396,0.000886416
593.04,1.56393,0.00088357
592.04,1.56391,0.000880714
591.04,1.56388,0.000877848
590.04,1.56385,0.000874972
589.04,1.56382,0.000872087
588.041,1.56379,0.000869192
587.041,1.56376,0.000866287
586.041,1.56373,0.000863372
585.041,1.5637,0.000860447
584.041,1.56367,0.000857512
583.041,1.56364,0.000854567
582.041,1.56361,0.000851611
581.042,1.56359,0.000848646
580.042,1.56356,0.00084567
579.042,1.56353,0.000842684
578.042,1.5635,0.000839688
577.042,1.56347,0.000836681
576.042,1.56344,0.000833663
575.042,1.56341,0.000830635
574.043,1.56338,0.000827597
573.043,1.56335,0.000824548
572.043,1.56331,0.000821488
571.043,1.56328,0.000818418
570.043,1.56325,0.000815336
569.043,1.56322,0.000812244
568.044,1.56319,0.000809141
567.044,1.56316,0.000806027
566.044,1.56313,0.000802901
565.044,1.5631,0.000799765
564.044,1.56307,0.000796618
563.044,1.56304,0.000793459
562.044,1.563,0.000790289
561.045,1.56297,0.000787108
560.045,1.56294,0.000783915
559.045,1.56291,0.000780711
558.045,1.56288,0.000777495
557.045,1.56284,0.000774268
556.045,1.56281,0.000771029
555.046,1.56278,0.000767779
554.046,1.56275,0.000764516
553.046,1.56271,0.000761242
552.046,1.56268,0.000757956
551.046,1.56265,0.000754658
550.046,1.56262,0.000751348
549.047,1.56258,0.000748025
548.047,1.56255,0.000744691
547.047,1.56252,0.000741344
546.047,1.56248,0.000737985
545.047,1.56245,0.000734614
544.047,1.56241,0.00073123
543.048,1.56238,0.000727834
542.048,1.56235,0.000724425
541.048,1.56231,0.000721004
540.048,1.56228,0.000717569
539.048,1.56224,0.000714122
538.048,1.56221,0.000710662
537.049,1.56218,0.00070719
536.049,1.56214,0.000703704
535.049,1.56211,0.000700205
534.049,1.56207,0.000696693
533.049,1.56204,0.000693168
532.05,1.562,0.000689629
531.05,1.56197,0.000686077
530.05,1.56193,0.000682512
529.05,1.56189,0.000678933
528.05,1.56186,0.00067534
527.05,1.56182,0.000671734
526.051,1.56179,0.000668114
525.051,1.56175,0.00066448
524.051,1.56171,0.000660833
523.051,1.56168,0.000657171
522.051,1.56164,0.000653495
521.052,1.5616,0.000649805
520.052,1.56157,0.000646101
519.052,1.56153,0.000642382
518.052,1.56149,0.000638649
517.052,1.56146,0.000634902
516.052,1.56142,0.00063114
515.053,1.56138,0.000627363
514.053,1.56134,0.000623572
513.053,1.5613,0.000619765
512.053,1.56127,0.000615944
511.053,1.56123,0.000612108
510.054,1.56119,0.000608256
509.054,1.56115,0.00060439
508.054,1.56111,0.000600508
507.054,1.56107,0.000596611
506.054,1.56103,0.000592698
505.055,1.561,0.00058877
504.055,1.56096,0.000584826
503.055,1.56092,0.000580867
502.055,1.56088,0.000576891
501.055,1.56084,0.0005729
500.056,1.5608,0.000568892
499.056,1.56076,0.000564869
498.056,1.56072,0.000560829
497.056,1.56068,0.000556773
496.056,1.56064,0.000552701
495.057,1.5606,0.000548612
494.057,1.56055,0.000544506
493.057,1.56051,0.000540384
492.057,1.56047,0.000536245
491.057,1.56043,0.000532089
490.058,1.56039,0.000527915
489.058,1.56035,0.000523725
488.058,1.56031,0.000519518
487.058,1.56026,0.000515293
486.058,1.56022,0.000511051
485.059,1.56018,0.000506791
484.059,1.56014,0.000502513
483.059,1.56009,0.000498218
482.059,1.56005,0.000493905
481.06,1.56001,0.000489573
480.06,1.55996,0.000485224
479.06,1.55992,0.000480856
478.06,1.55988,0.000476471
477.06,1.55983,0.000472066
476.061,1.55979,0.000467643
475.061,1.55975,0.000463201
474.061,1.5597,0.000458741
473.061,1.55966,0.000454262
472.062,1.55961,0.000449763
471.062,1.55957,0.000445245
470.062,1.55952,0.000440708
469.062,1.55948,0.000436152
468.062,1.55943,0.000431576
467.063,1.55938,0.00042698
466.063,1.55934,0.000422365
465.063,1.55929,0.00041773
464.063,1.55925,0.000413074
463.064,1.5592,0.000408399
462.064,1.55915,0.000403703
461.064,1.55911,0.000398986
460.064,1.55906,0.000394249
459.065,1.55901,0.000389491
458.065,1.55896,0.000384713
457.065,1.55892,0.000379913
456.065,1.55887,0.000375092
455.066,1.55882,0.00037025
454.066,1.55877,0.000365387
453.066,1.55872,0.000360502
452.066,1.55867,0.000355595
451.066,1.55863,0.000350667
450.067,1.55858,0.000345716
449.067,1.55853,0.000340743
448.067,1.55848,0.000335748
447.067,1.55843,0.000330731
446.068,1.55838,0.000325691
445.068,1.55833,0.000320628
444.068,1.55828,0.000315542
443.069,1.55823,0.000310434
442.069,1.55817,0.000305302
441.069,1.55812,0.000300146
440.069,1.55807,0.000294967
439.07,1.55802,0.000289765
438.07,1.55797,0.000284538
437.07,1.55792,0.000279288
436.07,1.55786,0.000274013
435.071,1.55781,0.000268714
434.071,1.55776,0.00026339
433.071,1.5577,0.000258042
432.071,1.55765,0.000252669
431.072,1.5576,0.000247271
430.072,1.55754,0.000241847
429.072,1.55749,0.000236398
428.072,1.55743,0.000230924
427.073,1.55738,0.000225424
426.073,1.55732,0.000219898
425.073,1.55727,0.000214346
424.074,1.55721,0.000208767
423.074,1.55716,0.000203162
422.074,1.5571,0.00019753
421.074,1.55705,0.000191872
420.075,1.55699,0.000186186
419.075,1.55693,0.000180473
418.075,1.55688,0.000174733
417.076,1.55682,0.000168965
416.076,1.55676,0.000163169
415.076,1.5567,0.000157345
414.076,1.55664,0.000151493
413.077,1.55659,0.000145612
412.077,1.55653,0.000139702
411.077,1.55647,0.000133764
410.078,1.55641,0.000127797
409.078,1.55635,0.0001218
408.078,1.55629,0.000115774
407.079,1.55623,0.000109718
406.079,1.55617,0.000103632
405.079,1.55611,9.75155e-05
404.079,1.55605,9.13689e-05
403.08,1.55599,8.51917e-05
402.08,1.55592,7.89835e-05
401.08,1.55586,7.27443e-05
400.081,1.5558,6.64737e-05
399.081,1.55574,6.01715e-05
398.081,1.55567,5.38375e-05
397.082,1.55561,4.74714e-05
396.082,1.55555,4.1073e-05
395.082,1.55548,3.4642e-05
394.083,1.55542,2.81783e-05
393.083,1.55535,2.16815e-05
392.083,1.55529,1.51514e-05
391.084,1.55522,8.58766e-06
390.084,1.55516,1.99014e-06
389.084,1.55509,-4.64147e-06
388.085,1.55503,-1.13074e-05
387.085,1.55496,-1.8008e-05
386.085,1.55489,-2.47435e-05
385.086,1.55483,-3.15141e-05
384.086,1.55476,-3.83202e-05
383.086,1.55469,-4.5162e-05
382.087,1.55462,-5.20399e-05
381.087,1.55455,-5.8954e-05
380.087,1.55448,-6.59046e-05
379.088,1.55441,-7.28922e-05
378.088,1.55434,-7.99169e-05
377.088,1.55427,-8.69791e-05
376.089,1.5542,-9.4079e-05
375.089,1.55413,-0.000101217
374.089,1.55406,-0.000108393
373.09,1.55399,-0.000115608
372.09,1.55392,-0.000122862
371.091,1.55385,-0.000130156
370.091,1.55377,-0.000137489
369.091,1.5537,-0.000144862
368.092,1.55363,-0.000152275
367.092,1.55355,-0.000159729
366.092,1.55348,-0.000167223
365.093,1.5534,-0.00017476
364.093,1.55333,-0.000182337
363.093,1.55325,-0.000189957
362.094,1.55318,-0.000197619
361.094,1.5531,-0.000205324
360.095,1.55302,-0.000213071
359.095,1.55295,-0.000220862
358.095,1.55287,-0.000228697
357.096,1.55279,-0.000236576
356.096,1.55271,-0.0002445
355.097,1.55263,-0.000252468
354.097,1.55255,-0.000260482
353.097,1.55247,-0.000268541
352.098,1.55239,-0.000276646
351.098,1.55231,-0.000284798
350.099,1.55223,-0.000292997
349.099,1.55215,-0.000301243
348.099,1.55207,-0.000309536
347.1,1.55198,-0.000317878
346.1,1.5519,-0.000326268
345.101,1.55182,-0.000334707
344.101,1.55173,-0.000343195
343.102,1.55165,-0.000351733
342.102,1.55156,-0.000360322
341.102,1.55148,-0.000368961
340.103,1.55139,-0.000377651
339.103,1.5513,-0.000386392
338.104,1.55122,-0.000395186
337.104,1.55113,-0.000404032
336.105,1.55104,-0.000412931
335.105,1.55095,-0.000421884
334.106,1.55086,-0.000430891
333.106,1.55077,-0.000439951
332.106,1.55068,-0.000449067
331.107,1.55059,-0.000458238
330.107,1.5505,-0.000467466
329.108,1.55041,-0.000476749
328.108,1.55031,-0.00048609
327.109,1.55022,-0.000495488
326.109,1.55013,-0.000504944
325.11,1.55003,-0.000514458
324.11,1.54994,-0.000524032
323.111,1.54984,-0.000533665
322.111,1.54975,-0.000543358
321.112,1.54965,-0.000553112
320.112,1.54955,-0.000562928
319.113,1.54945,-0.000572805
318.113,1.54936,-0.000582745
317.114,1.54926,-0.000592748
316.114,1.54916,-0.000602815
315.115,1.54906,-0.000612946
314.115,1.54896,-0.000623142
313.116,1.54885,-0.000633404
312.116,1.54875,-0.000643731
311.117,1.54865,-0.000654126
310.117,1.54855,-0.000664588
309.118,1.54844,-0.000675118
308.118,1.54834,-0.000685717
307.119,1.54823,-0.000696385
306.119,1.54812,-0.000707124
305.12,1.54802,-0.000717934
304.12,1.54791,-0.000728815
303.121,1.5478,-0.000739768
302.121,1.54769,-0.000750794
301.122,1.54758,-0.000761894
300.123,1.54747,-0.000773069
299.123,1.54736,-0.000784319
298.124,1.54725,-0.000795645
297.124,1.54713,-0.000807047
296.125,1.54702,-0.000818527
295.125,1.54691,-0.000830086
294.126,1.54679,-0.000841723
293.127,1.54668,-0.000853441
292.127,1.54656,-0.000865239
291.128,1.54644,-0.000877119
290.128,1.54632,-0.000889082
289.129,1.5462,-0.000901128
288.129,1.54608,-0.000913258
287.13,1.54596,-0.000925473
286.131,1.54584,-0.000937774
285.131,1.54572,-0.000950162
284.132,1.54559,-0.000962638
283.133,1.54547,-0.000975203
282.133,1.54535,-0.000987857
281.134,1.54522,-0.0010006
280.134,1.54509,-0.00101344
279.135,1.54496,-0.00102637
278.136,1.54484,-0.00103939
277.136,1.54471,-0.00105251
276.137,1.54458,-0.00106572
275.138,1.54444,-0.00107903
274.138,1.54431,-0.00109244
273.139,1.54418,-0.00110595
272.14,1.54404,-0.00111955
271.14,1.54391,-0.00113326
270.141,1.54377,-0.00114707
269.142,1.54363,-0.00116099
268.142,1.54349,-0.00117501
267.143,1.54335,-0.00118913
266.144,1.54321,-0.00120336
265.145,1.54307,-0.0012177
264.145,1.54293,-0.00123215
263.146,1.54279,-0.00124671
262.147,1.54264,-0.00126138
261.147,1.54249,-0.00127617
260.148,1.54235,-0.00129107
259.149,1.5422,-0.00130608
258.15,1.54205,-0.00132121
257.15,1.5419,-0.00133646
256.151,1.54175,-0.00135184
255.152,1.54159,-0.00136733
254.153,1.54144,-0.00138294
253.154,1.54128,-0.00139868
252.154,1.54113,-0.00141455
251.155,1.54097,-0.00143054
250.156,1.54081,-0.00144667
249.157,1.54065,-0.00146292
248.158,1.54049,-0.0014793
247.158,1.54033,-0.00149582
246.159,1.54016,-0.00151248
245.16,1.54,-0.00152927
244.161,1.53983,-0.0015462
243.162,1.53966,-0.00156327
242.163,1.53949,-0.00158048
241.163,1.53932,-0.00159783
240.164,1.53915,-0.00161534
239.165,1.53897,-0.00163299
238.166,1.5388,-0.00165079
237.167,1.53862,-0.00166874
236.168,1.53844,-0.00168684
235.169,1.53826,-0.0017051
234.17,1.53808,-0.00172352
233.171,1.5379,-0.00174209
232.171,1.53771,-0.00176083
231.172,1.53753,-0.00177973
230.173,1.53734,-0.0017988
229.174,1.53715,-0.00181803
228.175,1.53696,-0.00183744
227.176,1.53676,-0.00185702
226.177,1.53657,-0.00187677
225.178,1.53637,-0.0018967
224.179,1.53617,-0.00191681
223.18,1.53597,-0.0019371
222.181,1.53577,-0.00195757
221.182,1.53557,-0.00197824
220.183,1.53536,-0.00199909
219.184,1.53516,-0.00202013
218.185,1.53495,-0.00204137
217.186,1.53474,-0.00206281
216.187,1.53452,-0.00208444
215.188,1.53431,-0.00210628
214.19,1.53409,-0.00212833
213.191,1.53387,-0.00215058
212.192,1.53365,-0.00217305
211.193,1.53343,-0.00219573
210.194,1.5332,-0.00221863
209.195,1.53298,-0.00224175
208.196,1.53275,-0.00226509
207.197,1.53251,-0.00228866
206.199,1.53228,-0.00231247
205.2,1.53204,-0.0023365
204.201,1.53181,-0.00236078
203.202,1.53156,-0.0023853
202.203,1.53132,-0.00241006
201.205,1.53108,-0.00243507
200.206,1.53083,-0.00246033
199.207,1.53058,-0.00248585
198.208,1.53032,-0.00251163
197.21,1.53007,-0.00253768
196.211,1.52981,-0.00256399
195.212,1.52955,-0.00259057
194.214,1.52928,-0.00261744
193.215,1.52902,-0.00264458
192.216,1.52875,-0.00267201
191.218,1.52848,-0.00269973
190.219,1.5282,-0.00272774
189.22,1.52792,-0.00275605
188.222,1.52764,-0.00278467
187.223,1.52736,-0.0028136
186.225,1.52707,-0.00284284
185.226,1.52678,-0.0028724
184.228,1.52649,-0.00290228
183.229,1.52619,-0.0029325
182.231,1.52589,-0.00296305
181.232,1.52559,-0.00299394
180.234,1.52528,-0.00302518
179.235,1.52497,-0.00305677
178.237,1.52466,-0.00308872
177.238,1.52434,-0.00312104
176.24,1.52402,-0.00315372
175.242,1.5237,-0.00318679
174.243,1.52337,-0.00322024
173.245,1.52304,-0.00325407
172.247,1.52271,-0.00328831
171.248,1.52237,-0.00332295
170.25,1.52202,-0.00335801
169.252,1.52168,-0.00339348
168.253,1.52133,-0.00342938
167.255,1.52097,-0.00346572
166.257,1.52061,-0.0035025
165.259,1.52025,-0.00353973
164.261,1.51988,-0.00357742
163.262,1.51951,-0.00361558
162.264,1.51913,-0.00365421
161.266,1.51875,-0.00369333
160.268,1.51836,-0.00373294
159.27,1.51797,-0.00377306
158.272,1.51757,-0.00381369
157.274,1.51717,-0.00385485
156.276,1.51676,-0.00389654
155.278,1.51635,-0.00393878
154.28,1.51593,-0.00398157
153.282,1.51551,-0.00402493
152.285,1.51508,-0.00406886
151.287,1.51465,-0.00411338
150.289,1.51421,-0.00415851
149.291,1.51376,-0.00420425
148.293,1.51331,-0.00425061
147.296,1.51285,-0.00429762
146.298,1.51239,-0.00434528
145.3,1.51192,-0.0043936
144.303,1.51144,-0.0044426
143.305,1.51096,-0.0044923
142.308,1.51047,-0.0045427
141.31,1.50997,-0.00459384
140.313,1.50946,-0.00464571
139.315,1.50895,-0.00469834
138.318,1.50843,-0.00475174
137.32,1.50791,-0.00480593
136.323,1.50737,-0.00486093
135.326,1.50683,-0.00491676
134.328,1.50628,-0.00497343
133.331,1.50572,-0.00503097
132.334,1.50515,-0.00508939
131.337,1.50458,-0.00514871
130.34,1.50399,-0.00520896
129.343,1.5034,-0.00527016
128.346,1.5028,-0.00533233
127.349,1.50219,-0.0053955
126.352,1.50156,-0.00545968
125.355,1.50093,-0.0055249
124.358,1.50029,-0.0055912
123.362,1.49964,-0.00565858
122.365,1.49898,-0.00572709
121.368,1.4983,-0.00579675
120.372,1.49762,-0.00586759
119.375,1.49692,-0.00593964
118.379,1.49621,-0.00601293
117.382,1.49549,-0.00608749
116.386,1.49476,-0.00616336
115.39,1.49402,-0.00624057
114.393,1.49326,-0.00631916
113.397,1.49249,-0.00639916
112.401,1.4917,-0.00648061
111.405,1.4909,-0.00656356
110.409,1.49009,-0.00664804
109.413,1.48926,-0.0067341
108.417,1.48842,-0.00682178
107.422,1.48756,-0.00691113
106.426,1.48669,-0.00700219
105.43,1.48579,-0.00709502
104.435,1.48489,-0.00718967
103.44,1.48396,-0.00728619
102.444,1.48302,-0.00738463
101.449,1.48205,-0.00748506
100.454,1.48107,-0.00758754
99.4588,1.48007,-0.00769213
98.4639,1.47905,-0.00779889
97.4691,1.47801,-0.0079079
96.4744,1.47694,-0.00801922
95.4798,1.47586,-0.00813293
94.4853,1.47475,-0.00824911
93.4909,1.47361,-0.00836784
92.4966,1.47246,-0.0084892
91.5025,1.47127,-0.00861329
90.5085,1.47007,-0.00874019
89.5146,1.46883,-0.00887
88.5209,1.46757,-0.00900282
87.5273,1.46628,-0.00913876
86.5338,1.46496,-0.00927793
85.5405,1.4636,-0.00942045
84.5474,1.46222,-0.00956644
83.5544,1.4608,-0.00971602
82.5616,1.45935,-0.00986933
81.5689,1.45787,-0.0100265
80.5765,1.45634,-0.0101877
79.5842,1.45478,-0.0103531
78.5921,1.45318,-0.0105228
77.6002,1.45154,-0.0106971
76.6086,1.44986,-0.010876
75.6171,1.44813,-0.0110598
74.6259,1.44636,-0.0112487
73.6349,1.44454,-0.0114429
72.6441,1.44267,-0.0116427
71.6536,1.44074,-0.0118482
70.6634,1.43877,-0.0120597
69.6734,1.43673,-0.0122776
68.6838,1.43464,-0.012502
67.6944,1.43249,-0.0127333
66.7054,1.43027,-0.0129718
65.7166,1.42799,-0.0132178
64.7282,1.42563,-0.0134717
63.7402,1.42321,-0.0137339
62.7526,1.4207,-0.0140049
61.7653,1.41812,-0.0142849
60.7785,1.41545,-0.0145746
59.792,1.4127,-0.0148744
58.8061,1.40985,-0.0151848
57.8206,1.4069,-0.0155065
56.8356,1.40386,-0.01584
55.8511,1.4007,-0.016186
54.8672,1.39743,-0.0165453
53.8839,1.39404,-0.0169185
52.9012,1.39053,-0.0173066
51.9191,1.38688,-0.0177104
50.9378,1.38309,-0.0181309
49.9571,1.37915,-0.0185692
48.9773,1.37506,-0.0190263
47.9982,1.3708,-0.0195036
47.02,1.36636,-0.0200024
46.0428,1.36173,-0.0205242
45.0665,1.35689,-0.0210705
44.0912,1.35185,-0.0216433
43.1171,1.34657,-0.0222443
42.1442,1.34106,-0.0228758
41.1726,1.33528,-0.0235402
40.2023,1.32922,-0.0242399
39.2335,1.32286,-0.024978
38.2662,1.31617,-0.0257576
37.3007,1.30914,-0.0265823
36.337,1.30174,-0.0274561
35.3753,1.29393,-0.0283836
34.4157,1.28568,-0.0293697
33.4584,1.27696,-0.0304201
32.5037,1.26772,-0.0315413
31.5517,1.25792,-0.0327406
30.6028,1.24751,-0.0340263
29.6571,1.23643,-0.0354081
28.715,1.22462,-0.036897
27.7769,1.21201,-0.0385056
26.8432,1.19851,-0.040249
25.9143,1.18403,-0.0421443
24.9908,1.16848,-0.0442121
24.0734,1.15172,-0.0464764
23.1626,1.13364,-0.0489662
22.2593,1.11407,-0.051716
21.3644,1.09284,-0.0547679
20.479,1.06975,-0.058173
19.6045,1.04457,-0.0619948
18.7422,1.01704,-0.0663124
17.894,0.986848,-0.0712257
17.0618,0.953661,-0.0768631
16.2482,0.917085,-0.0833918
15.4558,0.87668,-0.091034
14.6882,0.831958,-0.100092
13.9492,0.782387,-0.110989
13.2435,0.727405,-0.124334
12.5763,0.666452,-0.141049
11.9536,0.599016,-0.1626
11.3824,0.524717,-0.191487
10.8697,0.443446,-0.232389
10.4234,0.35562,-0.295211
10.0508,0.262803,-0.404961
9.75913,0.170135,-0.642574
9.55446,0.102059,-1.29904
9.44148,0.133563,-2.3614
9.42314,0.234778,-2.73514
9.50035,0.347377,-2.88176
9.67186,0.460479,-2.95895
9.93422,0.570047,-3.00732
10.282,0.673812,-3.04096
10.7081,0.770432,-3.06595
11.2047,0.859253,-3.08534
11.7636,0.940142,-3.10085
12.3768,1.01334,-3.11353
13.0368,1.07932,-3.12408
13.7372,1.13869,-3.13298
14.472,1.19209,-3.14057
15.2364,1.24016,-3.14712
16.0262,1.2835,-3.15281
16.8379,1.32266,-3.15781
17.6684,1.35814,-3.16222
18.5152,1.39036,-3.16615
19.3763,1.41971,-3.16966
20.2499,1.44652,-3.17282
21.1343,1.47108,-3.17568
22.0284,1.49364,-3.17827
22.9309,1.51441,-3.18064
23.8411,1.5336,-3.18281
24.7579,1.55136,-3.1848
25.6809,1.56783,-3.18664
26.6092,1.58316,-3.18834
27.5424,1.59744,-3.18992
28.48,1.61078,-3.19138
29.4216,1.62327,-3.19275
30.3669,1.63497,-3.19403
31.3154,1.64597,-3.19523
32.267,1.65631,-3.19636
33.2214,1.66606,-3.19741
34.1783,1.67526,-3.19841
35.1375,1.68396,-3.19935
36.0989,1.69219,-3.20024
37.0623,1.7,-3.20108
38.0275,1.70741,-3.20188
38.9944,1.71445,-3.20264
39.963,1.72115,-3.20336
40.933,1.72753,-3.20405
41.9043,1.73362,-3.20471
42.877,1.73942,-3.20533
43.8509,1.74498,-3.20593
44.8259,1.75028,-3.2065
45.8019,1.75537,-3.20705
46.779,1.76024,-3.20757
47.7569,1.76491,-3.20807
48.7358,1.76939,-3.20855
49.7154,1.7737,-3.20902
50.6959,1.77783,-3.20946
51.6771,1.78182,-3.20989
52.6589,1.78565,-3.2103
53.6415,1.78934,-3.2107
54.6246,1.7929,-3.21108
55.6084,1.79634,-3.21145
56.5927,1.79965,-3.21181
57.5775,1.80285,-3.21215
58.5628,1.80594,-3.21249
59.5487,1.80893,-3.21281
60.5349,1.81183,-3.21312
61.5216,1.81463,-3.21342
62.5088,1.81734,-3.21372
63.4963,1.81997,-3.214
64.4842,1.82251,-3.21427
65.4724,1.82498,-3.21454
66.461,1.82738,-3.2148
67.45,1.82971,-3.21505
68.4392,1.83197,-3.2153
69.4288,1.83416,-3.21553
70.4186,1.83629,-3.21576
71.4088,1.83837,-3.21599
72.3991,1.84038,-3.21621
73.3898,1.84235,-3.21642
74.3807,1.84426,-3.21663
75.3718,1.84612,-3.21683
76.3632,1.84793,-3.21702
77.3548,1.84969,-3.21721
78.3465,1.85142,-3.2174
79.3385,1.85309,-3.21758
80.3307,1.85473,-3.21776
81.3231,1.85633,-3.21793
82.3157,1.85788,-3.2181
83.3084,1.8594,-3.21827
84.3013,1.86089,-3.21843
85.2944,1.86234,-3.21859
86.2876,1.86375,-3.21874
87.281,1.86514,-3.21889
88.2745,1.86649,-3.21904
89.2682,1.86782,-3.21918
90.262,1.86911,-3.21932
91.2559,1.87038,-3.21946
92.25,1.87161,-3.2196
93.2442,1.87283,-3.21973
94.2385,1.87401,-3.21986
95.2329,1.87518,-3.21999
96.2275,1.87631,-3.22011
97.2221,1.87743,-3.22023
98.2169,1.87852,-3.22035
99.2117,1.87959,-3.22047
100.207,1.88064,-3.22058
101.202,1.88167,-3.22069
102.197,1.88267,-3.2208
103.192,1.88366,-3.22091
104.188,1.88463,-3.22102
105.183,1.88559,-3.22112
106.178,1.88652,-3.22122
107.174,1.88743,-3.22132
108.17,1.88833,-3.22142
109.166,1.88922,-3.22152
110.161,1.89008,-3.22161
111.157,1.89094,-3.22171
112.153,1.89177,-3.2218
113.149,1.89259,-3.22189
114.145,1.8934,-3.22198
115.142,1.89419,-3.22206
116.138,1.89497,-3.22215
117.134,1.89574,-3.22223
118.131,1.89649,-3.22232
119.127,1.89724,-3.2224
120.123,1.89796,-3.22248
121.12,1.89868,-3.22256
122.117,1.89939,-3.22263
123.113,1.90008,-3.22271
124.11,1.90076,-3.22279
125.107,1.90143,-3.22286
126.104,1.90209,-3.22293
127.1,1.90275,-3.223
128.097,1.90339,-3.22307
129.094,1.90402,-3.22314
130.091,1.90464,-3.22321
131.088,1.90525,-3.22328
132.085,1.90585,-3.22335
133.083,1.90644,-3.22341
134.08,1.90703,-3.22347
135.077,1.9076,-3.22354
136.074,1.90817,-3.2236
137.072,1.90873,-3.22366
138.069,1.90928,-3.22372
139.066,1.90982,-3.22378
140.064,1.91036,-3.22384
141.061,1.91089,-3.2239
142.059,1.91141,-3.22396
143.056,1.91192,-3.22401
144.054,1.91243,-3.22407
145.051,1.91293,-3.22412
146.049,1.91342,-3.22418
147.047,1.9139,-3.22423
148.044,1.91438,-3.22429
149.042,1.91486,-3.22434
150.04,1.91532,-3.22439
151.038,1.91578,-3.22444
152.035,1.91624,-3.22449
153.033,1.91668,-3.22454
154.031,1.91713,-3.22459
155.029,1.91756,-3.22464
156.027,1.91799,-3.22468
157.025,1.91842,-3.22473
158.023,1.91884,-3.22478
159.021,1.91926,-3.22482
160.019,1.91967,-3.22487
161.017,1.92007,-3.22491
162.015,1.92047,-3.22496
163.013,1.92086,-3.225
164.011,1.92125,-3.22504
165.009,1.92164,-3.22509
166.007,1.92202,-3.22513
167.006,1.9224,-3.22517
168.004,1.92277,-3.22521
169.002,1.92314,-3.22525
170,1.9235,-3.22529
170.999,1.92386,-3.22533
171.997,1.92421,-3.22537
172.995,1.92456,-3.22541
173.993,1.92491,-3.22545
174.992,1.92525,-3.22549
175.99,1.92559,-3.22552
176.989,1.92592,-3.22556
177.987,1.92626,-3.2256
178.985,1.92658,-3.22563
179.984,1.92691,-3.22567
180.982,1.92723,-3.22571
181.981,1.92754,-3.22574
182.979,1.92786,-3.22578
183.978,1.92817,-3.22581
184.976,1.92847,-3.22584
185.975,1.92878,-3.22588
186.973,1.92908,-3.22591
187.972,1.92937,-3.22594
188.97,1.92967,-3.22598
189.969,1.92996,-3.22601
190.968,1.93024,-3.22604
191.966,1.93053,-3.22607
192.965,1.93081,-3.2261
193.964,1.93109,-3.22613
194.962,1.93136,-3.22617
195.961,1.93164,-3.2262
196.96,1.93191,-3.22623
197.958,1.93218,-3.22626
198.957,1.93244,-3.22628
199.956,1.9327,-3.22631
200.954,1.93296,-3.22634
201.953,1.93322,-3.22637
202.952,1.93347,-3.2264
203.951,1.93373,-3.22643
204.95,1.93397,-3.22646
205.948,1.93422,-3.22648
206.947,1.93447,-3.22651
207.946,1.93471,-3.22654
208.945,1.93495,-3.22656
209.944,1.93519,-3.22659
210.943,1.93542,-3.22662
211.941,1.93566,-3.22664
212.94,1.93589,-3.22667
213.939,1.93612,-3.22669
214.938,1.93634,-3.22672
215.937,1.93657,-3.22674
216.936,1.93679,-3.22677
217.935,1.93701,-3.22679
218.934,1.93723,-3.22682
219.933,1.93744,-3.22684
220.932,1.93766,-3.22687
221.931,1.93787,-3.22689
222.93,1.93808,-3.22691
223.929,1.93829,-3.22694
224.928,1.9385,-3.22696
225.927,1.9387,-3.22698
226.926,1.93891,-3.227
227.925,1.93911,-3.22703
228.924,1.93931,-3.22705
229.923,1.93951,-3.22707
230.922,1.9397,-3.22709
231.921,1.9399,-3.22711
232.92,1.94009,-3.22714
233.919,1.94028,-3.22716
234.918,1.94047,-3.22718
235.917,1.94066,-3.2272
236.916,1.94085,-3.22722
237.915,1.94103,-3.22724
238.914,1.94122,-3.22726
239.914,1.9414,-3.22728
240.913,1.94158,-3.2273
241.912,1.94176,-3.22732
242.911,1.94193,-3.22734
243.91,1.94211,-3.22736
244.909,1.94229,-3.22738
245.908,1.94246,-3.2274
246.908,1.94263,-3.22742
247.907,1.9428,-3.22744
248.906,1.94297,-3.22746
249.905,1.94314,-3.22748
250.904,1.9433,-3.22749
251.904,1.94347,-3.22751
252.903,1.94363,-3.22753
253.902,1.94379,-3.22755
254.901,1.94396,-3.22757
255.9,1.94412,-3.22759
256.9,1.94427,-3.2276
257.899,1.94443,-3.22762
258.898,1.94459,-3.22764
259.897,1.94474,-3.22766
260.897,1.9449,-3.22767
261.896,1.94505,-3.22769
262.895,1.9452,-3.22771
263.894,1.94535,-3.22772
264.894,1.9455,-3.22774
265.893,1.94565,-3.22776
266.892,1.9458,-3.22777
267.892,1.94594,-3.22779
268.891,1.94609,-3.22781
269.89,1.94623,-3.22782
270.889,1.94637,-3.22784
271.889,1.94651,-3.22785
272.888,1.94665,-3.22787
273.887,1.94679,-3.22788
274.887,1.94693,-3.2279
275.886,1.94707,-3.22792
276.885,1.94721,-3.22793
277.885,1.94734,-3.22795
278.884,1.94748,-3.22796
279.883,1.94761,-3.22798
280.883,1.94774,-3.22799
281.882,1.94788,-3.22801
282.881,1.94801,-3.22802
283.881,1.94814,-3.22803
284.88,1.94826,-3.22805
285.88,1.94839,-3.22806
286.879,1.94852,-3.22808
287.878,1.94865,-3.22809
288.878,1.94877,-3.22811
289.877,1.9489,-3.22812
290.877,1.94902,-3.22813
291.876,1.94914,-3.22815
292.875,1.94926,-3.22816
293.875,1.94939,-3.22817
294.874,1.94951,-3.22819
295.874,1.94963,-3.2282
296.873,1.94974,-3.22821
297.872,1.94986,-3.22823
298.872,1.94998,-3.22824
299.871,1.9501,-3.22825
300.871,1.95021,-3.22827
301.87,1.95033,-3.22828
302.87,1.95044,-3.22829
303.869,1.95055,-3.22831
304.869,1.95067,-3.22832
305.868,1.95078,-3.22833
306.867,1.95089,-3.22834
307.867,1.951,-3.22836
308.866,1.95111,-3.22837
309.866,1.95122,-3.22838
310.865,1.95133,-3.22839
311.865,1.95143,-3.2284
312.864,1.95154,-3.22842
313.864,1.95165,-3.22843
314.863,1.95175,-3.22844
315.863,1.95186,-3.22845
316.862,1.95196,-3.22846
317.862,1.95207,-3.22847
318.861,1.95217,-3.22849
319.861,1.95227,-3.2285
320.86,1.95237,-3.22851
321.86,1.95247,-3.22852
322.859,1.95257,-3.22853
323.859,1.95267,-3.22854
324.858,1.95277,-3.22855
325.858,1.95287,-3.22856
326.857,1.95297,-3.22858
327.857,1.95307,-3.22859
328.856,1.95316,-3.2286
329.856,1.95326,-3.22861
330.855,1.95335,-3.22862
331.855,1.95345,-3.22863
332.855,1.95354,-3.22864
333.854,1.95364,-3.22865
334.854,1.95373,-3.22866
335.853,1.95382,-3.22867
336.853,1.95392,-3.22868
337.852,1.95401,-3.22869
338.852,1.9541,-3.2287
339.851,1.95419,-3.22871
340.851,1.95428,-3.22872
341.851,1.95437,-3.22873
342.85,1.95446,-3.22874
343.85,1.95455,-3.22875
344.849,1.95463,-3.22876
345.849,1.95472,-3.22877
346.848,1.95481,-3.22878
347.848,1.9549,-3.22879
348.848,1.95498,-3.2288
349.847,1.95507,-3.22881
350.847,1.95515,-3.22882
351.846,1.95524,-3.22883
352.846,1.95532,-3.22884
353.845,1.9554,-3.22885
354.845,1.95549,-3.22886
355.845,1.95557,-3.22887
356.844,1.95565,-3.22888
357.844,1.95573,-3.22889
358.843,1.95581,-3.22889
359.843,1.9559,-3.2289
360.843,1.95598,-3.22891
361.842,1.95606,-3.22892
362.842,1.95613,-3.22893
363.842,1.95621,-3.22894
364.841,1.95629,-3.22895
365.841,1.95637,-3.22896
366.84,1.95645,-3.22897
367.84,1.95653,-3.22897
368.84,1.9566,-3.22898
369.839,1.95668,-3.22899
370.839,1.95676,-3.229
371.839,1.95683,-3.22901
372.838,1.95691,-3.22902
373.838,1.95698,-3.22903
374.837,1.95706,-3.22903
375.837,1.95713,-3.22904
376.837,1.9572,-3.22905
377.836,1.95728,-3.22906
378.836,1.95735,-3.22907
379.836,1.95742,-3.22908
380.835,1.95749,-3.22908
381.835,1.95757,-3.22909
382.835,1.95764,-3.2291
383.834,1.95771,-3.22911
384.834,1.95778,-3.22912
385.834,1.95785,-3.22912
386.833,1.95792,-3.22913
387.833,1.95799,-3.22914
388.833,1.95806,-3.22915
389.832,1.95813,-3.22915
390.832,1.95819,-3.22916
391.832,1.95826,-3.22917
392.831,1.95833,-3.22918
393.831,1.9584,-3.22919
394.831,1.95846,-3.22919
395.83,1.95853,-3.2292
396.83,1.9586,-3.22921
397.83,1.95866,-3.22921
398.829,1.95873,-3.22922
399.829,1.9588,-3.22923
400.829,1.95886,-3.22924
401.828,1.95892,-3.22924
402.828,1.95899,-3.22925
403.828,1.95905,-3.22926
404.827,1.95912,-3.22927
405.827,1.95918,-3.22927
406.827,1.95924,-3.22928
407.826,1.95931,-3.22929
408.826,1.95937,-3.22929
409.826,1.95943,-3.2293
410.826,1.95949,-3.22931
411.825,1.95956,-3.22932
412.825,1.95962,-3.22932
413.825,1.95968,-3.22933
414.824,1.95974,-3.22934
415.824,1.9598,-3.22934
416.824,1.95986,-3.22935
417.823,1.95992,-3.22936
418.823,1.95998,-3.22936
419.823,1.96004,-3.22937
420.823,1.9601,-3.22938
421.822,1.96016,-3.22938
422.822,1.96021,-3.22939
423.822,1.96027,-3.2294
424.821,1.96033,-3.2294
425.821,1.96039,-3.22941
426.821,1.96045,-3.22942
427.821,1.9605,-3.22942
428.82,1.96056,-3.22943
429.82,1.96062,-3.22943
430.82,1.96067,-3.22944
431.82,1.96073,-3.22945
432.819,1.96078,-3.22945
433.819,1.96084,-3.22946
434.819,1.96089,-3.22947
435.818,1.96095,-3.22947
436.818,1.961,-3.22948
437.818,1.96106,-3.22948
438.818,1.96111,-3.22949
439.817,1.96117,-3.2295
440.817,1.96122,-3.2295
441.817,1.96127,-3.22951
442.817,1.96133,-3.22951
443.816,1.96138,-3.22952
444.816,1.96143,-3.22953
445.816,1.96149,-3.22953
446.816,1.96154,-3.22954
447.815,1.96159,-3.22954
448.815,1.96164,-3.22955
449.815,1.96169,-3.22956
450.815,1.96175,-3.22956
451.814,1.9618,-3.22957
452.814,1.96185,-3.22957
453.814,1.9619,-3.22958
454.814,1.96195,-3.22958
455.813,1.962,-3.22959
456.813,1.96205,-3.2296
457.813,1.9621,-3.2296
458.813,1.96215,-3.22961
459.812,1.9622,-3.22961
460.812,1.96225,-3.22962
461.812,1.9623,-3.22962
462.812,1.96235,-3.22963
463.811,1.96239,-3.22963
464.811,1.96244,-3.22964
465.811,1.96249,-3.22965
466.811,1.96254,-3.22965
467.81,1.96259,-3.22966
468.81,1.96263,-3.22966
469.81,1.96268,-3.22967
470.81,1.96273,-3.22967
471.81,1.96278,-3.22968
472.809,1.96282,-3.22968
473.809,1.96287,-3.22969
474.809,1.96292,-3.22969
475.809,1.96296,-3.2297
476.808,1.96301,-3.2297
477.808,1.96305,-3.22971
478.808,1.9631,-3.22971
479.808,1.96314,-3.22972
480.808,1.96319,-3.22972
481.807,1.96323,-3.22973
482.807,1.96328,-3.22973
483.807,1.96332,-3.22974
484.807,1.96337,-3.22974
485.806,1.96341,-3.22975
486.806,1.96346,-3.22975
487.806,1.9635,-3.22976
488.806,1.96354,-3.22976
489.806,1.96359,-3.22977
490.805,1.96363,-3.22977
491.805,1.96368,-3.22978
492.805,1.96372,-3.22978
493.805,1.96376,-3.22979
494.805,1.9638,-3.22979
495.804,1.96385,-3.2298
496.804,1.96389,-3.2298
497.804,1.96393,-3.22981
498.804,1.96397,-3.22981
499.804,1.96401,-3.22982
500.803,1.96406,-3.22982
501.803,1.9641,-3.22983
502.803,1.96414,-3.22983
503.803,1.96418,-3.22984
504.803,1.96422,-3.22984
505.802,1.96426,-3.22984
506.802,1.9643,-3.22985
507.802,1.96434,-3.22985
508.802,1.96438,-3.22986
509.802,1.96442,-3.22986
510.801,1.96446,-3.22987
511.801,1.9645,-3.22987
512.801,1.96454,-3.22988
513.801,1.96458,-3.22988
514.801,1.96462,-3.22989
515.8,1.96466,-3.22989
516.8,1.9647,-3.22989
517.8,1.96474,-3.2299
518.8,1.96478,-3.2299
519.8,1.96482,-3.22991
520.799,1.96486,-3.22991
521.799,1.96489,-3.22992
522.799,1.96493,-3.22992
523.799,1.96497,-3.22992
524.799,1.96501,-3.22993
525.798,1.96505,-3.22993
526.798,1.96508,-3.22994
527.798,1.96512,-3.22994
528.798,1.96516,-3.22995
529.798,1.9652,-3.22995
530.798,1.96523,-3.22995
531.797,1.96527,-3.22996
532.797,1.96531,-3.22996
533.797,1.96534,-3.22997
534.797,1.96538,-3.22997
535.797,1.96542,-3.22998
536.797,1.96545,-3.22998
537.796,1.96549,-3.22998
538.796,1.96553,-3.22999
539.796,1.96556,-3.22999
540.796,1.9656,-3.23
541.796,1.96563,-3.23
542.795,1.96567,-3.23
543.795,1.9657,-3.23001
544.795,1.96574,-3.23001
545.795,1.96577,-3.23002
546.795,1.96581,-3.23002
547.795,1.96584,-3.23002
548.794,1.96588,-3.23003
549.794,1.96591,-3.23003
550.794,1.96595,-3.23003
551.794,1.96598,-3.23004
552.794,1.96602,-3.23004
553.794,1.96605,-3.23005
554.793,1.96608,-3.23005
555.793,1.96612,-3.23005
556.793,1.96615,-3.23006
557.793,1.96618,-3.23006
558.793,1.96622,-3.23007
559.793,1.96625,-3.23007
560.792,1.96628,-3.23007
561.792,1.96632,-3.23008
562.792,1.96635,-3.23008
563.792,1.96638,-3.23008
564.792,1.96642,-3.23009
565.792,1.96645,-3.23009
566.791,1.96648,-3.2301
567.791,1.96651,-3.2301
568.791,1.96655,-3.2301
569.791,1.96658,-3.23011
570.791,1.96661,-3.23011
571.791,1.96664,-3.23011
572.791,1.96667,-3.23012
573.79,1.96671,-3.23012
574.79,1.96674,-3.23012
575.79,1.96677,-3.23013
576.79,1.9668,-3.23013
577.79,1.96683,-3.23013
578.79,1.96686,-3.23014
579.789,1.96689,-3.23014
580.789,1.96693,-3.23015
581.789,1.96696,-3.23015
582.789,1.96699,-3.23015
583.789,1.96702,-3.23016
584.789,1.96705,-3.23016
585.789,1.96708,-3.23016
586.788,1.96711,-3.23017
587.788,1.96714,-3.23017
588.788,1.96717,-3.23017
589.788,1.9672,-3.23018
590.788,1.96723,-3.23018
591.788,1.96726,-3.23018
592.788,1.96729,-3.23019
593.787,1.96732,-3.23019
594.787,1.96735,-3.23019
595.787,1.96738,-3.2302
596.787,1.96741,-3.2302
597.787,1.96744,-3.2302
598.787,1.96746,-3.23021
599.787,1.96749,-3.23021
600.786,1.96752,-3.23021
601.786,1.96755,-3.23022
602.786,1.96758,-3.23022
603.786,1.96761,-3.23022
604.786,1.96764,-3.23023
605.786,1.96767,-3.23023
606.786,1.96769,-3.23023
607.785,1.96772,-3.23024
608.785,1.96775,-3.23024
609.785,1.96778,-3.23024
610.785,1.96781,-3.23024
611.785,1.96784,-3.23025
612.785,1.96786,-3.23025
613.785,1.96789,-3.23025
614.784,1.96792,-3.23026
615.784,1.96795,-3.23026
616.784,1.96797,-3.23026
617.784,1.968,-3.23027
618.784,1.96803,-3.23027
619.784,1.96806,-3.23027
620.784,1.96808,-3.23028
621.784,1.96811,-3.23028
622.783,1.96814,-3.23028
623.783,1.96816,-3.23029
624.783,1.96819,-3.23029
625.783,1.96822,-3.23029
626.783,1.96824,-3.23029
627.783,1.96827,-3.2303
628.783,1.9683,-3.2303
629.782,1.96832,-3.2303
630.782,1.96835,-3.23031
631.782,1.96837,-3.23031
632.782,1.9684,-3.23031
633.782,1.96843,-3.23031
634.782,1.96845,-3.23032
635.782,1.96848,-3.23032
636.782,1.9685,-3.23032
637.781,1.96853,-3.23033
638.781,1.96856,-3.23033
639.781,1.96858,-3.23033
640.781,1.96861,-3.23034
641.781,1.96863,-3.23034
642.781,1.96866,-3.23034
643.781,1.96868,-3.23034
644.781,1.96871,-3.23035
645.78,1.96873,-3.23035
646.78,1.96876,-3.23035
647.78,1.96878,-3.23036
648.78,1.96881,-3.23036
649.78,1.96883,-3.23036
650.78,1.96886,-3.23036
651.78,1.96888,-3.23037
652.78,1.96891,-3.23037
653.78,1.96893,-3.23037
654.779,1.96895,-3.23037
655.779,1.96898,-3.23038
656.779,1.969,-3.23038
657.779,1.96903,-3.23038
658.779,1.96905,-3.23039
659.779,1.96908,-3.23039
660.779,1.9691,-3.23039
661.779,1.96912,-3.23039
662.778,1.96915,-3.2304
663.778,1.96917,-3.2304
664.778,1.96919,-3.2304
665.778,1.96922,-3.2304
666.778,1.96924,-3.23041
667.778,1.96926,-3.23041
668.778,1.96929,-3.23041
669.778,1.96931,-3.23041
670.778,1.96933,-3.23042
671.777,1.96936,-3.23042
672.777,1.96938,-3.23042
673.777,1.9694,-3.23043
674.777,1.96943,-3.23043
675.777,1.96945,-3.23043
676.777,1.96947,-3.23043
677.777,1.9695,-3.23044
678.777,1.96952,-3.23044
679.777,1.96954,-3.23044
680.776,1.96956,-3.23044
681.776,1.96959,-3.23045
682.776,1.96961,-3.23045
683.776,1.96963,-3.23045
684.776,1.96965,-3.23045
685.776,1.96967,-3.23046
686.776,1.9697,-3.23046
687.776,1.96972,-3.23046
688.776,1.96974,-3.23046
689.775,1.96976,-3.23047
690.775,1.96979,-3.23047
691.775,1.96981,-3.23047
692.775,1.96983,-3.23047
693.775,1.96985,-3.23048
694.775,1.96987,-3.23048
695.775,1.96989,-3.23048
696.775,1.96992,-3.23048
697.775,1.96994,-3.23049
698.775,1.96996,-3.23049
699.774,1.96998,-3.23049
700.774,1.97,-3.23049
701.774,1.97002,-3.2305
702.774,1.97004,-3.2305
703.774,1.97006,-3.2305
704.774,1.97008,-3.2305
705.774,1.97011,-3.2305
706.774,1.97013,-3.23051
707.774,1.97015,-3.23051
708.773,1.97017,-3.23051
709.773,1.97019,-3.23051
710.773,1.97021,-3.23052
711.773,1.97023,-3.23052
712.773,1.97025,-3.23052
713.773,1.97027,-3.23052
714.773,1.97029,-3.23053
715.773,1.97031,-3.23053
716.773,1.97033,-3.23053
717.773,1.97035,-3.23053
718.772,1.97037,-3.23053
719.772,1.97039,-3.23054
720.772,1.97041,-3.23054
721.772,1.97043,-3.23054
722.772,1.97045,-3.23054
723.772,1.97047,-3.23055
724.772,1.97049,-3.23055
725.772,1.97051,-3.23055
726.772,1.97053,-3.23055
727.772,1.97055,-3.23056
728.772,1.97057,-3.23056
729.771,1.97059,-3.23056
730.771,1.97061,-3.23056
731.771,1.97063,-3.23056
732.771,1.97065,-3.23057
733.771,1.97067,-3.23057
734.771,1.97069,-3.23057
735.771,1.97071,-3.23057
736.771,1.97073,-3.23057
737.771,1.97075,-3.23058
738.771,1.97077,-3.23058
739.77,1.97079,-3.23058
740.77,1.9708,-3.23058
741.77,1.97082,-3.23059
742.77,1.97084,-3.23059
743.77,1.97086,-3.23059
744.77,1.97088,-3.23059
745.77,1.9709,-3.23059
746.77,1.97092,-3.2306
747.77,1.97094,-3.2306
748.77,1.97095,-3.2306
749.77,1.97097,-3.2306
750.769,1.97099,-3.2306
751.769,1.97101,-3.23061
752.769,1.97103,-3.23061
753.769,1.97105,-3.23061
754.769,1.97107,-3.23061
755.769,1.97108,-3.23062
756.769,1.9711,-3.23062
757.769,1.97112,-3.23062
758.769,1.97114,-3.23062
759.769,1.97116,-3.23062
760.769,1.97117,-3.23063
761.768,1.97119,-3.23063
762.768,1.97121,-3.23063
763.768,1.97123,-3.23063
764.768,1.97125,-3.23063
765.768,1.97126,-3.23064
766.768,1.97128,-3.23064
767.768,1.9713,-3.23064
768.768,1.97132,-3.23064
769.768,1.97133,-3.23064
770.768,1.97135,-3.23065
771.768,1.97137,-3.23065
772.768,1.97139,-3.23065
773.767,1.9714,-3.23065
774.767,1.97142,-3.23065
775.767,1.97144,-3.23066
776.767,1.97146,-3.23066
777.767,1.97147,-3.23066
778.767,1.97149,-3.23066
779.767,1.97151,-3.23066
780.767,1.97153,-3.23067
781.767,1.97154,-3.23067
782.767,1.97156,-3.23067
783.767,1.97158,-3.23067
784.767,1.97159,-3.23067
785.766,1.97161,-3.23067
786.766,1.97163,-3.23068
787.766,1.97164,-3.23068
788.766,1.97166,-3.23068
789.766,1.97168,-3.23068
790.766,1.97169,-3.23068
791.766,1.97171,-3.23069
792.766,1.97173,-3.23069
793.766,1.97174,-3.23069
794.766,1.97176,-3.23069
795.766,1.97178,-3.23069
796.766,1.97179,-3.2307
797.765,1.97181,-3.2307
798.765,1.97183,-3.2307
799.765,1.97184,-3.2307
800.765,1.97186,-3.2307
801.765,1.97188,-3.2307
802.765,1.97189,-3.23071
803.765,1.97191,-3.23071
804.765,1.97192,-3.23071
805.765,1.97194,-3.23071
806.765,1.97196,-3.23071
807.765,1.97197,-3.23072
808.765,1.97199,-3.23072
809.765,1.972,-3.23072
810.764,1.97202,-3.23072
811.764,1.97204,-3.23072
812.764,1.97205,-3.23072
813.764,1.97207,-3.23073
814.764,1.97208,-3.23073
815.764,1.9721,-3.23073
816.764,1.97211,-3.23073
817.764,1.97213,-3.23073
818.764,1.97215,-3.23074
819.764,1.97216,-3.23074
820.764,1.97218,-3.23074
821.764,1.97219,-3.23074
822.764,1.97221,-3.23074
823.763,1.97222,-3.23074
824.763,1.97224,-3.23075
825.763,1.97225,-3.23075
826.763,1.97227,-3.23075
827.763,1.97228,-3.23075
828.763,1.9723,-3.23075
829.763,1.97231,-3.23075
830.763,1.97233,-3.23076
831.763,1.97234,-3.23076
832.763,1.97236,-3.23076
833.763,1.97237,-3.23076
834.763,1.97239,-3.23076
835.763,1.9724,-3.23076
836.762,1.97242,-3.23077
837.762,1.97243,-3.23077
838.762,1.97245,-3.23077
839.762,1.97246,-3.23077
840.762,1.97248,-3.23077
841.762,1.97249,-3.23077
842.762,1.97251,-3.23078
843.762,1.97252,-3.23078
844.762,1.97254,-3.23078
845.762,1.97255,-3.23078
846.762,1.97257,-3.23078
847.762,1.97258,-3.23078
848.762,1.9726,-3.23079
849.762,1.97261,-3.23079
850.761,1.97262,-3.23079
851.761,1.97264,-3.23079
852.761,1.97265,-3.23079
853.761,1.97267,-3.23079
854.761,1.97268,-3.2308
855.761,1.9727,-3.2308
856.761,1.97271,-3.2308
857.761,1.97272,-3.2308
858.761,1.97274,-3.2308
859.761,1.97275,-3.2308
860.761,1.97277,-3.23081
861.761,1.97278,-3.23081
862.761,1.9728,-3.23081
863.761,1.97281,-3.23081
864.761,1.97282,-3.23081
865.76,1.97284,-3.23081
866.76,1.97285,-3.23082
867.76,1.97287,-3.23082
868.76,1.97288,-3.23082
869.76,1.97289,-3.23082
870.76,1.97291,-3.23082
871.76,1.97292,-3.23082
872.76,1.97293,-3.23082
873.76,1.97295,-3.23083
874.76,1.97296,-3.23083
875.76,1.97297,-3.23083
876.76,1.97299,-3.23083
877.76,1.973,-3.23083
878.76,1.97302,-3.23083
879.76,1.97303,-3.23084
880.759,1.97304,-3.23084
881.759,1.97306,-3.23084
882.759,1.97307,-3.23084
883.759,1.97308,-3.23084
884.759,1.9731,-3.23084
885.759,1.97311,-3.23084
886.759,1.97312,-3.23085
887.759,1.97314,-3.23085
888.759,1.97315,-3.23085
889.759,1.97316,-3.23085
890.759,1.97318,-3.23085
891.759,1.97319,-3.23085
892.759,1.9732,-3.23085
893.759,1.97321,-3.23086
894.759,1.97323,-3.23086
895.758,1.97324,-3.23086
896.758,1.97325,-3.23086
897.758,1.97327,-3.23086
898.758,1.97328,-3.23086
899.758,1.97329,-3.23087
900.758,1.97331,-3.23087
901.758,1.97332,-3.23087
902.758,1.97333,-3.23087
903.758,1.97334,-3.23087
904.758,1.97336,-3.23087
905.758,1.97337,-3.23087
906.758,1.97338,-3.23088
907.758,1.97339,-3.23088
908.758,1.97341,-3.23088
909.758,1.97342,-3.23088
910.758,1.97343,-3.23088
911.757,1.97345,-3.23088
912.757,1.97346,-3.23088
913.757,1.97347,-3.23089
914.757,1.97348,-3.23089
915.757,1.9735,-3.23089
916.757,1.97351,-3.23089
917.757,1.97352,-3.23089
918.757,1.97353,-3.23089
919.757,1.97354,-3.23089
920.757,1.97356,-3.23089
921.757,1.97357,-3.2309
922.757,1.97358,-3.2309
923.757,1.97359,-3.2309
924.757,1.97361,-3.2309
925.757,1.97362,-3.2309
926.757,1.97363,-3.2309
927.757,1.97364,-3.2309
928.756,1.97365,-3.23091
929.756,1.97367,-3.23091
930.756,1.97368,-3.23091
931.756,1.97369,-3.23091
932.756,1.9737,-3.23091
933.756,1.97371,-3.23091
934.756,1.97373,-3.23091
935.756,1.97374,-3.23092
936.756,1.97375,-3.23092
937.756,1.97376,-3.23092
938.756,1.97377,-3.23092
939.756,1.97379,-3.23092
940.756,1.9738,-3.23092
941.756,1.97381,-3.23092
942.756,1.97382,-3.23092
943.756,1.97383,-3.23093
944.756,1.97384,-3.23093
945.755,1.97386,-3.23093
946.755,1.97387,-3.23093
947.755,1.97388,-3.23093
948.755,1.97389,-3.23093
949.755,1.9739,-3.23093
950.755,1.97391,-3.23094
951.755,1.97393,-3.23094
952.755,1.97394,-3.23094
953.755,1.97395,-3.23094
954.755,1.97396,-3.23094
955.755,1.97397,-3.23094
956.755,1.97398,-3.23094
957.755,1.97399,-3.23094
958.755,1.97401,-3.23095
959.755,1.97402,-3.23095
960.755,1.97403,-3.23095
961.755,1.97404,-3.23095
962.755,1.97405,-3.23095
963.754,1.97406,-3.23095
964.754,1.97407,-3.23095
965.754,1.97408,-3.23095
966.754,1.9741,-3.23096
967.754,1.97411,-3.23096
968.754,1.97412,-3.23096
969.754,1.97413,-3.23096
970.754,1.97414,-3.23096
971.754,1.97415,-3.23096
972.754,1.97416,-3.23096
973.754,1.97417,-3.23096
974.754,1.97418,-3.23097
975.754,1.9742,-3.23097
976.754,1.97421,-3.23097
977.754,1.97422,-3.23097
978.754,1.97423,-3.23097
979.754,1.97424,-3.23097
980.754,1.97425,-3.23097
981.753,1.97426,-3.23097
982.753,1.97427,-3.23098
983.753,1.97428,-3.23098
984.753,1.97429,-3.23098
985.753,1.9743,-3.23098
986.753,1.97431,-3.23098
987.753,1.97433,-3.23098
988.753,1.97434,-3.23098
989.753,1.97435,-3.23098
990.753,1.97436,-3.23099
991.753,1.97437,-3.23099
992.753,1.97438,-3.23099
993.753,1.97439,-3.23099
994.753,1.9744,-3.23099
995.753,1.97441,-3.23099
996.753,1.97442,-3.23099
997.753,1.97443,-3.23099
998.753,1.97444,-3.231
