999.006,1.57079,0.0014712
998.011,1.57078,0.0013714
997.016,1.57077,0.0012714
996.021,1.57076,0.00117121
995.026,1.57075,0.00107081
994.031,1.57074,0.000970212
993.036,1.57073,0.000869412
992.042,1.57072,0.000768411
991.047,1.57071,0.000667207
990.052,1.5707,0.000565799
989.057,1.57069,0.000464187
988.062,1.57068,0.000362371
987.067,1.57067,0.00026035
986.072,1.57066,0.000158122
985.077,1.57064,5.56883e-05
984.083,1.57063,-4.69527e-05
983.088,1.57062,-0.000149801
982.093,1.57061,-0.000252858
981.098,1.5706,-0.000356125
980.103,1.57059,-0.0004596
979.109,1.57058,-0.000563286
978.114,1.57057,-0.000667183
977.119,1.57056,-0.000771292
976.124,1.57055,-0.000875612
975.129,1.57054,-0.000980146
974.135,1.57053,-0.00108489
973.14,1.57052,-0.00118985
972.145,1.57051,-0.00129503
971.151,1.5705,-0.00140042
970.156,1.57049,-0.00150603
969.161,1.57048,-0.00161185
968.167,1.57047,-0.00171789
967.172,1.57046,-0.00182415
966.177,1.57045,-0.00193063
965.183,1.57044,-0.00203733
964.188,1.57042,-0.00214425
963.193,1.57041,-0.00225139
962.199,1.5704,-0.00235875
961.204,1.57039,-0.00246633
960.21,1.57038,-0.00257414
959.215,1.57037,-0.00268217
958.22,1.57036,-0.00279042
957.226,1.57035,-0.0028989
956.231,1.57034,-0.0030076
955.237,1.57033,-0.00311653
954.242,1.57032,-0.00322569
953.248,1.57031,-0.00333507
952.253,1.57029,-0.00344469
951.259,1.57028,-0.00355453
950.264,1.57027,-0.0036646
949.27,1.57026,-0.00377491
948.276,1.57025,-0.00388544
947.281,1.57024,-0.00399621
946.287,1.57023,-0.00410721
945.292,1.57022,-0.00421844
944.298,1.57021,-0.00432991
943.304,1.5702,-0.00444161
942.309,1.57018,-0.00455355
941.315,1.57017,-0.00466572
940.32,1.57016,-0.00477813
939.326,1.57015,-0.00489078
938.332,1.57014,-0.00500367
937.337,1.57013,-0.0051168
936.343,1.57012,-0.00523017
935.349,1.5701,-0.00534378
934.355,1.57009,-0.00545763
933.36,1.57008,-0.00557172
932.366,1.57007,-0.00568606
931.372,1.57006,-0.00580064
930.378,1.57005,-0.00591547
929.383,1.57004,-0.00603054
928.389,1.57002,-0.00614586
927.395,1.57001,-0.00626142
926.401,1.57,-0.00637724
925.407,1.56999,-0.0064933
924.413,1.56998,-0.00660961
923.418,1.56997,-0.00672617
922.424,1.56995,-0.00684299
921.43,1.56994,-0.00696005
920.436,1.56993,-0.00707737
919.442,1.56992,-0.00719494
918.448,1.56991,-0.00731277
917.454,1.5699,-0.00743085
916.46,1.56988,-0.00754919
915.466,1.56987,-0.00766779
914.472,1.56986,-0.00778664
913.478,1.56985,-0.00790575
912.484,1.56984,-0.00802512
911.49,1.56982,-0.00814476
910.496,1.56981,-0.00826465
909.502,1.5698,-0.0083848
908.508,1.56979,-0.00850522
907.514,1.56978,-0.0086259
906.52,1.56976,-0.00874685
905.526,1.56975,-0.00886806
904.532,1.56974,-0.00898954
903.538,1.56973,-0.00911128
902.544,1.56972,-0.0092333
901.551,1.5697,-0.00935558
900.557,1.56969,-0.00947813
899.563,1.56968,-0.00960096
898.569,1.56967,-0.00972405
897.575,1.56965,-0.00984742
896.582,1.56964,-0.00997106
895.588,1.56963,-0.010095
894.594,1.56962,-0.0102192
893.6,1.5696,-0.0103436
892.607,1.56959,-0.0104684
891.613,1.56958,-0.0105934
890.619,1.56957,-0.0107187
889.625,1.56955,-0.0108443
888.632,1.56954,-0.0109701
887.638,1.56953,-0.0110963
886.645,1.56952,-0.0112227
885.651,1.5695,-0.0113494
884.657,1.56949,-0.0114764
883.664,1.56948,-0.0116037
882.67,1.56947,-0.0117313
881.677,1.56945,-0.0118591
880.683,1.56944,-0.0119873
879.689,1.56943,-0.0121157
878.696,1.56941,-0.0122444
877.702,1.5694,-0.0123734
876.709,1.56939,-0.0125027
875.715,1.56938,-0.0126323
874.722,1.56936,-0.0127622
873.729,1.56935,-0.0128924
872.735,1.56934,-0.0130229
871.742,1.56932,-0.0131537
870.748,1.56931,-0.0132848
869.755,1.5693,-0.0134162
868.761,1.56928,-0.0135478
867.768,1.56927,-0.0136798
866.775,1.56926,-0.0138121
865.781,1.56924,-0.0139447
864.788,1.56923,-0.0140776
863.795,1.56922,-0.0142108
862.802,1.5692,-0.0143443
861.808,1.56919,-0.0144781
860.815,1.56918,-0.0146122
859.822,1.56916,-0.0147467
858.829,1.56915,-0.0148814
857.835,1.56914,-0.0150165
856.842,1.56912,-0.0151518
855.849,1.56911,-0.0152875
854.856,1.5691,-0.0154235
853.863,1.56908,-0.0155598
852.87,1.56907,-0.0156965
851.876,1.56906,-0.0158334
850.883,1.56904,-0.0159707
849.89,1.56903,-0.0161083
848.897,1.56901,-0.0162462
847.904,1.569,-0.0163844
846.911,1.56899,-0.016523
845.918,1.56897,-0.0166619
844.925,1.56896,-0.0168011
843.932,1.56895,-0.0169406
842.939,1.56893,-0.0170805
841.946,1.56892,-0.0172207
840.953,1.5689,-0.0173612
839.96,1.56889,-0.0175021
838.967,1.56888,-0.0176433
837.975,1.56886,-0.0177848
836.982,1.56885,-0.0179267
835.989,1.56883,-0.0180689
834.996,1.56882,-0.0182114
834.003,1.5688,-0.0183543
833.01,1.56879,-0.0184975
832.018,1.56878,-0.0186411
831.025,1.56876,-0.018785
830.032,1.56875,-0.0189292
829.039,1.56873,-0.0190738
828.047,1.56872,-0.0192188
827.054,1.5687,-0.0193641
826.061,1.56869,-0.0195097
825.069,1.56867,-0.0196557
824.076,1.56866,-0.019802
823.083,1.56864,-0.0199487
822.091,1.56863,-0.0200958
821.098,1.56862,-0.0202432
820.106,1.5686,-0.0203909
819.113,1.56859,-0.0205391
818.121,1.56857,-0.0206875
817.128,1.56856,-0.0208364
816.136,1.56854,-0.0209856
815.143,1.56853,-0.0211351
814.151,1.56851,-0.0212851
813.158,1.5685,-0.0214354
812.166,1.56848,-0.021586
811.173,1.56847,-0.0217371
810.181,1.56845,-0.0218885
809.189,1.56844,-0.0220402
808.196,1.56842,-0.0221924
807.204,1.5684,-0.0223449
806.212,1.56839,-0.0224978
805.219,1.56837,-0.0226511
804.227,1.56836,-0.0228047
803.235,1.56834,-0.0229587
802.243,1.56833,-0.0231132
801.25,1.56831,-0.023268
800.258,1.5683,-0.0234231
799.266,1.56828,-0.0235787
798.274,1.56827,-0.0237346
797.282,1.56825,-0.023891
796.29,1.56823,-0.0240477
795.298,1.56822,-0.0242048
794.306,1.5682,-0.0243623
793.313,1.56819,-0.0245202
792.321,1.56817,-0.0246785
791.329,1.56816,-0.0248372
790.337,1.56814,-0.0249963
789.345,1.56812,-0.0251558
788.354,1.56811,-0.0253157
787.362,1.56809,-0.025476
786.37,1.56808,-0.0256367
785.378,1.56806,-0.0257978
784.386,1.56804,-0.0259593
783.394,1.56803,-0.0261213
782.402,1.56801,-0.0262836
781.41,1.56799,-0.0264464
780.419,1.56798,-0.0266095
779.427,1.56796,-0.0267731
778.435,1.56795,-0.0269371
777.443,1.56793,-0.0271015
776.452,1.56791,-0.0272663
775.46,1.5679,-0.0274316
774.468,1.56788,-0.0275973
773.477,1.56786,-0.0277634
772.485,1.56785,-0.0279299
771.493,1.56783,-0.0280969
770.502,1.56781,-0.0282642
769.51,1.5678,-0.0284321
768.519,1.56778,-0.0286003
767.527,1.56776,-0.028769
766.536,1.56775,-0.0289381
765.544,1.56773,-0.0291077
764.553,1.56771,-0.0292777
763.561,1.56769,-0.0294481
762.57,1.56768,-0.029619
761.579,1.56766,-0.0297903
760.587,1.56764,-0.0299621
759.596,1.56763,-0.0301343
758.605,1.56761,-0.030307
757.613,1.56759,-0.0304801
756.622,1.56757,-0.0306537
755.631,1.56756,-0.0308278
754.64,1.56754,-0.0310022
753.649,1.56752,-0.0311772
752.657,1.5675,-0.0313526
751.666,1.56749,-0.0315285
750.675,1.56747,-0.0317048
749.684,1.56745,-0.0318816
748.693,1.56743,-0.0320589
747.702,1.56742,-0.0322366
746.711,1.5674,-0.0324149
745.72,1.56738,-0.0325936
744.729,1.56736,-0.0327727
743.738,1.56734,-0.0329524
742.747,1.56733,-0.0331325
741.756,1.56731,-0.0333131
740.765,1.56729,-0.0334942
739.774,1.56727,-0.0336757
738.783,1.56725,-0.0338578
737.793,1.56724,-0.0340404
736.802,1.56722,-0.0342234
735.811,1.5672,-0.0344069
734.82,1.56718,-0.034591
733.83,1.56716,-0.0347755
732.839,1.56714,-0.0349605
731.848,1.56713,-0.035146
730.858,1.56711,-0.035332
729.867,1.56709,-0.0355186
728.876,1.56707,-0.0357056
727.886,1.56705,-0.0358932
726.895,1.56703,-0.0360812
725.905,1.56701,-0.0362698
724.914,1.56699,-0.0364589
723.924,1.56698,-0.0366485
722.934,1.56696,-0.0368386
721.943,1.56694,-0.0370293
720.953,1.56692,-0.0372204
719.962,1.5669,-0.0374121
718.972,1.56688,-0.0376043
717.982,1.56686,-0.0377971
716.992,1.56684,-0.0379904
716.001,1.56682,-0.0381842
715.011,1.5668,-0.0383786
714.021,1.56678,-0.0385735
713.031,1.56676,-0.0387689
712.041,1.56674,-0.0389649
711.05,1.56672,-0.0391614
710.06,1.5667,-0.0393585
709.07,1.56668,-0.0395561
708.08,1.56667,-0.0397543
707.09,1.56665,-0.039953
706.1,1.56663,-0.0401523
705.11,1.56661,-0.0403522
704.121,1.56659,-0.0405526
703.131,1.56657,-0.0407536
702.141,1.56655,-0.0409551
701.151,1.56652,-0.0411572
700.161,1.5665,-0.0413599
699.171,1.56648,-0.0415632
698.182,1.56646,-0.041767
697.192,1.56644,-0.0419714
696.202,1.56642,-0.0421764
695.213,1.5664,-0.042382
694.223,1.56638,-0.0425882
693.233,1.56636,-0.0427949
692.244,1.56634,-0.0430022
691.254,1.56632,-0.0432102
690.265,1.5663,-0.0434187
689.275,1.56628,-0.0436279
688.286,1.56626,-0.0438376
687.297,1.56624,-0.0440479
686.307,1.56621,-0.0442589
685.318,1.56619,-0.0444704
684.329,1.56617,-0.0446826
683.339,1.56615,-0.0448954
682.35,1.56613,-0.0451088
681.361,1.56611,-0.0453228
680.372,1.56609,-0.0455374
679.382,1.56607,-0.0457527
678.393,1.56604,-0.0459686
677.404,1.56602,-0.0461851
676.415,1.566,-0.0464023
675.426,1.56598,-0.0466201
674.437,1.56596,-0.0468385
673.448,1.56594,-0.0470576
672.459,1.56591,-0.0472773
671.47,1.56589,-0.0474976
670.481,1.56587,-0.0477186
669.493,1.56585,-0.0479403
668.504,1.56583,-0.0481626
667.515,1.5658,-0.0483856
666.526,1.56578,-0.0486093
665.538,1.56576,-0.0488336
664.549,1.56574,-0.0490585
663.56,1.56571,-0.0492842
662.572,1.56569,-0.0495105
661.583,1.56567,-0.0497375
660.595,1.56565,-0.0499652
659.606,1.56562,-0.0501935
658.618,1.5656,-0.0504226
657.629,1.56558,-0.0506523
656.641,1.56555,-0.0508827
655.653,1.56553,-0.0511139
654.664,1.56551,-0.0513457
653.676,1.56548,-0.0515782
652.688,1.56546,-0.0518114
651.699,1.56544,-0.0520453
650.711,1.56541,-0.05228
649.723,1.56539,-0.0525153
648.735,1.56537,-0.0527514
647.747,1.56534,-0.0529882
646.759,1.56532,-0.0532257
645.771,1.5653,-0.0534639
644.783,1.56527,-0.0537029
643.795,1.56525,-0.0539426
642.807,1.56522,-0.054183
641.819,1.5652,-0.0544242
640.832,1.56518,-0.0546662
639.844,1.56515,-0.0549088
638.856,1.56513,-0.0551522
637.868,1.5651,-0.0553964
636.881,1.56508,-0.0556414
635.893,1.56505,-0.0558871
634.905,1.56503,-0.0561335
633.918,1.565,-0.0563807
632.93,1.56498,-0.0566287
631.943,1.56495,-0.0568775
630.956,1.56493,-0.0571271
629.968,1.5649,-0.0573774
628.981,1.56488,-0.0576285
627.994,1.56485,-0.0578804
627.006,1.56483,-0.0581331
626.019,1.5648,-0.0583866
625.032,1.56478,-0.0586409
624.045,1.56475,-0.058896
623.058,1.56473,-0.0591519
622.071,1.5647,-0.0594087
621.084,1.56468,-0.0596662
620.097,1.56465,-0.0599246
619.11,1.56462,-0.0601838
618.123,1.5646,-0.0604438
617.136,1.56457,-0.0607046
616.149,1.56455,-0.0609663
615.162,1.56452,-0.0612288
614.176,1.56449,-0.0614922
613.189,1.56447,-0.0617564
612.202,1.56444,-0.0620215
611.216,1.56441,-0.0622874
610.229,1.56439,-0.0625542
609.243,1.56436,-0.0628218
608.256,1.56433,-0.0630903
607.27,1.56431,-0.0633597
606.283,1.56428,-0.06363
605.297,1.56425,-0.0639011
604.311,1.56423,-0.0641731
603.325,1.5642,-0.0644461
602.338,1.56417,-0.0647199
601.352,1.56414,-0.0649946
600.366,1.56412,-0.0652702
599.38,1.56409,-0.0655467
598.394,1.56406,-0.0658241
597.408,1.56403,-0.0661025
596.422,1.56401,-0.0663817
595.436,1.56398,-0.0666619
594.45,1.56395,-0.0669431
593.465,1.56392,-0.0672251
592.479,1.56389,-0.0675081
591.493,1.56387,-0.067792
590.508,1.56384,-0.0680769
589.522,1.56381,-0.0683628
588.537,1.56378,-0.0686496
587.551,1.56375,-0.0689373
586.566,1.56372,-0.069226
585.58,1.56369,-0.0695157
584.595,1.56366,-0.0698064
583.61,1.56364,-0.0700981
582.624,1.56361,-0.0703907
581.639,1.56358,-0.0706843
580.654,1.56355,-0.070979
579.669,1.56352,-0.0712746
578.684,1.56349,-0.0715712
577.699,1.56346,-0.0718689
576.714,1.56343,-0.0721675
575.729,1.5634,-0.0724672
574.744,1.56337,-0.0727679
573.76,1.56334,-0.0730697
572.775,1.56331,-0.0733725
571.79,1.56328,-0.0736763
570.806,1.56325,-0.0739812
569.821,1.56322,-0.0742871
568.836,1.56319,-0.0745941
567.852,1.56316,-0.0749021
566.868,1.56313,-0.0752113
565.883,1.56309,-0.0755215
564.899,1.56306,-0.0758327
563.915,1.56303,-0.0761451
562.931,1.563,-0.0764586
561.946,1.56297,-0.0767731
560.962,1.56294,-0.0770888
559.978,1.56291,-0.0774056
558.994,1.56288,-0.0777234
558.01,1.56284,-0.0780425
557.027,1.56281,-0.0783626
556.043,1.56278,-0.0786839
555.059,1.56275,-0.0790063
554.075,1.56272,-0.0793298
553.092,1.56268,-0.0796545
552.108,1.56265,-0.0799804
551.125,1.56262,-0.0803074
550.141,1.56259,-0.0806356
549.158,1.56255,-0.080965
548.175,1.56252,-0.0812955
547.191,1.56249,-0.0816272
546.208,1.56245,-0.0819602
545.225,1.56242,-0.0822943
544.242,1.56239,-0.0826296
543.259,1.56235,-0.0829662
542.276,1.56232,-0.083304
541.293,1.56229,-0.083643
540.31,1.56225,-0.0839832
539.328,1.56222,-0.0843247
538.345,1.56218,-0.0846674
537.362,1.56215,-0.0850114
536.38,1.56211,-0.0853566
535.397,1.56208,-0.0857031
534.415,1.56205,-0.0860509
533.432,1.56201,-0.0864
532.45,1.56198,-0.0867503
531.468,1.56194,-0.0871019
530.486,1.56191,-0.0874549
529.504,1.56187,-0.0878091
528.522,1.56184,-0.0881647
527.54,1.5618,-0.0885216
526.558,1.56176,-0.0888798
525.576,1.56173,-0.0892394
524.594,1.56169,-0.0896003
523.612,1.56166,-0.0899626
522.631,1.56162,-0.0903262
521.649,1.56158,-0.0906912
520.668,1.56155,-0.0910576
519.686,1.56151,-0.0914253
518.705,1.56147,-0.0917945
517.724,1.56144,-0.092165
516.742,1.5614,-0.092537
515.761,1.56136,-0.0929103
514.78,1.56133,-0.0932851
513.799,1.56129,-0.0936613
512.818,1.56125,-0.094039
511.837,1.56121,-0.0944181
510.857,1.56117,-0.0947987
509.876,1.56114,-0.0951807
508.895,1.5611,-0.0955642
507.915,1.56106,-0.0959492
506.934,1.56102,-0.0963357
505.954,1.56098,-0.0967237
504.974,1.56094,-0.0971131
503.993,1.56091,-0.0975041
503.013,1.56087,-0.0978967
502.033,1.56083,-0.0982907
501.053,1.56079,-0.0986863
500.073,1.56075,-0.0990834
499.093,1.56071,-0.0994821
498.114,1.56067,-0.0998824
497.134,1.56063,-0.100284
496.154,1.56059,-0.100688
495.175,1.56055,-0.101093
494.195,1.56051,-0.101499
493.216,1.56047,-0.101908
492.237,1.56043,-0.102318
491.258,1.56039,-0.102729
490.278,1.56034,-0.103142
489.299,1.5603,-0.103557
488.32,1.56026,-0.103973
487.342,1.56022,-0.104392
486.363,1.56018,-0.104811
485.384,1.56014,-0.105233
484.406,1.56009,-0.105656
483.427,1.56005,-0.106081
482.449,1.56001,-0.106508
481.47,1.55997,-0.106936
480.492,1.55992,-0.107366
479.514,1.55988,-0.107798
478.536,1.55984,-0.108232
477.558,1.5598,-0.108667
476.58,1.55975,-0.109105
475.602,1.55971,-0.109544
474.625,1.55966,-0.109985
473.647,1.55962,-0.110427
472.669,1.55958,-0.110872
471.692,1.55953,-0.111318
470.715,1.55949,-0.111766
469.737,1.55944,-0.112216
468.76,1.5594,-0.112668
467.783,1.55935,-0.113122
466.806,1.55931,-0.113578
465.83,1.55926,-0.114035
464.853,1.55922,-0.114495
463.876,1.55917,-0.114956
462.9,1.55912,-0.11542
461.923,1.55908,-0.115885
460.947,1.55903,-0.116353
459.971,1.55899,-0.116822
458.994,1.55894,-0.117293
458.018,1.55889,-0.117767
457.042,1.55884,-0.118242
456.067,1.5588,-0.118719
455.091,1.55875,-0.119199
454.115,1.5587,-0.11968
453.14,1.55865,-0.120164
452.164,1.55861,-0.12065
451.189,1.55856,-0.121138
450.214,1.55851,-0.121627
449.239,1.55846,-0.12212
448.264,1.55841,-0.122614
447.289,1.55836,-0.12311
446.314,1.55831,-0.123609
445.34,1.55826,-0.124109
444.365,1.55821,-0.124612
443.391,1.55816,-0.125117
442.416,1.55811,-0.125624
441.442,1.55806,-0.126134
440.468,1.55801,-0.126646
439.494,1.55796,-0.12716
438.52,1.55791,-0.127676
437.547,1.55786,-0.128195
436.573,1.55781,-0.128716
435.6,1.55775,-0.129239
434.626,1.5577,-0.129765
433.653,1.55765,-0.130293
432.68,1.5576,-0.130823
431.707,1.55754,-0.131356
430.734,1.55749,-0.131891
429.761,1.55744,-0.132429
428.789,1.55738,-0.132969
427.816,1.55733,-0.133511
426.844,1.55728,-0.134056
425.872,1.55722,-0.134604
424.899,1.55717,-0.135154
423.927,1.55711,-0.135706
422.956,1.55706,-0.136261
421.984,1.557,-0.136819
421.012,1.55695,-0.137379
420.041,1.55689,-0.137942
419.069,1.55684,-0.138507
418.098,1.55678,-0.139075
417.127,1.55672,-0.139646
416.156,1.55667,-0.140219
415.186,1.55661,-0.140795
414.215,1.55655,-0.141374
413.244,1.55649,-0.141955
412.274,1.55644,-0.142539
411.304,1.55638,-0.143126
410.334,1.55632,-0.143716
409.364,1.55626,-0.144308
408.394,1.5562,-0.144904
407.424,1.55614,-0.145502
406.455,1.55608,-0.146103
405.486,1.55602,-0.146707
404.516,1.55596,-0.147313
403.547,1.5559,-0.147923
402.578,1.55584,-0.148536
401.61,1.55578,-0.149151
400.641,1.55572,-0.14977
399.673,1.55566,-0.150391
398.704,1.5556,-0.151016
397.736,1.55554,-0.151643
396.768,1.55547,-0.152274
395.801,1.55541,-0.152908
394.833,1.55535,-0.153545
393.865,1.55528,-0.154185
392.898,1.55522,-0.154828
391.931,1.55516,-0.155474
390.964,1.55509,-0.156123
389.997,1.55503,-0.156776
389.03,1.55496,-0.157432
388.064,1.5549,-0.158091
387.098,1.55483,-0.158754
386.131,1.55477,-0.15942
385.165,1.5547,-0.160089
384.2,1.55464,-0.160762
383.234,1.55457,-0.161438
382.269,1.5545,-0.162117
381.303,1.55443,-0.1628
380.338,1.55437,-0.163486
379.373,1.5543,-0.164176
378.409,1.55423,-0.164869
377.444,1.55416,-0.165566
376.48,1.55409,-0.166266
375.515,1.55402,-0.16697
374.551,1.55395,-0.167678
373.588,1.55388,-0.168389
372.624,1.55381,-0.169104
371.661,1.55374,-0.169823
370.697,1.55367,-0.170545
369.734,1.5536,-0.171271
368.771,1.55353,-0.172001
367.809,1.55346,-0.172735
366.846,1.55338,-0.173473
365.884,1.55331,-0.174214
364.922,1.55324,-0.17496
363.96,1.55316,-0.175709
362.999,1.55309,-0.176463
362.037,1.55301,-0.17722
361.076,1.55294,-0.177981
360.115,1.55286,-0.178747
359.154,1.55279,-0.179516
358.194,1.55271,-0.18029
357.233,1.55264,-0.181068
356.273,1.55256,-0.18185
355.313,1.55248,-0.182636
354.354,1.5524,-0.183427
353.394,1.55233,-0.184222
352.435,1.55225,-0.185021
351.476,1.55217,-0.185824
350.517,1.55209,-0.186632
349.558,1.55201,-0.187444
348.6,1.55193,-0.188261
347.642,1.55185,-0.189083
346.684,1.55177,-0.189908
345.726,1.55169,-0.190739
344.769,1.5516,-0.191574
343.812,1.55152,-0.192414
342.855,1.55144,-0.193258
341.898,1.55136,-0.194107
340.942,1.55127,-0.194961
339.986,1.55119,-0.19582
339.03,1.5511,-0.196683
338.074,1.55102,-0.197552
337.119,1.55093,-0.198425
336.164,1.55085,-0.199304
335.209,1.55076,-0.200187
334.254,1.55067,-0.201075
333.3,1.55059,-0.201969
332.346,1.5505,-0.202867
331.392,1.55041,-0.203771
330.438,1.55032,-0.20468
329.485,1.55023,-0.205595
328.532,1.55014,-0.206514
327.579,1.55005,-0.207439
326.627,1.54996,-0.208369
325.675,1.54987,-0.209305
324.723,1.54978,-0.210246
323.771,1.54968,-0.211193
322.82,1.54959,-0.212146
321.869,1.5495,-0.213104
320.919,1.5494,-0.214067
319.968,1.54931,-0.215037
319.018,1.54921,-0.216012
318.068,1.54912,-0.216993
317.119,1.54902,-0.21798
316.17,1.54892,-0.218973
315.221,1.54883,-0.219972
314.272,1.54873,-0.220977
313.324,1.54863,-0.221988
312.376,1.54853,-0.223005
311.429,1.54843,-0.224028
310.481,1.54833,-0.225058
309.534,1.54823,-0.226093
308.588,1.54813,-0.227136
307.642,1.54803,-0.228184
306.696,1.54792,-0.229239
305.75,1.54782,-0.230301
304.805,1.54772,-0.231369
303.86,1.54761,-0.232444
302.916,1.54751,-0.233526
301.972,1.5474,-0.234614
301.028,1.54729,-0.235709
300.084,1.54719,-0.236811
299.141,1.54708,-0.23792
298.199,1.54697,-0.239036
297.256,1.54686,-0.24016
296.314,1.54675,-0.24129
295.373,1.54664,-0.242427
294.432,1.54653,-0.243572
293.491,1.54642,-0.244724
292.55,1.54631,-0.245884
291.61,1.54619,-0.247051
290.671,1.54608,-0.248225
289.732,1.54597,-0.249408
288.793,1.54585,-0.250597
287.854,1.54574,-0.251795
286.917,1.54562,-0.253001
285.979,1.5455,-0.254214
285.042,1.54538,-0.255435
284.105,1.54526,-0.256665
283.169,1.54514,-0.257903
282.233,1.54502,-0.259148
281.298,1.5449,-0.260402
280.363,1.54478,-0.261665
279.428,1.54466,-0.262936
278.494,1.54454,-0.264215
277.561,1.54441,-0.265504
276.628,1.54429,-0.2668
275.695,1.54416,-0.268106
274.763,1.54403,-0.26942
273.831,1.54391,-0.270744
272.9,1.54378,-0.272076
271.969,1.54365,-0.273418
271.039,1.54352,-0.274769
270.109,1.54339,-0.276129
269.18,1.54326,-0.277498
268.251,1.54312,-0.278877
267.323,1.54299,-0.280266
266.395,1.54286,-0.281664
265.468,1.54272,-0.283072
264.541,1.54259,-0.28449
263.615,1.54245,-0.285918
262.69,1.54231,-0.287356
261.765,1.54217,-0.288804
260.84,1.54203,-0.290263
259.916,1.54189,-0.291732
258.993,1.54175,-0.293211
258.07,1.54161,-0.294701
257.148,1.54147,-0.296202
256.226,1.54132,-0.297713
255.305,1.54118,-0.299235
254.385,1.54103,-0.300769
253.465,1.54088,-0.302313
252.546,1.54073,-0.303869
251.627,1.54058,-0.305436
250.709,1.54043,-0.307015
249.791,1.54028,-0.308605
248.875,1.54013,-0.310207
247.959,1.53998,-0.311821
247.043,1.53982,-0.313447
246.128,1.53967,-0.315085
245.214,1.53951,-0.316735
244.301,1.53935,-0.318398
243.388,1.53919,-0.320073
242.476,1.53903,-0.321761
241.564,1.53887,-0.323461
240.654,1.53871,-0.325174
239.744,1.53855,-0.326901
238.834,1.53838,-0.32864
237.926,1.53822,-0.330393
237.018,1.53805,-0.332159
236.111,1.53788,-0.333939
235.204,1.53771,-0.335733
234.299,1.53754,-0.33754
233.394,1.53737,-0.339362
232.49,1.5372,-0.341198
231.587,1.53703,-0.343048
230.684,1.53685,-0.344912
229.783,1.53667,-0.346792
228.882,1.5365,-0.348686
227.982,1.53632,-0.350595
227.082,1.53614,-0.352519
226.184,1.53595,-0.354459
225.287,1.53577,-0.356414
224.39,1.53559,-0.358384
223.494,1.5354,-0.360371
222.599,1.53522,-0.362374
221.705,1.53503,-0.364392
220.812,1.53484,-0.366427
219.92,1.53465,-0.368479
219.029,1.53445,-0.370547
218.139,1.53426,-0.372633
217.249,1.53406,-0.374735
216.361,1.53387,-0.376855
215.473,1.53367,-0.378992
214.587,1.53347,-0.381147
213.702,1.53327,-0.38332
212.817,1.53307,-0.385511
211.934,1.53286,-0.38772
211.051,1.53266,-0.389948
210.17,1.53245,-0.392194
209.29,1.53224,-0.394459
208.411,1.53203,-0.396744
207.533,1.53182,-0.399048
206.656,1.5316,-0.401371
205.78,1.53139,-0.403715
204.905,1.53117,-0.406078
204.031,1.53095,-0.408462
203.159,1.53073,-0.410866
202.288,1.53051,-0.413291
201.418,1.53029,-0.415737
200.549,1.53006,-0.418205
199.681,1.52984,-0.420694
198.815,1.52961,-0.423204
197.95,1.52938,-0.425737
197.086,1.52915,-0.428291
196.223,1.52891,-0.430869
195.362,1.52868,-0.433469
194.502,1.52844,-0.436092
193.643,1.5282,-0.438739
192.786,1.52796,-0.441409
191.93,1.52772,-0.444103
191.076,1.52747,-0.446821
190.222,1.52723,-0.449564
189.371,1.52698,-0.452331
188.521,1.52673,-0.455124
187.672,1.52647,-0.457942
186.825,1.52622,-0.460785
185.979,1.52596,-0.463655
185.135,1.52571,-0.46655
184.292,1.52545,-0.469472
183.451,1.52518,-0.472422
182.611,1.52492,-0.475398
181.773,1.52465,-0.478402
180.937,1.52439,-0.481434
180.103,1.52412,-0.484494
179.27,1.52384,-0.487582
178.438,1.52357,-0.4907
177.609,1.52329,-0.493846
176.781,1.52301,-0.497022
175.955,1.52273,-0.500229
175.131,1.52245,-0.503465
174.309,1.52217,-0.506732
173.488,1.52188,-0.51003
172.67,1.52159,-0.51336
171.853,1.5213,-0.516721
171.038,1.521,-0.520114
170.226,1.52071,-0.52354
169.415,1.52041,-0.526999
168.606,1.52011,-0.530492
167.799,1.51981,-0.534018
166.995,1.5195,-0.537578
166.192,1.51919,-0.541173
165.392,1.51888,-0.544802
164.594,1.51857,-0.548467
163.798,1.51826,-0.552168
163.004,1.51794,-0.555905
162.212,1.51762,-0.559679
161.423,1.5173,-0.563489
160.636,1.51698,-0.567338
159.852,1.51665,-0.571224
159.07,1.51632,-0.575149
158.29,1.51599,-0.579112
157.513,1.51566,-0.583115
156.738,1.51532,-0.587157
155.966,1.51498,-0.59124
155.196,1.51464,-0.595364
154.43,1.5143,-0.599529
153.665,1.51396,-0.603735
152.904,1.51361,-0.607984
152.145,1.51326,-0.612275
151.389,1.51291,-0.616609
150.636,1.51255,-0.620987
149.885,1.51219,-0.625409
149.138,1.51183,-0.629876
148.393,1.51147,-0.634387
147.652,1.51111,-0.638945
146.914,1.51074,-0.643548
146.178,1.51037,-0.648198
145.446,1.51,-0.652895
144.717,1.50962,-0.65764
143.991,1.50925,-0.662433
143.269,1.50887,-0.667275
142.549,1.50849,-0.672166
141.834,1.5081,-0.677106
141.121,1.50772,-0.682097
140.412,1.50733,-0.687139
139.707,1.50694,-0.692232
139.005,1.50654,-0.697376
138.307,1.50615,-0.702573
137.613,1.50575,-0.707823
136.922,1.50535,-0.713126
136.235,1.50495,-0.718484
135.552,1.50455,-0.723895
134.873,1.50414,-0.729362
134.198,1.50373,-0.734884
133.527,1.50332,-0.740462
132.86,1.50291,-0.746096
132.197,1.50249,-0.751788
131.539,1.50208,-0.757537
130.884,1.50166,-0.763344
130.234,1.50124,-0.769209
129.589,1.50082,-0.775133
128.948,1.50039,-0.781117
128.312,1.49997,-0.787161
127.68,1.49954,-0.793265
127.053,1.49911,-0.799431
126.43,1.49868,-0.805657
125.813,1.49825,-0.811945
125.2,1.49782,-0.818295
124.593,1.49739,-0.824708
123.99,1.49695,-0.831184
123.392,1.49652,-0.837724
122.8,1.49608,-0.844327
122.213,1.49564,-0.850994
121.631,1.4952,-0.857726
121.055,1.49476,-0.864523
120.484,1.49432,-0.871384
119.919,1.49388,-0.878312
119.36,1.49344,-0.885305
118.806,1.493,-0.892364
118.258,1.49256,-0.899489
117.716,1.49212,-0.906681
117.18,1.49167,-0.913939
116.65,1.49123,-0.921265
116.126,1.49079,-0.928657
115.608,1.49035,-0.936117
115.097,1.48991,-0.943643
114.592,1.48947,-0.951237
114.093,1.48903,-0.958899
113.601,1.4886,-0.966627
113.116,1.48816,-0.974423
112.637,1.48772,-0.982287
112.165,1.48729,-0.990217
111.7,1.48686,-0.998215
111.242,1.48643,-1.00628
110.792,1.486,-1.01441
110.348,1.48557,-1.02261
109.911,1.48515,-1.03087
109.482,1.48473,-1.0392
109.061,1.48431,-1.0476
108.646,1.4839,-1.05606
108.24,1.48348,-1.06458
107.841,1.48308,-1.07317
107.449,1.48267,-1.08183
107.066,1.48227,-1.09055
106.691,1.48187,-1.09932
106.323,1.48148,-1.10817
105.964,1.48109,-1.11707
105.612,1.4807,-1.12603
105.27,1.48032,-1.13506
104.935,1.47995,-1.14414
104.609,1.47958,-1.15328
104.291,1.47921,-1.16247
103.982,1.47885,-1.17173
103.681,1.4785,-1.18104
103.389,1.47815,-1.1904
103.106,1.47781,-1.19981
102.832,1.47748,-1.20928
102.567,1.47715,-1.2188
102.31,1.47683,-1.22836
102.063,1.47651,-1.23798
101.825,1.47621,-1.24764
101.596,1.47591,-1.25734
101.377,1.47561,-1.26709
101.166,1.47533,-1.27688
100.965,1.47505,-1.28671
100.774,1.47479,-1.29658
100.592,1.47453,-1.30649
100.419,1.47428,-1.31643
100.256,1.47403,-1.32641
100.103,1.4738,-1.33642
99.9593,1.47357,-1.34645
99.8253,1.47336,-1.35652
99.7011,1.47315,-1.36661
99.5867,1.47296,-1.37673
99.4822,1.47277,-1.38687
99.3874,1.47259,-1.39703
99.3026,1.47242,-1.40721
99.2276,1.47227,-1.41741
99.1626,1.47212,-1.42762
99.1075,1.47198,-1.43784
99.0624,1.47185,-1.44808
99.0273,1.47174,-1.45832
99.0021,1.47163,-1.46857
98.9869,1.47153,-1.47883
98.9818,1.47145,-1.48908
98.9866,1.47137,-1.49934
99.0014,1.4713,-1.50959
99.0263,1.47125,-1.51984
99.0611,1.4712,-1.53009
99.1058,1.47117,-1.54032
99.1606,1.47114,-1.55055
99.2253,1.47113,-1.56076
99.2999,1.47113,-1.57096
99.3844,1.47113,-1.58115
99.4788,1.47115,-1.59131
99.5831,1.47118,-1.60146
99.6971,1.47122,-1.61158
99.821,1.47126,-1.62168
99.9546,1.47132,-1.63175
100.098,1.47139,-1.64179
100.251,1.47147,-1.65181
100.414,1.47155,-1.66179
100.586,1.47165,-1.67174
100.767,1.47175,-1.68165
100.959,1.47187,-1.69153
101.159,1.47199,-1.70137
101.369,1.47212,-1.71117
101.589,1.47226,-1.72092
101.817,1.47241,-1.73064
102.055,1.47257,-1.7403
102.302,1.47274,-1.74993
102.558,1.47291,-1.7595
102.823,1.4731,-1.76903
103.097,1.47329,-1.77851
103.38,1.47349,-1.78793
103.671,1.47369,-1.7973
103.971,1.47391,-1.80662
104.28,1.47413,-1.81589
104.598,1.47435,-1.82509
104.924,1.47459,-1.83424
105.258,1.47483,-1.84334
105.601,1.47507,-1.85237
105.952,1.47532,-1.86135
106.311,1.47558,-1.87026
106.678,1.47585,-1.87911
107.053,1.47612,-1.88791
107.436,1.47639,-1.89663
107.827,1.47667,-1.9053
108.226,1.47695,-1.9139
108.632,1.47724,-1.92244
109.046,1.47754,-1.93091
109.468,1.47784,-1.93932
109.897,1.47814,-1.94766
110.333,1.47844,-1.95594
110.777,1.47875,-1.96415
111.227,1.47907,-1.9723
111.685,1.47939,-1.98037
112.15,1.47971,-1.98838
112.621,1.48003,-1.99633
113.1,1.48036,-2.0042
113.585,1.48068,-2.01201
114.076,1.48102,-2.01975
114.575,1.48135,-2.02743
115.08,1.48169,-2.03504
115.591,1.48203,-2.04257
116.108,1.48237,-2.05005
116.632,1.48271,-2.05745
117.162,1.48305,-2.06479
117.698,1.4834,-2.07206
118.24,1.48374,-2.07927
118.787,1.48409,-2.0864
119.341,1.48444,-2.09348
119.9,1.48479,-2.10048
120.465,1.48514,-2.10742
121.036,1.48549,-2.1143
121.612,1.48585,-2.1211
122.193,1.4862,-2.12785
122.78,1.48655,-2.13453
123.372,1.48691,-2.14114
123.97,1.48726,-2.14769
124.572,1.48762,-2.15418
125.18,1.48797,-2.16061
125.792,1.48832,-2.16697
126.409,1.48868,-2.17327
127.032,1.48903,-2.17951
127.659,1.48938,-2.18568
128.29,1.48974,-2.1918
128.926,1.49009,-2.19786
129.567,1.49044,-2.20385
130.213,1.49079,-2.20979
130.862,1.49114,-2.21566
131.516,1.49149,-2.22148
132.175,1.49184,-2.22724
132.837,1.49219,-2.23294
133.504,1.49253,-2.23859
134.175,1.49288,-2.24418
134.85,1.49323,-2.24971
135.529,1.49357,-2.25519
136.212,1.49391,-2.26061
136.899,1.49425,-2.26598
137.589,1.49459,-2.27129
138.284,1.49493,-2.27655
138.982,1.49527,-2.28176
139.683,1.49561,-2.28691
140.388,1.49594,-2.29201
141.097,1.49627,-2.29707
141.81,1.49661,-2.30207
142.525,1.49694,-2.30702
143.244,1.49726,-2.31192
143.967,1.49759,-2.31677
144.692,1.49792,-2.32157
145.421,1.49824,-2.32632
146.153,1.49856,-2.33103
146.889,1.49888,-2.33569
147.627,1.4992,-2.3403
148.368,1.49952,-2.34487
149.113,1.49984,-2.34939
149.86,1.50015,-2.35386
150.61,1.50046,-2.35829
151.363,1.50077,-2.36268
152.119,1.50108,-2.36702
152.878,1.50139,-2.37132
153.64,1.50169,-2.37558
154.404,1.502,-2.37979
155.171,1.5023,-2.38396
155.94,1.5026,-2.3881
156.712,1.5029,-2.39219
157.487,1.50319,-2.39624
158.264,1.50349,-2.40025
159.043,1.50378,-2.40422
159.825,1.50407,-2.40815
160.61,1.50436,-2.41204
161.397,1.50465,-2.4159
162.186,1.50493,-2.41972
162.977,1.50521,-2.4235
163.771,1.5055,-2.42724
164.567,1.50577,-2.43095
165.365,1.50605,-2.43462
166.165,1.50633,-2.43826
166.968,1.5066,-2.44186
167.772,1.50688,-2.44542
168.579,1.50715,-2.44896
169.388,1.50742,-2.45245
170.198,1.50768,-2.45592
171.011,1.50795,-2.45935
171.826,1.50821,-2.46275
172.642,1.50847,-2.46612
173.461,1.50873,-2.46945
174.281,1.50899,-2.47276
175.103,1.50925,-2.47603
175.927,1.5095,-2.47927
176.753,1.50976,-2.48248
177.581,1.51001,-2.48567
178.41,1.51026,-2.48882
179.242,1.5105,-2.49194
180.074,1.51075,-2.49504
180.909,1.51099,-2.4981
181.745,1.51124,-2.50114
182.583,1.51148,-2.50415
183.422,1.51172,-2.50713
184.263,1.51195,-2.51008
185.106,1.51219,-2.51301
185.95,1.51243,-2.51591
186.796,1.51266,-2.51878
187.643,1.51289,-2.52163
188.492,1.51312,-2.52446
189.342,1.51335,-2.52725
190.194,1.51357,-2.53003
191.047,1.5138,-2.53277
191.901,1.51402,-2.5355
192.757,1.51424,-2.53819
193.614,1.51446,-2.54087
194.473,1.51468,-2.54352
195.333,1.5149,-2.54615
196.194,1.51511,-2.54875
197.057,1.51533,-2.55133
197.92,1.51554,-2.55389
198.786,1.51575,-2.55643
199.652,1.51596,-2.55894
200.519,1.51617,-2.56144
201.388,1.51637,-2.56391
202.258,1.51658,-2.56636
203.13,1.51678,-2.56879
204.002,1.51698,-2.57119
204.876,1.51718,-2.57358
205.75,1.51738,-2.57595
206.626,1.51758,-2.5783
207.503,1.51778,-2.58062
208.381,1.51797,-2.58293
209.26,1.51817,-2.58522
210.14,1.51836,-2.58749
211.022,1.51855,-2.58974
211.904,1.51874,-2.59197
212.787,1.51893,-2.59418
213.672,1.51912,-2.59638
214.557,1.5193,-2.59855
215.444,1.51949,-2.60071
216.331,1.51967,-2.60285
217.219,1.51985,-2.60497
218.109,1.52003,-2.60708
218.999,1.52021,-2.60917
219.89,1.52039,-2.61124
220.782,1.52057,-2.61329
221.675,1.52074,-2.61533
222.569,1.52092,-2.61735
223.464,1.52109,-2.61936
224.36,1.52126,-2.62135
225.256,1.52144,-2.62332
226.154,1.52161,-2.62528
227.052,1.52177,-2.62722
227.951,1.52194,-2.62915
228.851,1.52211,-2.63106
229.752,1.52227,-2.63296
230.654,1.52244,-2.63484
231.556,1.5226,-2.63671
232.459,1.52276,-2.63856
233.363,1.52292,-2.6404
234.268,1.52308,-2.64222
235.174,1.52324,-2.64403
236.08,1.5234,-2.64583
236.987,1.52356,-2.64761
237.895,1.52371,-2.64938
238.804,1.52387,-2.65114
239.713,1.52402,-2.65288
240.623,1.52417,-2.65461
241.534,1.52432,-2.65632
242.445,1.52447,-2.65803
243.357,1.52462,-2.65972
244.27,1.52477,-2.66139
245.183,1.52492,-2.66306
246.097,1.52507,-2.66471
247.012,1.52521,-2.66635
247.928,1.52536,-2.66798
248.844,1.5255,-2.6696
249.761,1.52564,-2.6712
250.678,1.52579,-2.67279
251.596,1.52593,-2.67437
252.515,1.52607,-2.67594
253.434,1.52621,-2.6775
254.354,1.52634,-2.67905
255.274,1.52648,-2.68058
256.195,1.52662,-2.68211
257.117,1.52675,-2.68362
258.039,1.52689,-2.68512
258.962,1.52702,-2.68661
259.885,1.52715,-2.6881
260.809,1.52729,-2.68957
261.733,1.52742,-2.69103
262.658,1.52755,-2.69248
263.584,1.52768,-2.69392
264.51,1.52781,-2.69535
265.437,1.52793,-2.69677
266.364,1.52806,-2.69818
267.292,1.52819,-2.69958
268.22,1.52831,-2.70097
269.148,1.52844,-2.70235
270.078,1.52856,-2.70372
271.007,1.52869,-2.70508
271.938,1.52881,-2.70643
272.868,1.52893,-2.70778
273.8,1.52905,-2.70911
274.731,1.52917,-2.71044
275.663,1.52929,-2.71175
276.596,1.52941,-2.71306
277.529,1.52953,-2.71436
278.463,1.52964,-2.71565
279.397,1.52976,-2.71693
280.331,1.52988,-2.7182
281.266,1.52999,-2.71946
282.202,1.53011,-2.72072
283.137,1.53022,-2.72197
284.074,1.53033,-2.72321
285.01,1.53045,-2.72444
285.947,1.53056,-2.72566
286.885,1.53067,-2.72687
287.823,1.53078,-2.72808
288.761,1.53089,-2.72928
289.7,1.531,-2.73047
290.639,1.53111,-2.73166
291.579,1.53121,-2.73283
292.519,1.53132,-2.734
293.459,1.53143,-2.73516
294.4,1.53153,-2.73631
295.341,1.53164,-2.73746
296.283,1.53174,-2.7386
297.225,1.53185,-2.73973
298.167,1.53195,-2.74086
299.109,1.53205,-2.74197
300.053,1.53216,-2.74308
300.996,1.53226,-2.74419
301.94,1.53236,-2.74528
302.884,1.53246,-2.74637
303.828,1.53256,-2.74746
304.773,1.53266,-2.74853
305.718,1.53276,-2.7496
306.664,1.53286,-2.75066
307.61,1.53295,-2.75172
308.556,1.53305,-2.75277
309.503,1.53315,-2.75381
310.449,1.53324,-2.75485
311.397,1.53334,-2.75588
312.344,1.53343,-2.75691
313.292,1.53353,-2.75792
314.24,1.53362,-2.75894
315.189,1.53371,-2.75994
316.138,1.53381,-2.76094
317.087,1.5339,-2.76194
318.036,1.53399,-2.76292
318.986,1.53408,-2.76391
319.936,1.53417,-2.76488
320.886,1.53426,-2.76585
321.837,1.53435,-2.76682
322.788,1.53444,-2.76778
323.739,1.53453,-2.76873
324.691,1.53462,-2.76968
325.643,1.53471,-2.77062
326.595,1.53479,-2.77156
327.547,1.53488,-2.77249
328.5,1.53497,-2.77341
329.453,1.53505,-2.77433
330.406,1.53514,-2.77525
331.36,1.53522,-2.77616
332.314,1.53531,-2.77706
333.268,1.53539,-2.77796
334.222,1.53547,-2.77886
335.177,1.53556,-2.77975
336.131,1.53564,-2.78063
337.087,1.53572,-2.78151
338.042,1.5358,-2.78239
338.998,1.53589,-2.78325
339.954,1.53597,-2.78412
340.91,1.53605,-2.78498
341.866,1.53613,-2.78583
342.823,1.53621,-2.78668
343.78,1.53629,-2.78753
344.737,1.53636,-2.78837
345.694,1.53644,-2.78921
346.652,1.53652,-2.79004
347.61,1.5366,-2.79086
348.568,1.53668,-2.79169
349.526,1.53675,-2.7925
350.485,1.53683,-2.79332
351.443,1.53691,-2.79412
352.402,1.53698,-2.79493
353.362,1.53706,-2.79573
354.321,1.53713,-2.79652
355.281,1.53721,-2.79732
356.241,1.53728,-2.7981
357.201,1.53735,-2.79889
358.161,1.53743,-2.79966
359.122,1.5375,-2.80044
360.083,1.53757,-2.80121
361.044,1.53764,-2.80198
362.005,1.53772,-2.80274
362.966,1.53779,-2.8035
363.928,1.53786,-2.80425
364.89,1.53793,-2.805
365.852,1.538,-2.80575
366.814,1.53807,-2.80649
367.776,1.53814,-2.80723
368.739,1.53821,-2.80796
369.702,1.53828,-2.80869
370.665,1.53835,-2.80942
371.628,1.53841,-2.81014
372.592,1.53848,-2.81086
373.555,1.53855,-2.81158
374.519,1.53862,-2.81229
375.483,1.53868,-2.813
376.447,1.53875,-2.8137
377.411,1.53882,-2.8144
378.376,1.53888,-2.8151
379.341,1.53895,-2.81579
380.306,1.53901,-2.81648
381.271,1.53908,-2.81717
382.236,1.53914,-2.81785
383.201,1.53921,-2.81853
384.167,1.53927,-2.81921
385.133,1.53934,-2.81988
386.099,1.5394,-2.82055
387.065,1.53946,-2.82122
388.031,1.53953,-2.82188
388.998,1.53959,-2.82254
389.964,1.53965,-2.8232
390.931,1.53971,-2.82385
391.898,1.53978,-2.8245
392.865,1.53984,-2.82515
393.833,1.5399,-2.82579
394.8,1.53996,-2.82643
395.768,1.54002,-2.82707
396.736,1.54008,-2.82771
397.704,1.54014,-2.82834
398.672,1.5402,-2.82897
399.64,1.54026,-2.82959
400.608,1.54032,-2.83021
401.577,1.54038,-2.83083
402.546,1.54044,-2.83145
403.515,1.54049,-2.83206
404.484,1.54055,-2.83267
405.453,1.54061,-2.83328
406.422,1.54067,-2.83388
407.392,1.54072,-2.83448
408.361,1.54078,-2.83508
409.331,1.54084,-2.83568
410.301,1.5409,-2.83627
411.271,1.54095,-2.83686
412.241,1.54101,-2.83745
413.212,1.54106,-2.83803
414.182,1.54112,-2.83862
415.153,1.54117,-2.8392
416.124,1.54123,-2.83977
417.094,1.54128,-2.84035
418.066,1.54134,-2.84092
419.037,1.54139,-2.84148
420.008,1.54145,-2.84205
420.979,1.5415,-2.84261
421.951,1.54155,-2.84317
422.923,1.54161,-2.84373
423.895,1.54166,-2.84429
424.867,1.54171,-2.84484
425.839,1.54177,-2.84539
426.811,1.54182,-2.84594
427.783,1.54187,-2.84648
428.756,1.54192,-2.84703
429.728,1.54197,-2.84757
430.701,1.54203,-2.84811
431.674,1.54208,-2.84864
432.647,1.54213,-2.84918
433.62,1.54218,-2.84971
434.593,1.54223,-2.85023
435.567,1.54228,-2.85076
436.54,1.54233,-2.85128
437.514,1.54238,-2.85181
438.488,1.54243,-2.85232
439.461,1.54248,-2.85284
440.435,1.54253,-2.85336
441.409,1.54258,-2.85387
442.384,1.54263,-2.85438
443.358,1.54267,-2.85489
444.332,1.54272,-2.85539
445.307,1.54277,-2.85589
446.281,1.54282,-2.8564
447.256,1.54287,-2.85689
448.231,1.54292,-2.85739
449.206,1.54296,-2.85789
450.181,1.54301,-2.85838
451.156,1.54306,-2.85887
452.132,1.5431,-2.85936
453.107,1.54315,-2.85984
454.082,1.5432,-2.86033
455.058,1.54324,-2.86081
456.034,1.54329,-2.86129
457.01,1.54334,-2.86177
457.985,1.54338,-2.86224
458.962,1.54343,-2.86272
459.938,1.54347,-2.86319
460.914,1.54352,-2.86366
461.89,1.54356,-2.86412
462.867,1.54361,-2.86459
463.843,1.54365,-2.86505
464.82,1.5437,-2.86552
465.797,1.54374,-2.86598
466.773,1.54378,-2.86643
467.75,1.54383,-2.86689
468.727,1.54387,-2.86734
469.705,1.54392,-2.8678
470.682,1.54396,-2.86825
471.659,1.544,-2.8687
472.636,1.54404,-2.86914
473.614,1.54409,-2.86959
474.592,1.54413,-2.87003
475.569,1.54417,-2.87047
476.547,1.54422,-2.87091
477.525,1.54426,-2.87135
478.503,1.5443,-2.87178
479.481,1.54434,-2.87222
480.459,1.54438,-2.87265
481.437,1.54442,-2.87308
482.416,1.54447,-2.87351
483.394,1.54451,-2.87394
484.373,1.54455,-2.87436
485.351,1.54459,-2.87478
486.33,1.54463,-2.87521
487.309,1.54467,-2.87563
488.287,1.54471,-2.87604
489.266,1.54475,-2.87646
490.245,1.54479,-2.87688
491.225,1.54483,-2.87729
492.204,1.54487,-2.8777
493.183,1.54491,-2.87811
494.162,1.54495,-2.87852
495.142,1.54499,-2.87893
496.121,1.54503,-2.87933
497.101,1.54507,-2.87974
498.081,1.54511,-2.88014
499.06,1.54514,-2.88054
500.04,1.54518,-2.88094
501.02,1.54522,-2.88134
502,1.54526,-2.88173
502.98,1.5453,-2.88213
503.96,1.54534,-2.88252
504.941,1.54537,-2.88291
505.921,1.54541,-2.8833
506.901,1.54545,-2.88369
507.882,1.54549,-2.88407
508.862,1.54552,-2.88446
509.843,1.54556,-2.88484
510.824,1.5456,-2.88523
511.804,1.54563,-2.88561
512.785,1.54567,-2.88599
513.766,1.54571,-2.88636
514.747,1.54574,-2.88674
515.728,1.54578,-2.88712
516.709,1.54582,-2.88749
517.691,1.54585,-2.88786
518.672,1.54589,-2.88823
519.653,1.54592,-2.8886
520.635,1.54596,-2.88897
521.616,1.54599,-2.88934
522.598,1.54603,-2.8897
523.579,1.54607,-2.89007
524.561,1.5461,-2.89043
525.543,1.54614,-2.89079
526.525,1.54617,-2.89115
527.506,1.5462,-2.89151
528.488,1.54624,-2.89186
529.47,1.54627,-2.89222
530.453,1.54631,-2.89257
531.435,1.54634,-2.89293
532.417,1.54638,-2.89328
533.399,1.54641,-2.89363
534.382,1.54644,-2.89398
535.364,1.54648,-2.89433
536.347,1.54651,-2.89467
537.329,1.54655,-2.89502
538.312,1.54658,-2.89536
539.294,1.54661,-2.89571
540.277,1.54665,-2.89605
541.26,1.54668,-2.89639
542.243,1.54671,-2.89673
543.226,1.54674,-2.89707
544.209,1.54678,-2.8974
545.192,1.54681,-2.89774
546.175,1.54684,-2.89807
547.158,1.54687,-2.89841
548.142,1.54691,-2.89874
549.125,1.54694,-2.89907
550.108,1.54697,-2.8994
551.092,1.547,-2.89973
552.075,1.54703,-2.90005
553.059,1.54707,-2.90038
554.042,1.5471,-2.9007
555.026,1.54713,-2.90103
556.01,1.54716,-2.90135
556.993,1.54719,-2.90167
557.977,1.54722,-2.90199
558.961,1.54725,-2.90231
559.945,1.54728,-2.90263
560.929,1.54731,-2.90295
561.913,1.54735,-2.90326
562.897,1.54738,-2.90358
563.882,1.54741,-2.90389
564.866,1.54744,-2.9042
565.85,1.54747,-2.90452
566.834,1.5475,-2.90483
567.819,1.54753,-2.90514
568.803,1.54756,-2.90544
569.788,1.54759,-2.90575
570.772,1.54762,-2.90606
571.757,1.54765,-2.90636
572.742,1.54768,-2.90667
573.726,1.54771,-2.90697
574.711,1.54773,-2.90727
575.696,1.54776,-2.90757
576.681,1.54779,-2.90787
577.666,1.54782,-2.90817
578.651,1.54785,-2.90847
579.636,1.54788,-2.90877
580.621,1.54791,-2.90906
581.606,1.54794,-2.90936
582.591,1.54797,-2.90965
583.576,1.54799,-2.90994
584.562,1.54802,-2.91023
585.547,1.54805,-2.91052
586.532,1.54808,-2.91081
587.518,1.54811,-2.9111
588.503,1.54814,-2.91139
589.489,1.54816,-2.91168
590.474,1.54819,-2.91196
591.46,1.54822,-2.91225
592.446,1.54825,-2.91253
593.431,1.54827,-2.91282
594.417,1.5483,-2.9131
595.403,1.54833,-2.91338
596.389,1.54836,-2.91366
597.375,1.54838,-2.91394
598.361,1.54841,-2.91422
599.347,1.54844,-2.9145
600.333,1.54847,-2.91477
601.319,1.54849,-2.91505
602.305,1.54852,-2.91532
603.291,1.54855,-2.9156
604.278,1.54857,-2.91587
605.264,1.5486,-2.91614
606.25,1.54863,-2.91641
607.237,1.54865,-2.91668
608.223,1.54868,-2.91695
609.209,1.5487,-2.91722
610.196,1.54873,-2.91749
611.182,1.54876,-2.91776
612.169,1.54878,-2.91802
613.156,1.54881,-2.91829
614.142,1.54883,-2.91855
615.129,1.54886,-2.91882
616.116,1.54888,-2.91908
617.103,1.54891,-2.91934
618.089,1.54894,-2.9196
619.076,1.54896,-2.91986
620.063,1.54899,-2.92012
621.05,1.54901,-2.92038
622.037,1.54904,-2.92064
623.024,1.54906,-2.92089
624.011,1.54909,-2.92115
624.999,1.54911,-2.92141
625.986,1.54914,-2.92166
626.973,1.54916,-2.92191
627.96,1.54919,-2.92217
628.948,1.54921,-2.92242
629.935,1.54924,-2.92267
630.922,1.54926,-2.92292
631.91,1.54928,-2.92317
632.897,1.54931,-2.92342
633.885,1.54933,-2.92367
634.872,1.54936,-2.92391
635.86,1.54938,-2.92416
636.847,1.5494,-2.92441
637.835,1.54943,-2.92465
638.823,1.54945,-2.9249
639.81,1.54948,-2.92514
640.798,1.5495,-2.92538
641.786,1.54952,-2.92562
642.774,1.54955,-2.92587
643.762,1.54957,-2.92611
644.75,1.54959,-2.92635
645.738,1.54962,-2.92659
646.726,1.54964,-2.92682
647.714,1.54966,-2.92706
648.702,1.54969,-2.9273
649.69,1.54971,-2.92753
650.678,1.54973,-2.92777
651.666,1.54976,-2.928
652.654,1.54978,-2.92824
653.643,1.5498,-2.92847
654.631,1.54982,-2.9287
655.619,1.54985,-2.92894
656.608,1.54987,-2.92917
657.596,1.54989,-2.9294
658.584,1.54991,-2.92963
659.573,1.54994,-2.92986
660.561,1.54996,-2.93009
661.55,1.54998,-2.93031
662.538,1.55,-2.93054
663.527,1.55003,-2.93077
664.516,1.55005,-2.93099
665.504,1.55007,-2.93122
666.493,1.55009,-2.93144
667.482,1.55011,-2.93167
668.471,1.55014,-2.93189
669.459,1.55016,-2.93211
670.448,1.55018,-2.93233
671.437,1.5502,-2.93255
672.426,1.55022,-2.93278
673.415,1.55024,-2.933
674.404,1.55027,-2.93321
675.393,1.55029,-2.93343
676.382,1.55031,-2.93365
677.371,1.55033,-2.93387
678.36,1.55035,-2.93408
679.349,1.55037,-2.9343
680.338,1.55039,-2.93452
681.327,1.55041,-2.93473
682.317,1.55043,-2.93494
683.306,1.55046,-2.93516
684.295,1.55048,-2.93537
685.284,1.5505,-2.93558
686.274,1.55052,-2.9358
687.263,1.55054,-2.93601
688.253,1.55056,-2.93622
689.242,1.55058,-2.93643
690.232,1.5506,-2.93664
691.221,1.55062,-2.93684
692.211,1.55064,-2.93705
693.2,1.55066,-2.93726
694.19,1.55068,-2.93747
695.179,1.5507,-2.93767
696.169,1.55072,-2.93788
697.159,1.55074,-2.93808
698.148,1.55076,-2.93829
699.138,1.55078,-2.93849
700.128,1.5508,-2.9387
701.118,1.55082,-2.9389
702.107,1.55084,-2.9391
703.097,1.55086,-2.9393
704.087,1.55088,-2.9395
705.077,1.5509,-2.9397
706.067,1.55092,-2.9399
707.057,1.55094,-2.9401
708.047,1.55096,-2.9403
709.037,1.55098,-2.9405
710.027,1.551,-2.9407
711.017,1.55102,-2.9409
712.007,1.55104,-2.94109
712.997,1.55106,-2.94129
713.987,1.55108,-2.94148
714.978,1.55109,-2.94168
715.968,1.55111,-2.94187
716.958,1.55113,-2.94207
717.948,1.55115,-2.94226
718.939,1.55117,-2.94245
719.929,1.55119,-2.94265
720.919,1.55121,-2.94284
721.91,1.55123,-2.94303
722.9,1.55125,-2.94322
723.891,1.55126,-2.94341
724.881,1.55128,-2.9436
725.871,1.5513,-2.94379
726.862,1.55132,-2.94398
727.853,1.55134,-2.94416
728.843,1.55136,-2.94435
729.834,1.55137,-2.94454
730.824,1.55139,-2.94473
731.815,1.55141,-2.94491
732.806,1.55143,-2.9451
733.796,1.55145,-2.94528
734.787,1.55147,-2.94547
735.778,1.55148,-2.94565
736.768,1.5515,-2.94584
737.759,1.55152,-2.94602
738.75,1.55154,-2.9462
739.741,1.55156,-2.94638
740.732,1.55157,-2.94656
741.723,1.55159,-2.94675
742.714,1.55161,-2.94693
743.704,1.55163,-2.94711
744.695,1.55164,-2.94729
745.686,1.55166,-2.94747
746.677,1.55168,-2.94764
747.668,1.5517,-2.94782
748.659,1.55171,-2.948
749.651,1.55173,-2.94818
750.642,1.55175,-2.94836
751.633,1.55177,-2.94853
752.624,1.55178,-2.94871
753.615,1.5518,-2.94888
754.606,1.55182,-2.94906
755.598,1.55184,-2.94923
756.589,1.55185,-2.94941
757.58,1.55187,-2.94958
758.571,1.55189,-2.94975
759.563,1.5519,-2.94993
760.554,1.55192,-2.9501
761.545,1.55194,-2.95027
762.537,1.55195,-2.95044
763.528,1.55197,-2.95061
764.519,1.55199,-2.95078
765.511,1.552,-2.95095
766.502,1.55202,-2.95112
767.494,1.55204,-2.95129
768.485,1.55205,-2.95146
769.477,1.55207,-2.95163
770.468,1.55209,-2.9518
771.46,1.5521,-2.95196
772.452,1.55212,-2.95213
773.443,1.55214,-2.9523
774.435,1.55215,-2.95246
775.427,1.55217,-2.95263
776.418,1.55219,-2.9528
777.41,1.5522,-2.95296
778.402,1.55222,-2.95312
779.393,1.55223,-2.95329
780.385,1.55225,-2.95345
781.377,1.55227,-2.95362
782.369,1.55228,-2.95378
783.361,1.5523,-2.95394
784.352,1.55231,-2.9541
785.344,1.55233,-2.95426
786.336,1.55235,-2.95443
787.328,1.55236,-2.95459
788.32,1.55238,-2.95475
789.312,1.55239,-2.95491
790.304,1.55241,-2.95507
791.296,1.55242,-2.95523
792.288,1.55244,-2.95538
793.28,1.55245,-2.95554
794.272,1.55247,-2.9557
795.264,1.55249,-2.95586
796.256,1.5525,-2.95602
797.248,1.55252,-2.95617
798.241,1.55253,-2.95633
799.233,1.55255,-2.95648
800.225,1.55256,-2.95664
801.217,1.55258,-2.9568
802.209,1.55259,-2.95695
803.201,1.55261,-2.9571
804.194,1.55262,-2.95726
805.186,1.55264,-2.95741
806.178,1.55265,-2.95757
807.171,1.55267,-2.95772
808.163,1.55268,-2.95787
809.155,1.5527,-2.95802
810.148,1.55271,-2.95818
811.14,1.55273,-2.95833
812.132,1.55274,-2.95848
813.125,1.55276,-2.95863
814.117,1.55277,-2.95878
815.11,1.55279,-2.95893
816.102,1.5528,-2.95908
817.095,1.55282,-2.95923
818.087,1.55283,-2.95938
819.08,1.55285,-2.95953
820.072,1.55286,-2.95967
821.065,1.55288,-2.95982
822.057,1.55289,-2.95997
823.05,1.5529,-2.96012
824.043,1.55292,-2.96026
825.035,1.55293,-2.96041
826.028,1.55295,-2.96056
827.021,1.55296,-2.9607
828.013,1.55298,-2.96085
829.006,1.55299,-2.96099
829.999,1.553,-2.96114
830.991,1.55302,-2.96128
831.984,1.55303,-2.96142
832.977,1.55305,-2.96157
833.97,1.55306,-2.96171
834.963,1.55308,-2.96185
835.955,1.55309,-2.962
836.948,1.5531,-2.96214
837.941,1.55312,-2.96228
838.934,1.55313,-2.96242
839.927,1.55315,-2.96256
840.92,1.55316,-2.9627
841.913,1.55317,-2.96285
842.906,1.55319,-2.96299
843.899,1.5532,-2.96313
844.892,1.55321,-2.96327
845.885,1.55323,-2.9634
846.878,1.55324,-2.96354
847.871,1.55326,-2.96368
848.864,1.55327,-2.96382
849.857,1.55328,-2.96396
850.85,1.5533,-2.9641
851.843,1.55331,-2.96423
852.836,1.55332,-2.96437
853.829,1.55334,-2.96451
854.822,1.55335,-2.96464
855.815,1.55336,-2.96478
856.809,1.55338,-2.96491
857.802,1.55339,-2.96505
858.795,1.5534,-2.96519
859.788,1.55342,-2.96532
860.782,1.55343,-2.96545
861.775,1.55344,-2.96559
862.768,1.55346,-2.96572
863.761,1.55347,-2.96586
864.755,1.55348,-2.96599
865.748,1.5535,-2.96612
866.741,1.55351,-2.96626
867.735,1.55352,-2.96639
868.728,1.55353,-2.96652
869.721,1.55355,-2.96665
870.715,1.55356,-2.96678
871.708,1.55357,-2.96691
872.702,1.55359,-2.96704
873.695,1.5536,-2.96718
874.688,1.55361,-2.96731
875.682,1.55362,-2.96744
876.675,1.55364,-2.96757
877.669,1.55365,-2.96769
878.662,1.55366,-2.96782
879.656,1.55368,-2.96795
880.649,1.55369,-2.96808
881.643,1.5537,-2.96821
882.637,1.55371,-2.96834
883.63,1.55373,-2.96846
884.624,1.55374,-2.96859
885.617,1.55375,-2.96872
886.611,1.55376,-2.96885
887.605,1.55378,-2.96897
888.598,1.55379,-2.9691
889.592,1.5538,-2.96922
890.586,1.55381,-2.96935
891.579,1.55383,-2.96948
892.573,1.55384,-2.9696
893.567,1.55385,-2.96972
894.561,1.55386,-2.96985
895.554,1.55387,-2.96997
896.548,1.55389,-2.9701
897.542,1.5539,-2.97022
898.536,1.55391,-2.97034
899.529,1.55392,-2.97047
900.523,1.55394,-2.97059
901.517,1.55395,-2.97071
902.511,1.55396,-2.97084
903.505,1.55397,-2.97096
904.499,1.55398,-2.97108
905.493,1.554,-2.9712
906.486,1.55401,-2.97132
907.48,1.55402,-2.97144
908.474,1.55403,-2.97156
909.468,1.55404,-2.97168
910.462,1.55406,-2.9718
911.456,1.55407,-2.97192
912.45,1.55408,-2.97204
913.444,1.55409,-2.97216
914.438,1.5541,-2.97228
915.432,1.55411,-2.9724
916.426,1.55413,-2.97252
917.42,1.55414,-2.97264
918.414,1.55415,-2.97276
919.408,1.55416,-2.97287
920.403,1.55417,-2.97299
921.397,1.55418,-2.97311
922.391,1.5542,-2.97323
923.385,1.55421,-2.97334
924.379,1.55422,-2.97346
925.373,1.55423,-2.97358
926.367,1.55424,-2.97369
927.362,1.55425,-2.97381
928.356,1.55426,-2.97392
929.35,1.55428,-2.97404
930.344,1.55429,-2.97415
931.338,1.5543,-2.97427
932.333,1.55431,-2.97438
933.327,1.55432,-2.9745
934.321,1.55433,-2.97461
935.315,1.55434,-2.97473
936.31,1.55435,-2.97484
937.304,1.55437,-2.97495
938.298,1.55438,-2.97507
939.293,1.55439,-2.97518
940.287,1.5544,-2.97529
941.281,1.55441,-2.9754
942.276,1.55442,-2.97552
943.27,1.55443,-2.97563
944.264,1.55444,-2.97574
945.259,1.55445,-2.97585
946.253,1.55447,-2.97596
947.248,1.55448,-2.97607
948.242,1.55449,-2.97619
949.236,1.5545,-2.9763
950.231,1.55451,-2.97641
951.225,1.55452,-2.97652
952.22,1.55453,-2.97663
953.214,1.55454,-2.97674
954.209,1.55455,-2.97685
955.203,1.55456,-2.97695
956.198,1.55457,-2.97706
957.192,1.55458,-2.97717
958.187,1.5546,-2.97728
959.182,1.55461,-2.97739
960.176,1.55462,-2.9775
961.171,1.55463,-2.9776
962.165,1.55464,-2.97771
963.16,1.55465,-2.97782
964.154,1.55466,-2.97793
965.149,1.55467,-2.97803
966.144,1.55468,-2.97814
967.138,1.55469,-2.97825
968.133,1.5547,-2.97835
969.128,1.55471,-2.97846
970.122,1.55472,-2.97857
971.117,1.55473,-2.97867
972.112,1.55474,-2.97878
973.106,1.55475,-2.97888
974.101,1.55476,-2.97899
975.096,1.55477,-2.97909
976.091,1.55478,-2.9792
977.085,1.55479,-2.9793
978.08,1.5548,-2.9794
979.075,1.55482,-2.97951
980.07,1.55483,-2.97961
981.065,1.55484,-2.97972
982.059,1.55485,-2.97982
983.054,1.55486,-2.97992
984.049,1.55487,-2.98003
985.044,1.55488,-2.98013
986.039,1.55489,-2.98023
987.034,1.5549,-2.98033
988.028,1.55491,-2.98043
989.023,1.55492,-2.98054
990.018,1.55493,-2.98064
991.013,1.55494,-2.98074
992.008,1.55495,-2.98084
993.003,1.55496,-2.98094
993.998,1.55497,-2.98104
994.993,1.55498,-2.98114
995.988,1.55499,-2.98124
996.983,1.555,-2.98134
997.978,1.55501,-2.98144
998.973,1.55502,-2.98154
999.968,1.55503,-2.98164
1000.96,1.55504,-2.98174
1001.96,1.55505,-2.98184
1002.95,1.55506,-2.98194
1003.95,1.55507,-2.98204
1004.94,1.55507,-2.98214
1005.94,1.55508,-2.98224
1006.93,1.55509,-2.98234
1007.93,1.5551,-2.98243
