1008.96,1.57079,0.00147121
1007.96,1.57078,0.00137143
1006.97,1.57077,0.00127145
1005.97,1.57076,0.00117128
1004.98,1.57075,0.0010709
1003.98,1.57074,0.000970327
1002.99,1.57073,0.000869554
1001.99,1.57072,0.00076858
1001,1.57071,0.000667405
1000,1.5707,0.000566029
999.008,1.57069,0.00046445
998.014,1.57068,0.000362669
997.019,1.57067,0.000260685
996.024,1.57066,0.000158497
995.029,1.57064,5.6104e-05
994.034,1.57063,-4.64939e-05
993.04,1.57062,-0.000149298
992.045,1.57061,-0.000252308
991.05,1.5706,-0.000355525
990.056,1.57059,-0.000458949
989.061,1.57058,-0.000562582
988.066,1.57057,-0.000666424
987.072,1.57056,-0.000770475
986.077,1.57055,-0.000874736
985.082,1.57054,-0.000979208
984.088,1.57053,-0.00108389
983.093,1.57052,-0.00118879
982.098,1.57051,-0.0012939
981.104,1.5705,-0.00139922
980.109,1.57049,-0.00150475
979.115,1.57048,-0.0016105
978.12,1.57047,-0.00171647
977.125,1.57046,-0.00182265
976.131,1.57045,-0.00192905
975.136,1.57044,-0.00203566
974.142,1.57042,-0.0021425
973.147,1.57041,-0.00224955
972.153,1.5704,-0.00235682
971.158,1.57039,-0.00246431
970.164,1.57038,-0.00257202
969.169,1.57037,-0.00267995
968.175,1.57036,-0.00278811
967.18,1.57035,-0.00289649
966.186,1.57034,-0.00300509
965.191,1.57033,-0.00311391
964.197,1.57032,-0.00322296
963.203,1.57031,-0.00333223
962.208,1.57029,-0.00344174
961.214,1.57028,-0.00355146
960.219,1.57027,-0.00366142
959.225,1.57026,-0.0037716
958.231,1.57025,-0.00388201
957.236,1.57024,-0.00399265
956.242,1.57023,-0.00410353
955.248,1.57022,-0.00421463
954.253,1.57021,-0.00432597
953.259,1.5702,-0.00443753
952.265,1.57018,-0.00454933
951.271,1.57017,-0.00466137
950.276,1.57016,-0.00477364
949.282,1.57015,-0.00488614
948.288,1.57014,-0.00499888
947.294,1.57013,-0.00511186
946.3,1.57012,-0.00522508
945.305,1.5701,-0.00533853
944.311,1.57009,-0.00545222
943.317,1.57008,-0.00556616
942.323,1.57007,-0.00568033
941.329,1.57006,-0.00579474
940.335,1.57005,-0.0059094
939.34,1.57004,-0.0060243
938.346,1.57002,-0.00613944
937.352,1.57001,-0.00625483
936.358,1.57,-0.00637047
935.364,1.56999,-0.00648635
934.37,1.56998,-0.00660247
933.376,1.56997,-0.00671885
932.382,1.56996,-0.00683547
931.388,1.56994,-0.00695234
930.394,1.56993,-0.00706946
929.4,1.56992,-0.00718683
928.406,1.56991,-0.00730446
927.412,1.5699,-0.00742233
926.418,1.56988,-0.00754046
925.424,1.56987,-0.00765885
924.43,1.56986,-0.00777749
923.436,1.56985,-0.00789638
922.442,1.56984,-0.00801553
921.448,1.56982,-0.00813494
920.455,1.56981,-0.0082546
919.461,1.5698,-0.00837453
918.467,1.56979,-0.00849471
917.473,1.56978,-0.00861516
916.479,1.56976,-0.00873587
915.485,1.56975,-0.00885684
914.492,1.56974,-0.00897807
913.498,1.56973,-0.00909956
912.504,1.56972,-0.00922133
911.51,1.5697,-0.00934335
910.517,1.56969,-0.00946565
909.523,1.56968,-0.00958821
908.529,1.56967,-0.00971104
907.535,1.56965,-0.00983414
906.542,1.56964,-0.00995751
905.548,1.56963,-0.0100811
904.554,1.56962,-0.0102051
903.561,1.56961,-0.0103292
902.567,1.56959,-0.0104537
901.574,1.56958,-0.0105784
900.58,1.56957,-0.0107034
899.586,1.56955,-0.0108287
898.593,1.56954,-0.0109543
897.599,1.56953,-0.0110801
896.606,1.56952,-0.0112063
895.612,1.5695,-0.0113327
894.619,1.56949,-0.0114593
893.625,1.56948,-0.0115863
892.632,1.56947,-0.0117135
891.638,1.56945,-0.0118411
890.645,1.56944,-0.0119689
889.651,1.56943,-0.012097
888.658,1.56941,-0.0122254
887.664,1.5694,-0.0123541
886.671,1.56939,-0.012483
885.678,1.56938,-0.0126123
884.684,1.56936,-0.0127418
883.691,1.56935,-0.0128717
882.698,1.56934,-0.0130018
881.704,1.56932,-0.0131322
880.711,1.56931,-0.0132629
879.718,1.5693,-0.0133939
878.724,1.56928,-0.0135252
877.731,1.56927,-0.0136568
876.738,1.56926,-0.0137887
875.745,1.56924,-0.013921
874.751,1.56923,-0.0140535
873.758,1.56922,-0.0141863
872.765,1.5692,-0.0143194
871.772,1.56919,-0.0144528
870.779,1.56918,-0.0145865
869.786,1.56916,-0.0147205
868.793,1.56915,-0.0148549
867.799,1.56914,-0.0149895
866.806,1.56912,-0.0151244
865.813,1.56911,-0.0152597
864.82,1.5691,-0.0153953
863.827,1.56908,-0.0155311
862.834,1.56907,-0.0156673
861.841,1.56906,-0.0158038
860.848,1.56904,-0.0159407
859.855,1.56903,-0.0160778
858.862,1.56901,-0.0162152
857.869,1.569,-0.016353
856.876,1.56899,-0.0164911
855.883,1.56897,-0.0166295
854.891,1.56896,-0.0167683
853.898,1.56895,-0.0169073
852.905,1.56893,-0.0170467
851.912,1.56892,-0.0171864
850.919,1.5689,-0.0173265
849.926,1.56889,-0.0174668
848.933,1.56888,-0.0176075
847.941,1.56886,-0.0177485
846.948,1.56885,-0.0178899
845.955,1.56883,-0.0180316
844.962,1.56882,-0.0181736
843.97,1.5688,-0.0183159
842.977,1.56879,-0.0184586
841.984,1.56878,-0.0186016
840.992,1.56876,-0.018745
839.999,1.56875,-0.0188887
839.006,1.56873,-0.0190328
838.014,1.56872,-0.0191771
837.021,1.5687,-0.0193219
836.029,1.56869,-0.0194669
835.036,1.56867,-0.0196124
834.044,1.56866,-0.0197581
833.051,1.56864,-0.0199042
832.059,1.56863,-0.0200507
831.066,1.56861,-0.0201975
830.074,1.5686,-0.0203447
829.081,1.56859,-0.0204922
828.089,1.56857,-0.02064
827.096,1.56856,-0.0207883
826.104,1.56854,-0.0209368
825.112,1.56853,-0.0210858
824.119,1.56851,-0.0212351
823.127,1.5685,-0.0213847
822.135,1.56848,-0.0215348
821.142,1.56847,-0.0216851
820.15,1.56845,-0.0218359
819.158,1.56844,-0.021987
818.166,1.56842,-0.0221385
817.173,1.5684,-0.0222903
816.181,1.56839,-0.0224425
815.189,1.56837,-0.0225951
814.197,1.56836,-0.0227481
813.205,1.56834,-0.0229014
812.213,1.56833,-0.0230551
811.22,1.56831,-0.0232092
810.228,1.5683,-0.0233637
809.236,1.56828,-0.0235185
808.244,1.56827,-0.0236737
807.252,1.56825,-0.0238293
806.26,1.56823,-0.0239853
805.268,1.56822,-0.0241417
804.276,1.5682,-0.0242985
803.284,1.56819,-0.0244556
802.292,1.56817,-0.0246131
801.3,1.56816,-0.0247711
800.309,1.56814,-0.0249294
799.317,1.56812,-0.0250881
798.325,1.56811,-0.0252472
797.333,1.56809,-0.0254067
796.341,1.56808,-0.0255666
795.349,1.56806,-0.0257269
794.358,1.56804,-0.0258876
793.366,1.56803,-0.0260487
792.374,1.56801,-0.0262102
791.382,1.56799,-0.0263721
790.391,1.56798,-0.0265345
789.399,1.56796,-0.0266972
788.407,1.56795,-0.0268603
787.416,1.56793,-0.0270239
786.424,1.56791,-0.0271878
785.433,1.5679,-0.0273522
784.441,1.56788,-0.027517
783.45,1.56786,-0.0276822
782.458,1.56785,-0.0278478
781.467,1.56783,-0.0280139
780.475,1.56781,-0.0281804
779.484,1.5678,-0.0283472
778.492,1.56778,-0.0285146
777.501,1.56776,-0.0286823
776.509,1.56775,-0.0288505
775.518,1.56773,-0.0290191
774.527,1.56771,-0.0291881
773.535,1.56769,-0.0293576
772.544,1.56768,-0.0295275
771.553,1.56766,-0.0296979
770.562,1.56764,-0.0298687
769.57,1.56763,-0.0300399
768.579,1.56761,-0.0302116
767.588,1.56759,-0.0303837
766.597,1.56757,-0.0305562
765.606,1.56756,-0.0307292
764.615,1.56754,-0.0309027
763.623,1.56752,-0.0310766
762.632,1.5675,-0.031251
761.641,1.56749,-0.0314258
760.65,1.56747,-0.031601
759.659,1.56745,-0.0317768
758.668,1.56743,-0.031953
757.677,1.56741,-0.0321296
756.687,1.5674,-0.0323067
755.696,1.56738,-0.0324843
754.705,1.56736,-0.0326623
753.714,1.56734,-0.0328408
752.723,1.56733,-0.0330198
751.732,1.56731,-0.0331993
750.741,1.56729,-0.0333792
749.751,1.56727,-0.0335596
748.76,1.56725,-0.0337405
747.769,1.56723,-0.0339219
746.779,1.56722,-0.0341037
745.788,1.5672,-0.034286
744.797,1.56718,-0.0344688
743.807,1.56716,-0.0346521
742.816,1.56714,-0.0348359
741.826,1.56712,-0.0350202
740.835,1.56711,-0.035205
739.845,1.56709,-0.0353903
738.854,1.56707,-0.035576
737.864,1.56705,-0.0357623
736.873,1.56703,-0.0359491
735.883,1.56701,-0.0361364
734.892,1.56699,-0.0363241
733.902,1.56697,-0.0365124
732.912,1.56695,-0.0367012
731.921,1.56694,-0.0368905
730.931,1.56692,-0.0370803
729.941,1.5669,-0.0372707
728.951,1.56688,-0.0374615
727.961,1.56686,-0.0376529
726.97,1.56684,-0.0378448
725.98,1.56682,-0.0380372
724.99,1.5668,-0.0382302
724,1.56678,-0.0384237
723.01,1.56676,-0.0386177
722.02,1.56674,-0.0388122
721.03,1.56672,-0.0390073
720.04,1.5667,-0.0392029
719.05,1.56668,-0.039399
718.06,1.56666,-0.0395957
717.07,1.56664,-0.039793
716.08,1.56662,-0.0399908
715.091,1.5666,-0.0401891
714.101,1.56658,-0.040388
713.111,1.56656,-0.0405874
712.121,1.56654,-0.0407874
711.132,1.56652,-0.0409879
710.142,1.5665,-0.041189
709.152,1.56648,-0.0413907
708.163,1.56646,-0.0415929
707.173,1.56644,-0.0417957
706.183,1.56642,-0.0419991
705.194,1.5664,-0.0422031
704.204,1.56638,-0.0424076
703.215,1.56636,-0.0426127
702.225,1.56634,-0.0428183
701.236,1.56632,-0.0430246
700.247,1.5663,-0.0432314
699.257,1.56627,-0.0434388
698.268,1.56625,-0.0436468
697.279,1.56623,-0.0438554
696.289,1.56621,-0.0440646
695.3,1.56619,-0.0442744
694.311,1.56617,-0.0444848
693.322,1.56615,-0.0446958
692.333,1.56613,-0.0449074
691.343,1.5661,-0.0451196
690.354,1.56608,-0.0453324
689.365,1.56606,-0.0455458
688.376,1.56604,-0.0457599
687.387,1.56602,-0.0459745
686.398,1.566,-0.0461898
685.409,1.56597,-0.0464057
684.421,1.56595,-0.0466222
683.432,1.56593,-0.0468393
682.443,1.56591,-0.0470571
681.454,1.56589,-0.0472755
680.465,1.56586,-0.0474946
679.477,1.56584,-0.0477143
678.488,1.56582,-0.0479346
677.499,1.5658,-0.0481555
676.511,1.56578,-0.0483772
675.522,1.56575,-0.0485994
674.533,1.56573,-0.0488223
673.545,1.56571,-0.0490459
672.556,1.56569,-0.0492701
671.568,1.56566,-0.049495
670.579,1.56564,-0.0497206
669.591,1.56562,-0.0499468
668.603,1.56559,-0.0501737
667.614,1.56557,-0.0504013
666.626,1.56555,-0.0506295
665.638,1.56552,-0.0508584
664.65,1.5655,-0.051088
663.661,1.56548,-0.0513183
662.673,1.56545,-0.0515493
661.685,1.56543,-0.051781
660.697,1.56541,-0.0520133
659.709,1.56538,-0.0522464
658.721,1.56536,-0.0524801
657.733,1.56534,-0.0527146
656.745,1.56531,-0.0529498
655.757,1.56529,-0.0531856
654.769,1.56526,-0.0534222
653.782,1.56524,-0.0536595
652.794,1.56522,-0.0538976
651.806,1.56519,-0.0541363
650.818,1.56517,-0.0543758
649.831,1.56514,-0.054616
648.843,1.56512,-0.0548569
647.855,1.56509,-0.0550986
646.868,1.56507,-0.055341
645.88,1.56505,-0.0555841
644.893,1.56502,-0.055828
643.905,1.565,-0.0560727
642.918,1.56497,-0.0563181
641.931,1.56495,-0.0565642
640.943,1.56492,-0.0568111
639.956,1.5649,-0.0570588
638.969,1.56487,-0.0573073
637.982,1.56485,-0.0575565
636.994,1.56482,-0.0578065
636.007,1.5648,-0.0580572
635.02,1.56477,-0.0583088
634.033,1.56474,-0.0585611
633.046,1.56472,-0.0588142
632.059,1.56469,-0.0590681
631.072,1.56467,-0.0593228
630.085,1.56464,-0.0595784
629.099,1.56461,-0.0598347
628.112,1.56459,-0.0600918
627.125,1.56456,-0.0603497
626.138,1.56454,-0.0606084
625.152,1.56451,-0.060868
624.165,1.56448,-0.0611284
623.178,1.56446,-0.0613896
622.192,1.56443,-0.0616516
621.205,1.5644,-0.0619145
620.219,1.56438,-0.0621782
619.232,1.56435,-0.0624427
618.246,1.56432,-0.0627081
617.26,1.5643,-0.0629744
616.273,1.56427,-0.0632415
615.287,1.56424,-0.0635094
614.301,1.56421,-0.0637782
613.315,1.56419,-0.0640479
612.329,1.56416,-0.0643185
611.343,1.56413,-0.0645899
610.357,1.5641,-0.0648622
609.371,1.56408,-0.0651354
608.385,1.56405,-0.0654095
607.399,1.56402,-0.0656844
606.413,1.56399,-0.0659603
605.427,1.56396,-0.0662371
604.442,1.56394,-0.0665147
603.456,1.56391,-0.0667933
602.47,1.56388,-0.0670728
601.485,1.56385,-0.0673532
600.499,1.56382,-0.0676345
599.514,1.56379,-0.0679168
598.528,1.56376,-0.0681999
597.543,1.56374,-0.0684841
596.557,1.56371,-0.0687691
595.572,1.56368,-0.0690551
594.587,1.56365,-0.0693421
593.602,1.56362,-0.06963
592.616,1.56359,-0.0699189
591.631,1.56356,-0.0702087
590.646,1.56353,-0.0704995
589.661,1.5635,-0.0707913
588.676,1.56347,-0.071084
587.691,1.56344,-0.0713777
586.706,1.56341,-0.0716725
585.722,1.56338,-0.0719682
584.737,1.56335,-0.0722649
583.752,1.56332,-0.0725626
582.768,1.56329,-0.0728613
581.783,1.56326,-0.0731611
580.798,1.56323,-0.0734618
579.814,1.5632,-0.0737636
578.83,1.56317,-0.0740664
577.845,1.56314,-0.0743702
576.861,1.56311,-0.0746751
575.877,1.56307,-0.074981
574.892,1.56304,-0.075288
573.908,1.56301,-0.075596
572.924,1.56298,-0.0759051
571.94,1.56295,-0.0762153
570.956,1.56292,-0.0765265
569.972,1.56289,-0.0768388
568.988,1.56285,-0.0771522
568.004,1.56282,-0.0774666
567.021,1.56279,-0.0777822
566.037,1.56276,-0.0780989
565.053,1.56272,-0.0784166
564.07,1.56269,-0.0787355
563.086,1.56266,-0.0790555
562.102,1.56263,-0.0793766
561.119,1.56259,-0.0796988
560.136,1.56256,-0.0800222
559.152,1.56253,-0.0803467
558.169,1.56249,-0.0806724
557.186,1.56246,-0.0809992
556.203,1.56243,-0.0813272
555.22,1.56239,-0.0816563
554.237,1.56236,-0.0819866
553.254,1.56233,-0.0823181
552.271,1.56229,-0.0826507
551.288,1.56226,-0.0829846
550.305,1.56222,-0.0833196
549.323,1.56219,-0.0836559
548.34,1.56215,-0.0839933
547.357,1.56212,-0.084332
546.375,1.56209,-0.0846719
545.392,1.56205,-0.085013
544.41,1.56202,-0.0853553
543.428,1.56198,-0.0856989
542.445,1.56194,-0.0860437
541.463,1.56191,-0.0863898
540.481,1.56187,-0.0867372
539.499,1.56184,-0.0870858
538.517,1.5618,-0.0874357
537.535,1.56177,-0.0877868
536.553,1.56173,-0.0881393
535.571,1.56169,-0.0884931
534.59,1.56166,-0.0888481
533.608,1.56162,-0.0892045
532.626,1.56158,-0.0895621
531.645,1.56155,-0.0899211
530.663,1.56151,-0.0902815
529.682,1.56147,-0.0906431
528.701,1.56144,-0.0910062
527.719,1.5614,-0.0913705
526.738,1.56136,-0.0917363
525.757,1.56132,-0.0921033
524.776,1.56129,-0.0924718
523.795,1.56125,-0.0928417
522.814,1.56121,-0.0932129
521.833,1.56117,-0.0935856
520.853,1.56113,-0.0939596
519.872,1.5611,-0.0943351
518.891,1.56106,-0.0947119
517.911,1.56102,-0.0950903
516.93,1.56098,-0.09547
515.95,1.56094,-0.0958512
514.97,1.5609,-0.0962339
513.99,1.56086,-0.096618
513.009,1.56082,-0.0970036
512.029,1.56078,-0.0973906
511.049,1.56074,-0.0977792
510.069,1.5607,-0.0981692
509.09,1.56066,-0.0985608
508.11,1.56062,-0.0989538
507.13,1.56058,-0.0993484
506.151,1.56054,-0.0997446
505.171,1.5605,-0.100142
504.192,1.56046,-0.100541
503.212,1.56042,-0.100942
502.233,1.56037,-0.101345
501.254,1.56033,-0.101748
500.275,1.56029,-0.102154
499.296,1.56025,-0.102561
498.317,1.56021,-0.10297
497.338,1.56017,-0.10338
496.359,1.56012,-0.103792
495.38,1.56008,-0.104205
494.402,1.56004,-0.104621
493.423,1.55999,-0.105037
492.445,1.55995,-0.105456
491.467,1.55991,-0.105876
490.488,1.55986,-0.106298
489.51,1.55982,-0.106722
488.532,1.55978,-0.107147
487.554,1.55973,-0.107574
486.576,1.55969,-0.108002
485.598,1.55964,-0.108433
484.621,1.5596,-0.108865
483.643,1.55956,-0.109299
482.665,1.55951,-0.109734
481.688,1.55947,-0.110172
480.711,1.55942,-0.110611
479.733,1.55937,-0.111052
478.756,1.55933,-0.111495
477.779,1.55928,-0.11194
476.802,1.55924,-0.112386
475.825,1.55919,-0.112834
474.848,1.55914,-0.113284
473.872,1.5591,-0.113736
472.895,1.55905,-0.11419
471.919,1.559,-0.114646
470.942,1.55896,-0.115104
469.966,1.55891,-0.115563
468.99,1.55886,-0.116025
468.014,1.55881,-0.116488
467.038,1.55876,-0.116953
466.062,1.55872,-0.117421
465.086,1.55867,-0.11789
464.11,1.55862,-0.118361
463.135,1.55857,-0.118834
462.159,1.55852,-0.11931
461.184,1.55847,-0.119787
460.209,1.55842,-0.120266
459.234,1.55837,-0.120747
458.258,1.55832,-0.121231
457.284,1.55827,-0.121716
456.309,1.55822,-0.122204
455.334,1.55817,-0.122693
454.359,1.55812,-0.123185
453.385,1.55807,-0.123679
452.41,1.55802,-0.124175
451.436,1.55796,-0.124673
450.462,1.55791,-0.125173
449.488,1.55786,-0.125675
448.514,1.55781,-0.12618
447.54,1.55775,-0.126687
446.566,1.5577,-0.127196
445.593,1.55765,-0.127707
444.619,1.5576,-0.128221
443.646,1.55754,-0.128736
442.673,1.55749,-0.129255
441.7,1.55743,-0.129775
440.727,1.55738,-0.130297
439.754,1.55732,-0.130822
438.781,1.55727,-0.13135
437.808,1.55721,-0.131879
436.836,1.55716,-0.132411
435.864,1.5571,-0.132946
434.891,1.55705,-0.133482
433.919,1.55699,-0.134022
432.947,1.55693,-0.134563
431.975,1.55688,-0.135107
431.004,1.55682,-0.135654
430.032,1.55676,-0.136203
429.06,1.55671,-0.136754
428.089,1.55665,-0.137308
427.118,1.55659,-0.137865
426.147,1.55653,-0.138424
425.176,1.55647,-0.138985
424.205,1.55641,-0.13955
423.234,1.55635,-0.140116
422.264,1.5563,-0.140686
421.293,1.55624,-0.141258
420.323,1.55618,-0.141833
419.353,1.55611,-0.14241
418.383,1.55605,-0.14299
417.413,1.55599,-0.143573
416.443,1.55593,-0.144158
415.474,1.55587,-0.144746
414.504,1.55581,-0.145337
413.535,1.55575,-0.145931
412.566,1.55568,-0.146527
411.597,1.55562,-0.147127
410.628,1.55556,-0.147729
409.66,1.55549,-0.148334
408.691,1.55543,-0.148942
407.723,1.55537,-0.149553
406.754,1.5553,-0.150166
405.786,1.55524,-0.150783
404.818,1.55517,-0.151403
403.851,1.55511,-0.152025
402.883,1.55504,-0.152651
401.916,1.55497,-0.153279
400.948,1.55491,-0.153911
399.981,1.55484,-0.154546
399.014,1.55477,-0.155184
398.048,1.55471,-0.155825
397.081,1.55464,-0.156469
396.115,1.55457,-0.157116
395.148,1.5545,-0.157766
394.182,1.55443,-0.15842
393.216,1.55436,-0.159076
392.25,1.55429,-0.159736
391.285,1.55422,-0.1604
390.319,1.55415,-0.161066
389.354,1.55408,-0.161736
388.389,1.55401,-0.162409
387.424,1.55394,-0.163086
386.459,1.55387,-0.163766
385.495,1.5538,-0.164449
384.53,1.55372,-0.165136
383.566,1.55365,-0.165827
382.602,1.55358,-0.16652
381.638,1.5535,-0.167218
380.675,1.55343,-0.167918
379.711,1.55335,-0.168623
378.748,1.55328,-0.169331
377.785,1.5532,-0.170042
376.822,1.55313,-0.170758
375.86,1.55305,-0.171477
374.897,1.55297,-0.172199
373.935,1.5529,-0.172926
372.973,1.55282,-0.173656
372.011,1.55274,-0.17439
371.049,1.55266,-0.175127
370.088,1.55258,-0.175869
369.127,1.55251,-0.176614
368.165,1.55243,-0.177364
367.205,1.55235,-0.178117
366.244,1.55226,-0.178874
365.284,1.55218,-0.179636
364.323,1.5521,-0.180401
363.363,1.55202,-0.18117
362.404,1.55194,-0.181944
361.444,1.55185,-0.182721
360.485,1.55177,-0.183503
359.526,1.55169,-0.184289
358.567,1.5516,-0.185079
357.608,1.55152,-0.185873
356.65,1.55143,-0.186672
355.691,1.55135,-0.187475
354.733,1.55126,-0.188282
353.776,1.55117,-0.189094
352.818,1.55109,-0.18991
351.861,1.551,-0.19073
350.904,1.55091,-0.191555
349.947,1.55082,-0.192385
348.99,1.55073,-0.193219
348.034,1.55064,-0.194058
347.078,1.55055,-0.194901
346.122,1.55046,-0.195749
345.167,1.55037,-0.196602
344.211,1.55027,-0.197459
343.256,1.55018,-0.198322
342.302,1.55009,-0.199189
341.347,1.54999,-0.200061
340.393,1.5499,-0.200937
339.439,1.5498,-0.201819
338.485,1.54971,-0.202706
337.532,1.54961,-0.203598
336.578,1.54952,-0.204495
335.625,1.54942,-0.205397
334.673,1.54932,-0.206304
333.72,1.54922,-0.207216
332.768,1.54912,-0.208134
331.817,1.54902,-0.209057
330.865,1.54892,-0.209985
329.914,1.54882,-0.210919
328.963,1.54872,-0.211858
328.012,1.54862,-0.212802
327.062,1.54851,-0.213752
326.112,1.54841,-0.214708
325.162,1.5483,-0.215669
324.213,1.5482,-0.216636
323.263,1.54809,-0.217608
322.315,1.54799,-0.218586
321.366,1.54788,-0.21957
320.418,1.54777,-0.22056
319.47,1.54766,-0.221556
318.522,1.54755,-0.222558
317.575,1.54744,-0.223565
316.628,1.54733,-0.224579
315.682,1.54722,-0.225599
314.735,1.54711,-0.226625
313.789,1.54699,-0.227657
312.844,1.54688,-0.228695
311.898,1.54677,-0.22974
310.954,1.54665,-0.230791
310.009,1.54653,-0.231849
309.065,1.54642,-0.232913
308.121,1.5463,-0.233984
307.177,1.54618,-0.235061
306.234,1.54606,-0.236145
305.292,1.54594,-0.237235
304.349,1.54582,-0.238333
303.407,1.5457,-0.239437
302.465,1.54558,-0.240548
301.524,1.54545,-0.241666
300.583,1.54533,-0.242791
299.643,1.5452,-0.243924
298.703,1.54508,-0.245063
297.763,1.54495,-0.24621
296.823,1.54482,-0.247363
295.884,1.54469,-0.248525
294.946,1.54456,-0.249693
294.008,1.54443,-0.250869
293.07,1.5443,-0.252053
292.133,1.54417,-0.253245
291.196,1.54403,-0.254444
290.259,1.5439,-0.25565
289.323,1.54376,-0.256865
288.388,1.54363,-0.258087
287.452,1.54349,-0.259318
286.518,1.54335,-0.260557
285.583,1.54321,-0.261803
284.65,1.54307,-0.263058
283.716,1.54293,-0.264322
282.783,1.54278,-0.265593
281.851,1.54264,-0.266873
280.919,1.54249,-0.268162
279.987,1.54235,-0.269459
279.056,1.5422,-0.270765
278.126,1.54205,-0.27208
277.196,1.5419,-0.273403
276.266,1.54175,-0.274736
275.337,1.5416,-0.276077
274.408,1.54145,-0.277428
273.48,1.54129,-0.278787
272.553,1.54114,-0.280157
271.626,1.54098,-0.281535
270.699,1.54082,-0.282923
269.773,1.54066,-0.284321
268.847,1.5405,-0.285728
267.923,1.54034,-0.287145
266.998,1.54018,-0.288572
266.074,1.54001,-0.290009
265.151,1.53985,-0.291455
264.228,1.53968,-0.292912
263.306,1.53951,-0.29438
262.385,1.53934,-0.295857
261.463,1.53917,-0.297345
260.543,1.539,-0.298844
259.623,1.53882,-0.300353
258.704,1.53865,-0.301874
257.785,1.53847,-0.303405
256.867,1.53829,-0.304946
255.95,1.53811,-0.3065
255.033,1.53793,-0.308064
254.117,1.53775,-0.30964
253.202,1.53756,-0.311227
252.287,1.53738,-0.312825
251.373,1.53719,-0.314436
250.459,1.537,-0.316058
249.546,1.53681,-0.317692
248.634,1.53662,-0.319338
247.722,1.53642,-0.320996
246.812,1.53623,-0.322667
245.901,1.53603,-0.32435
244.992,1.53583,-0.326046
244.083,1.53563,-0.327754
243.175,1.53543,-0.329475
242.268,1.53522,-0.331209
241.362,1.53501,-0.332956
240.456,1.5348,-0.334717
239.551,1.53459,-0.33649
238.647,1.53438,-0.338278
237.743,1.53417,-0.340079
236.84,1.53395,-0.341893
235.939,1.53373,-0.343722
235.038,1.53351,-0.345565
234.137,1.53329,-0.347422
233.238,1.53306,-0.349293
232.339,1.53284,-0.351179
231.441,1.53261,-0.35308
230.544,1.53238,-0.354996
229.648,1.53214,-0.356926
228.753,1.53191,-0.358872
227.859,1.53167,-0.360833
226.965,1.53143,-0.36281
226.073,1.53119,-0.364802
225.181,1.53094,-0.366811
224.29,1.53069,-0.368835
223.401,1.53044,-0.370876
222.512,1.53019,-0.372932
221.624,1.52994,-0.375006
220.737,1.52968,-0.377096
219.851,1.52942,-0.379204
218.966,1.52916,-0.381328
218.082,1.52889,-0.38347
217.2,1.52862,-0.385629
216.318,1.52835,-0.387806
215.437,1.52808,-0.390001
214.557,1.5278,-0.392214
213.678,1.52752,-0.394445
212.801,1.52724,-0.396695
211.924,1.52695,-0.398963
211.049,1.52667,-0.401251
210.175,1.52637,-0.403558
209.301,1.52608,-0.405884
208.43,1.52578,-0.408229
207.559,1.52548,-0.410595
206.689,1.52518,-0.41298
205.821,1.52487,-0.415386
204.953,1.52456,-0.417812
204.087,1.52424,-0.420259
203.223,1.52393,-0.422727
202.359,1.5236,-0.425216
201.497,1.52328,-0.427727
200.636,1.52295,-0.430259
199.777,1.52262,-0.432813
198.918,1.52228,-0.43539
198.062,1.52194,-0.437989
197.206,1.5216,-0.44061
196.352,1.52125,-0.443255
195.499,1.5209,-0.445923
194.648,1.52054,-0.448614
193.798,1.52018,-0.451329
192.95,1.51981,-0.454069
192.103,1.51944,-0.456832
191.257,1.51907,-0.45962
190.414,1.51869,-0.462433
189.571,1.51831,-0.465272
188.731,1.51792,-0.468136
187.891,1.51753,-0.471025
187.054,1.51713,-0.473941
186.218,1.51673,-0.476883
185.384,1.51632,-0.479852
184.551,1.51591,-0.482847
183.72,1.51549,-0.485871
182.891,1.51507,-0.488921
182.064,1.51464,-0.492
181.238,1.5142,-0.495107
180.414,1.51376,-0.498243
179.592,1.51332,-0.501407
178.772,1.51286,-0.504601
177.954,1.51241,-0.507825
177.137,1.51194,-0.511078
176.323,1.51147,-0.514362
175.511,1.511,-0.517677
174.7,1.51051,-0.521023
173.892,1.51002,-0.5244
173.085,1.50953,-0.527809
172.281,1.50902,-0.53125
171.479,1.50851,-0.534723
170.679,1.508,-0.538229
169.881,1.50747,-0.541769
169.085,1.50694,-0.545343
168.292,1.5064,-0.54895
167.501,1.50585,-0.552592
166.712,1.5053,-0.556268
165.926,1.50473,-0.55998
165.142,1.50416,-0.563728
164.36,1.50358,-0.567512
163.581,1.50299,-0.571332
162.804,1.50239,-0.575189
162.03,1.50178,-0.579083
161.258,1.50117,-0.583015
160.489,1.50054,-0.586985
159.723,1.49991,-0.590994
158.959,1.49926,-0.595042
158.198,1.4986,-0.599129
157.44,1.49794,-0.603256
156.685,1.49726,-0.607423
155.932,1.49657,-0.611631
155.183,1.49588,-0.615881
154.436,1.49516,-0.620172
153.693,1.49444,-0.624505
152.952,1.49371,-0.628881
152.214,1.49296,-0.633299
151.48,1.4922,-0.637762
150.749,1.49143,-0.642268
150.021,1.49065,-0.646818
149.297,1.48985,-0.651414
148.575,1.48904,-0.656055
147.858,1.48821,-0.660741
147.143,1.48737,-0.665474
146.433,1.48652,-0.670254
145.725,1.48565,-0.675081
145.022,1.48476,-0.679955
144.322,1.48386,-0.684878
143.626,1.48294,-0.689849
142.934,1.48201,-0.694869
142.245,1.48106,-0.699939
141.561,1.48009,-0.705059
140.88,1.4791,-0.71023
140.204,1.47809,-0.715451
139.532,1.47707,-0.720724
138.864,1.47602,-0.726049
138.2,1.47495,-0.731426
137.541,1.47387,-0.736855
136.886,1.47276,-0.742338
136.236,1.47163,-0.747875
135.59,1.47048,-0.753466
134.949,1.46931,-0.759111
134.313,1.46811,-0.764811
133.682,1.46689,-0.770567
133.055,1.46564,-0.776378
132.434,1.46437,-0.782245
131.818,1.46307,-0.788169
131.207,1.46174,-0.79415
130.601,1.46039,-0.800189
130,1.45901,-0.806285
129.405,1.4576,-0.812439
128.816,1.45616,-0.818651
128.233,1.45469,-0.824922
127.655,1.45318,-0.831252
127.083,1.45165,-0.837642
126.517,1.45008,-0.84409
125.957,1.44848,-0.850599
125.403,1.44684,-0.857168
124.856,1.44517,-0.863797
124.315,1.44346,-0.870487
123.781,1.44171,-0.877238
123.253,1.43993,-0.884049
122.732,1.43811,-0.890921
122.218,1.43624,-0.897855
121.712,1.43434,-0.90485
121.212,1.43239,-0.911906
120.72,1.4304,-0.919024
120.235,1.42837,-0.926203
119.758,1.42629,-0.933443
119.288,1.42417,-0.940745
118.826,1.42201,-0.948108
118.373,1.41979,-0.955533
117.927,1.41754,-0.963018
117.49,1.41523,-0.970565
117.061,1.41288,-0.978172
116.641,1.41048,-0.985839
116.229,1.40803,-0.993567
115.826,1.40553,-1.00136
115.432,1.40299,-1.0092
115.048,1.4004,-1.01711
114.672,1.39776,-1.02507
114.306,1.39508,-1.0331
113.95,1.39235,-1.04118
113.603,1.38958,-1.04932
113.266,1.38676,-1.05751
112.938,1.38391,-1.06577
112.621,1.38102,-1.07407
112.314,1.37809,-1.08243
112.016,1.37512,-1.09085
111.729,1.37213,-1.09932
111.452,1.3691,-1.10784
111.186,1.36606,-1.11641
110.93,1.36299,-1.12503
110.684,1.35991,-1.1337
110.448,1.35681,-1.14242
110.223,1.35371,-1.15119
110.008,1.3506,-1.16001
109.803,1.34749,-1.16886
109.609,1.3444,-1.17777
109.425,1.34131,-1.18671
109.251,1.33825,-1.1957
109.087,1.33521,-1.20473
108.932,1.3322,-1.21379
108.788,1.32922,-1.22289
108.653,1.32629,-1.23203
108.528,1.3234,-1.24121
108.412,1.32057,-1.25041
108.305,1.31779,-1.25965
108.208,1.31508,-1.26892
108.119,1.31243,-1.27821
108.04,1.30986,-1.28753
107.969,1.30736,-1.29688
107.906,1.30495,-1.30625
107.852,1.30262,-1.31565
107.806,1.30037,-1.32506
107.768,1.29822,-1.33449
107.738,1.29616,-1.34394
107.716,1.2942,-1.3534
107.702,1.29234,-1.36288
107.696,1.29058,-1.37236
107.697,1.28893,-1.38186
107.705,1.28737,-1.39137
107.721,1.28592,-1.40088
107.744,1.28458,-1.41039
107.775,1.28334,-1.41991
107.813,1.28221,-1.42943
107.858,1.28118,-1.43895
107.91,1.28026,-1.44846
107.969,1.27944,-1.45797
108.035,1.27873,-1.46747
108.109,1.27812,-1.47697
108.19,1.2776,-1.48645
108.278,1.27719,-1.49592
108.373,1.27687,-1.50538
108.475,1.27665,-1.51483
108.584,1.27652,-1.52425
108.701,1.27648,-1.53366
108.825,1.27653,-1.54305
108.957,1.27666,-1.55241
109.095,1.27687,-1.56176
109.242,1.27717,-1.57107
109.395,1.27754,-1.58036
109.556,1.27798,-1.58962
109.725,1.27849,-1.59885
109.902,1.27907,-1.60805
110.086,1.27972,-1.61722
110.278,1.28042,-1.62635
110.477,1.28118,-1.63545
110.685,1.282,-1.64451
110.9,1.28287,-1.65353
111.124,1.28378,-1.66251
111.355,1.28474,-1.67145
111.594,1.28574,-1.68035
111.841,1.28678,-1.68921
112.097,1.28786,-1.69802
112.36,1.28897,-1.70678
112.631,1.2901,-1.7155
112.911,1.29127,-1.72417
113.198,1.29245,-1.7328
113.494,1.29366,-1.74137
113.798,1.29489,-1.74989
114.11,1.29614,-1.75836
114.429,1.29739,-1.76678
114.757,1.29867,-1.77515
115.093,1.29995,-1.78347
115.437,1.30123,-1.79173
115.789,1.30253,-1.79993
116.149,1.30383,-1.80808
116.516,1.30513,-1.81617
116.891,1.30643,-1.82421
117.275,1.30774,-1.83219
117.665,1.30904,-1.84011
118.064,1.31034,-1.84798
118.47,1.31163,-1.85578
118.884,1.31292,-1.86353
119.305,1.3142,-1.87122
119.733,1.31548,-1.87885
120.169,1.31674,-1.88642
120.612,1.318,-1.89393
121.062,1.31925,-1.90139
121.519,1.32049,-1.90878
121.984,1.32172,-1.91611
122.455,1.32293,-1.92338
122.933,1.32414,-1.93059
123.418,1.32533,-1.93775
123.91,1.32651,-1.94484
124.408,1.32768,-1.95187
124.912,1.32883,-1.95884
125.424,1.32998,-1.96575
125.941,1.3311,-1.9726
126.465,1.33222,-1.97939
126.995,1.33332,-1.98613
127.531,1.33441,-1.9928
128.073,1.33548,-1.99941
128.621,1.33654,-2.00597
129.175,1.33759,-2.01246
129.735,1.33862,-2.0189
130.3,1.33964,-2.02528
130.871,1.34064,-2.0316
131.448,1.34164,-2.03786
132.03,1.34261,-2.04406
132.617,1.34358,-2.05021
133.21,1.34453,-2.0563
133.808,1.34547,-2.06233
134.411,1.34639,-2.06831
135.019,1.3473,-2.07423
135.632,1.3482,-2.0801
136.25,1.34909,-2.08591
136.873,1.34996,-2.09167
137.501,1.35082,-2.09737
138.133,1.35167,-2.10302
138.77,1.3525,-2.10861
139.412,1.35333,-2.11415
140.058,1.35414,-2.11964
140.708,1.35494,-2.12507
141.363,1.35573,-2.13046
142.022,1.35651,-2.13579
142.685,1.35728,-2.14107
143.353,1.35803,-2.1463
144.024,1.35878,-2.15148
144.7,1.35951,-2.15661
145.379,1.36024,-2.16169
146.063,1.36095,-2.16672
146.75,1.36166,-2.17171
147.441,1.36235,-2.17664
148.136,1.36303,-2.18153
148.834,1.36371,-2.18637
149.536,1.36437,-2.19116
150.242,1.36503,-2.19591
150.951,1.36568,-2.20061
151.664,1.36631,-2.20527
152.38,1.36694,-2.20988
153.099,1.36756,-2.21445
153.822,1.36818,-2.21897
154.548,1.36878,-2.22345
155.277,1.36937,-2.22789
156.009,1.36996,-2.23228
156.744,1.37054,-2.23664
157.483,1.37111,-2.24095
158.224,1.37167,-2.24522
158.969,1.37223,-2.24944
159.716,1.37278,-2.25363
160.466,1.37332,-2.25778
161.219,1.37385,-2.26189
161.975,1.37438,-2.26596
162.734,1.3749,-2.26999
163.495,1.37541,-2.27398
164.259,1.37592,-2.27793
165.026,1.37642,-2.28185
165.795,1.37692,-2.28573
166.567,1.3774,-2.28957
167.341,1.37788,-2.29338
168.118,1.37836,-2.29715
168.897,1.37883,-2.30088
169.678,1.37929,-2.30458
170.462,1.37975,-2.30825
171.249,1.3802,-2.31188
172.037,1.38065,-2.31547
172.828,1.38109,-2.31904
173.621,1.38152,-2.32257
174.417,1.38195,-2.32607
175.214,1.38238,-2.32953
176.014,1.38279,-2.33296
176.816,1.38321,-2.33637
177.619,1.38362,-2.33974
178.425,1.38402,-2.34307
179.233,1.38442,-2.34638
180.043,1.38482,-2.34966
180.855,1.38521,-2.35291
181.669,1.38559,-2.35613
182.485,1.38597,-2.35932
183.302,1.38635,-2.36248
184.122,1.38672,-2.36561
184.943,1.38709,-2.36871
185.766,1.38745,-2.37179
186.591,1.38781,-2.37484
187.418,1.38817,-2.37786
188.246,1.38852,-2.38085
189.076,1.38887,-2.38382
189.908,1.38921,-2.38676
190.742,1.38955,-2.38967
191.577,1.38989,-2.39256
192.413,1.39022,-2.39543
193.252,1.39055,-2.39826
194.092,1.39087,-2.40108
194.933,1.39119,-2.40387
195.776,1.39151,-2.40663
196.621,1.39183,-2.40937
197.467,1.39214,-2.41209
198.314,1.39245,-2.41478
199.163,1.39275,-2.41745
200.013,1.39305,-2.42009
200.865,1.39335,-2.42272
201.718,1.39364,-2.42532
202.573,1.39394,-2.4279
203.429,1.39422,-2.43045
204.286,1.39451,-2.43299
205.144,1.39479,-2.4355
206.004,1.39507,-2.43799
206.865,1.39535,-2.44047
207.728,1.39563,-2.44292
208.592,1.3959,-2.44535
209.457,1.39617,-2.44775
210.323,1.39643,-2.45014
211.19,1.3967,-2.45251
212.059,1.39696,-2.45486
212.928,1.39721,-2.45719
213.799,1.39747,-2.45951
214.671,1.39772,-2.4618
215.545,1.39797,-2.46407
216.419,1.39822,-2.46633
217.294,1.39847,-2.46856
218.171,1.39871,-2.47078
219.049,1.39895,-2.47298
219.927,1.39919,-2.47516
220.807,1.39943,-2.47733
221.688,1.39966,-2.47947
222.57,1.3999,-2.4816
223.452,1.40013,-2.48372
224.336,1.40035,-2.48581
225.221,1.40058,-2.48789
226.107,1.4008,-2.48996
226.994,1.40102,-2.492
227.881,1.40124,-2.49403
228.77,1.40146,-2.49605
229.66,1.40168,-2.49805
230.55,1.40189,-2.50003
231.442,1.4021,-2.502
232.334,1.40231,-2.50395
233.227,1.40252,-2.50589
234.121,1.40273,-2.50781
235.016,1.40293,-2.50972
235.912,1.40313,-2.51161
236.809,1.40333,-2.51349
237.706,1.40353,-2.51535
238.605,1.40373,-2.5172
239.504,1.40392,-2.51904
240.404,1.40412,-2.52086
241.305,1.40431,-2.52267
242.206,1.4045,-2.52446
243.109,1.40469,-2.52625
244.012,1.40487,-2.52801
244.916,1.40506,-2.52977
245.82,1.40524,-2.53151
246.726,1.40543,-2.53324
247.632,1.40561,-2.53495
248.539,1.40579,-2.53666
249.447,1.40596,-2.53835
250.355,1.40614,-2.54003
251.264,1.40632,-2.54169
252.174,1.40649,-2.54335
253.084,1.40666,-2.54499
253.995,1.40683,-2.54662
254.907,1.407,-2.54824
255.819,1.40717,-2.54984
256.733,1.40734,-2.55144
257.646,1.4075,-2.55302
258.561,1.40766,-2.55459
259.476,1.40783,-2.55615
260.392,1.40799,-2.5577
261.308,1.40815,-2.55924
262.225,1.40831,-2.56077
263.142,1.40846,-2.56229
264.061,1.40862,-2.5638
264.979,1.40878,-2.56529
265.899,1.40893,-2.56678
266.819,1.40908,-2.56825
267.739,1.40923,-2.56972
268.66,1.40938,-2.57117
269.582,1.40953,-2.57262
270.504,1.40968,-2.57405
271.427,1.40983,-2.57548
272.351,1.40997,-2.57689
273.275,1.41012,-2.5783
274.199,1.41026,-2.5797
275.124,1.4104,-2.58108
276.05,1.41054,-2.58246
276.976,1.41068,-2.58383
277.902,1.41082,-2.58519
278.829,1.41096,-2.58654
279.757,1.4111,-2.58788
280.685,1.41124,-2.58921
281.614,1.41137,-2.59053
282.543,1.41151,-2.59185
283.472,1.41164,-2.59315
284.402,1.41177,-2.59445
285.333,1.4119,-2.59574
286.264,1.41203,-2.59702
287.195,1.41216,-2.59829
288.127,1.41229,-2.59955
289.06,1.41242,-2.60081
289.993,1.41254,-2.60205
290.926,1.41267,-2.60329
291.86,1.4128,-2.60452
292.794,1.41292,-2.60574
293.729,1.41304,-2.60696
294.664,1.41316,-2.60817
295.599,1.41329,-2.60937
296.535,1.41341,-2.61056
297.472,1.41353,-2.61174
298.408,1.41365,-2.61292
299.346,1.41376,-2.61409
300.283,1.41388,-2.61525
301.221,1.414,-2.6164
302.16,1.41411,-2.61755
303.098,1.41423,-2.61869
304.038,1.41434,-2.61983
304.977,1.41446,-2.62095
305.917,1.41457,-2.62207
306.858,1.41468,-2.62318
307.798,1.41479,-2.62429
308.74,1.4149,-2.62539
309.681,1.41501,-2.62648
310.623,1.41512,-2.62756
311.565,1.41523,-2.62864
312.508,1.41534,-2.62971
313.451,1.41544,-2.63078
314.394,1.41555,-2.63184
315.338,1.41565,-2.63289
316.282,1.41576,-2.63394
317.226,1.41586,-2.63498
318.171,1.41597,-2.63601
319.116,1.41607,-2.63704
320.061,1.41617,-2.63806
321.007,1.41627,-2.63908
321.953,1.41637,-2.64009
322.9,1.41647,-2.64109
323.846,1.41657,-2.64209
324.793,1.41667,-2.64308
325.741,1.41677,-2.64406
326.688,1.41687,-2.64504
327.636,1.41697,-2.64602
328.585,1.41706,-2.64699
329.533,1.41716,-2.64795
330.482,1.41725,-2.64891
331.431,1.41735,-2.64986
332.381,1.41744,-2.65081
333.331,1.41754,-2.65175
334.281,1.41763,-2.65268
335.231,1.41772,-2.65361
336.182,1.41781,-2.65454
337.133,1.4179,-2.65546
338.084,1.41799,-2.65637
339.036,1.41808,-2.65728
339.988,1.41817,-2.65819
340.94,1.41826,-2.65909
341.892,1.41835,-2.65998
342.845,1.41844,-2.66087
343.798,1.41853,-2.66175
344.751,1.41861,-2.66263
345.704,1.4187,-2.66351
346.658,1.41879,-2.66438
347.612,1.41887,-2.66524
348.566,1.41896,-2.6661
349.521,1.41904,-2.66696
350.476,1.41913,-2.66781
351.431,1.41921,-2.66865
352.386,1.41929,-2.6695
353.342,1.41937,-2.67033
354.297,1.41946,-2.67116
355.253,1.41954,-2.67199
356.21,1.41962,-2.67282
357.166,1.4197,-2.67363
358.123,1.41978,-2.67445
359.08,1.41986,-2.67526
360.037,1.41994,-2.67606
360.995,1.42002,-2.67687
361.952,1.4201,-2.67766
362.91,1.42017,-2.67846
363.868,1.42025,-2.67924
364.827,1.42033,-2.68003
365.785,1.42041,-2.68081
366.744,1.42048,-2.68158
367.703,1.42056,-2.68236
368.663,1.42063,-2.68313
369.622,1.42071,-2.68389
370.582,1.42078,-2.68465
371.542,1.42086,-2.68541
372.502,1.42093,-2.68616
373.462,1.421,-2.68691
374.423,1.42108,-2.68765
375.383,1.42115,-2.68839
376.344,1.42122,-2.68913
377.306,1.42129,-2.68986
378.267,1.42137,-2.69059
379.229,1.42144,-2.69132
380.19,1.42151,-2.69204
381.152,1.42158,-2.69276
382.114,1.42165,-2.69347
383.077,1.42172,-2.69418
384.039,1.42179,-2.69489
385.002,1.42185,-2.69559
385.965,1.42192,-2.69629
386.928,1.42199,-2.69699
387.892,1.42206,-2.69768
388.855,1.42213,-2.69837
389.819,1.42219,-2.69906
390.783,1.42226,-2.69974
391.747,1.42233,-2.70042
392.711,1.42239,-2.7011
393.675,1.42246,-2.70177
394.64,1.42252,-2.70244
395.605,1.42259,-2.70311
396.57,1.42265,-2.70377
397.535,1.42272,-2.70443
398.5,1.42278,-2.70509
399.466,1.42284,-2.70574
400.431,1.42291,-2.70639
401.397,1.42297,-2.70704
402.363,1.42303,-2.70768
403.329,1.4231,-2.70832
404.295,1.42316,-2.70896
405.262,1.42322,-2.70959
406.229,1.42328,-2.71023
407.195,1.42334,-2.71086
408.162,1.4234,-2.71148
409.129,1.42346,-2.7121
410.097,1.42352,-2.71272
411.064,1.42358,-2.71334
412.032,1.42364,-2.71395
413,1.4237,-2.71456
413.967,1.42376,-2.71517
414.936,1.42382,-2.71578
415.904,1.42388,-2.71638
416.872,1.42394,-2.71698
417.841,1.424,-2.71758
418.809,1.42405,-2.71817
419.778,1.42411,-2.71876
420.747,1.42417,-2.71935
421.716,1.42422,-2.71994
422.685,1.42428,-2.72052
423.655,1.42434,-2.7211
424.624,1.42439,-2.72168
425.594,1.42445,-2.72225
426.564,1.4245,-2.72283
427.534,1.42456,-2.7234
428.504,1.42461,-2.72396
429.474,1.42467,-2.72453
430.445,1.42472,-2.72509
431.415,1.42478,-2.72565
432.386,1.42483,-2.72621
433.356,1.42488,-2.72676
434.327,1.42494,-2.72731
435.298,1.42499,-2.72786
436.27,1.42504,-2.72841
437.241,1.4251,-2.72896
438.212,1.42515,-2.7295
439.184,1.4252,-2.73004
440.156,1.42525,-2.73057
441.127,1.42531,-2.73111
442.099,1.42536,-2.73164
443.072,1.42541,-2.73217
444.044,1.42546,-2.7327
445.016,1.42551,-2.73323
445.988,1.42556,-2.73375
446.961,1.42561,-2.73427
447.934,1.42566,-2.73479
448.907,1.42571,-2.73531
449.88,1.42576,-2.73582
450.853,1.42581,-2.73633
451.826,1.42586,-2.73684
452.799,1.42591,-2.73735
453.772,1.42596,-2.73786
454.746,1.42601,-2.73836
455.72,1.42605,-2.73886
456.693,1.4261,-2.73936
457.667,1.42615,-2.73986
458.641,1.4262,-2.74035
459.615,1.42624,-2.74084
460.59,1.42629,-2.74133
461.564,1.42634,-2.74182
462.538,1.42639,-2.74231
463.513,1.42643,-2.74279
464.487,1.42648,-2.74328
465.462,1.42653,-2.74376
466.437,1.42657,-2.74423
467.412,1.42662,-2.74471
468.387,1.42666,-2.74519
469.362,1.42671,-2.74566
470.338,1.42675,-2.74613
471.313,1.4268,-2.7466
472.288,1.42684,-2.74706
473.264,1.42689,-2.74753
474.24,1.42693,-2.74799
475.216,1.42698,-2.74845
476.191,1.42702,-2.74891
477.167,1.42707,-2.74937
478.144,1.42711,-2.74982
479.12,1.42715,-2.75027
480.096,1.4272,-2.75073
481.072,1.42724,-2.75117
482.049,1.42728,-2.75162
483.026,1.42733,-2.75207
484.002,1.42737,-2.75251
484.979,1.42741,-2.75295
485.956,1.42745,-2.75339
486.933,1.42749,-2.75383
487.91,1.42754,-2.75427
488.887,1.42758,-2.75471
489.864,1.42762,-2.75514
490.842,1.42766,-2.75557
491.819,1.4277,-2.756
492.797,1.42774,-2.75643
493.774,1.42778,-2.75685
494.752,1.42783,-2.75728
495.73,1.42787,-2.7577
496.708,1.42791,-2.75812
497.686,1.42795,-2.75854
498.664,1.42799,-2.75896
499.642,1.42803,-2.75938
500.62,1.42807,-2.75979
501.598,1.42811,-2.76021
502.577,1.42815,-2.76062
503.555,1.42819,-2.76103
504.534,1.42822,-2.76144
505.513,1.42826,-2.76184
506.491,1.4283,-2.76225
507.47,1.42834,-2.76265
508.449,1.42838,-2.76305
509.428,1.42842,-2.76345
510.407,1.42846,-2.76385
511.386,1.42849,-2.76425
512.365,1.42853,-2.76465
513.345,1.42857,-2.76504
514.324,1.42861,-2.76543
515.304,1.42865,-2.76583
516.283,1.42868,-2.76622
517.263,1.42872,-2.7666
518.243,1.42876,-2.76699
519.222,1.42879,-2.76738
520.202,1.42883,-2.76776
521.182,1.42887,-2.76814
522.162,1.4289,-2.76852
523.142,1.42894,-2.7689
524.123,1.42898,-2.76928
525.103,1.42901,-2.76966
526.083,1.42905,-2.77003
527.063,1.42908,-2.77041
528.044,1.42912,-2.77078
529.025,1.42916,-2.77115
530.005,1.42919,-2.77152
530.986,1.42923,-2.77189
531.967,1.42926,-2.77226
532.947,1.4293,-2.77262
533.928,1.42933,-2.77299
534.909,1.42937,-2.77335
535.89,1.4294,-2.77371
536.871,1.42943,-2.77407
537.853,1.42947,-2.77443
538.834,1.4295,-2.77479
539.815,1.42954,-2.77515
540.797,1.42957,-2.7755
541.778,1.4296,-2.77586
542.76,1.42964,-2.77621
543.741,1.42967,-2.77656
544.723,1.42971,-2.77691
545.705,1.42974,-2.77726
546.686,1.42977,-2.77761
547.668,1.42981,-2.77795
548.65,1.42984,-2.7783
549.632,1.42987,-2.77864
550.614,1.4299,-2.77898
551.597,1.42994,-2.77933
552.579,1.42997,-2.77967
553.561,1.43,-2.78
554.543,1.43003,-2.78034
555.526,1.43007,-2.78068
556.508,1.4301,-2.78101
557.491,1.43013,-2.78135
558.473,1.43016,-2.78168
559.456,1.43019,-2.78201
560.439,1.43022,-2.78234
561.421,1.43026,-2.78267
562.404,1.43029,-2.783
563.387,1.43032,-2.78333
564.37,1.43035,-2.78365
565.353,1.43038,-2.78398
566.336,1.43041,-2.7843
567.319,1.43044,-2.78463
568.302,1.43047,-2.78495
569.286,1.4305,-2.78527
570.269,1.43053,-2.78559
571.252,1.43056,-2.78591
572.236,1.43059,-2.78622
573.219,1.43062,-2.78654
574.203,1.43065,-2.78685
575.186,1.43068,-2.78717
576.17,1.43071,-2.78748
577.154,1.43074,-2.78779
578.137,1.43077,-2.7881
579.121,1.4308,-2.78841
580.105,1.43083,-2.78872
581.089,1.43086,-2.78903
582.073,1.43089,-2.78933
583.057,1.43092,-2.78964
584.041,1.43095,-2.78994
585.025,1.43098,-2.79025
586.009,1.43101,-2.79055
586.994,1.43104,-2.79085
587.978,1.43106,-2.79115
588.962,1.43109,-2.79145
589.947,1.43112,-2.79175
590.931,1.43115,-2.79204
591.916,1.43118,-2.79234
592.9,1.43121,-2.79264
593.885,1.43123,-2.79293
594.87,1.43126,-2.79322
595.854,1.43129,-2.79352
596.839,1.43132,-2.79381
597.824,1.43135,-2.7941
598.809,1.43137,-2.79439
599.794,1.4314,-2.79468
600.779,1.43143,-2.79496
601.764,1.43145,-2.79525
602.749,1.43148,-2.79554
603.734,1.43151,-2.79582
604.719,1.43154,-2.7961
605.704,1.43156,-2.79639
606.689,1.43159,-2.79667
607.675,1.43162,-2.79695
608.66,1.43164,-2.79723
609.646,1.43167,-2.79751
610.631,1.4317,-2.79779
611.617,1.43172,-2.79806
612.602,1.43175,-2.79834
613.588,1.43178,-2.79862
614.573,1.4318,-2.79889
615.559,1.43183,-2.79916
616.545,1.43185,-2.79944
617.531,1.43188,-2.79971
618.516,1.43191,-2.79998
619.502,1.43193,-2.80025
620.488,1.43196,-2.80052
621.474,1.43198,-2.80079
622.46,1.43201,-2.80106
623.446,1.43203,-2.80132
624.432,1.43206,-2.80159
625.419,1.43208,-2.80186
626.405,1.43211,-2.80212
627.391,1.43213,-2.80238
628.377,1.43216,-2.80265
629.364,1.43218,-2.80291
630.35,1.43221,-2.80317
631.336,1.43223,-2.80343
632.323,1.43226,-2.80369
633.309,1.43228,-2.80395
634.296,1.43231,-2.8042
635.282,1.43233,-2.80446
636.269,1.43236,-2.80472
637.256,1.43238,-2.80497
638.242,1.4324,-2.80523
639.229,1.43243,-2.80548
640.216,1.43245,-2.80573
641.203,1.43248,-2.80599
642.19,1.4325,-2.80624
643.177,1.43252,-2.80649
644.163,1.43255,-2.80674
645.15,1.43257,-2.80699
646.137,1.4326,-2.80724
647.125,1.43262,-2.80748
648.112,1.43264,-2.80773
649.099,1.43267,-2.80798
650.086,1.43269,-2.80822
651.073,1.43271,-2.80847
652.061,1.43274,-2.80871
653.048,1.43276,-2.80895
654.035,1.43278,-2.8092
655.023,1.4328,-2.80944
656.01,1.43283,-2.80968
656.997,1.43285,-2.80992
657.985,1.43287,-2.81016
658.972,1.4329,-2.8104
659.96,1.43292,-2.81064
660.948,1.43294,-2.81087
661.935,1.43296,-2.81111
662.923,1.43299,-2.81135
663.911,1.43301,-2.81158
664.899,1.43303,-2.81182
665.886,1.43305,-2.81205
666.874,1.43307,-2.81228
667.862,1.4331,-2.81252
668.85,1.43312,-2.81275
669.838,1.43314,-2.81298
670.826,1.43316,-2.81321
671.814,1.43318,-2.81344
672.802,1.43321,-2.81367
673.79,1.43323,-2.8139
674.778,1.43325,-2.81412
675.766,1.43327,-2.81435
676.754,1.43329,-2.81458
677.743,1.43331,-2.8148
678.731,1.43333,-2.81503
679.719,1.43336,-2.81525
680.708,1.43338,-2.81548
681.696,1.4334,-2.8157
682.684,1.43342,-2.81592
683.673,1.43344,-2.81614
684.661,1.43346,-2.81636
685.65,1.43348,-2.81658
686.638,1.4335,-2.8168
687.627,1.43352,-2.81702
688.615,1.43354,-2.81724
689.604,1.43357,-2.81746
690.593,1.43359,-2.81768
691.581,1.43361,-2.81789
692.57,1.43363,-2.81811
693.559,1.43365,-2.81832
694.548,1.43367,-2.81854
695.537,1.43369,-2.81875
696.525,1.43371,-2.81897
697.514,1.43373,-2.81918
698.503,1.43375,-2.81939
699.492,1.43377,-2.8196
700.481,1.43379,-2.81982
701.47,1.43381,-2.82003
702.459,1.43383,-2.82024
703.448,1.43385,-2.82045
704.437,1.43387,-2.82066
705.427,1.43389,-2.82086
706.416,1.43391,-2.82107
707.405,1.43393,-2.82128
708.394,1.43395,-2.82148
709.383,1.43397,-2.82169
710.373,1.43399,-2.8219
711.362,1.43401,-2.8221
712.351,1.43403,-2.8223
713.341,1.43404,-2.82251
714.33,1.43406,-2.82271
715.32,1.43408,-2.82291
716.309,1.4341,-2.82312
717.299,1.43412,-2.82332
718.288,1.43414,-2.82352
719.278,1.43416,-2.82372
720.267,1.43418,-2.82392
721.257,1.4342,-2.82412
722.247,1.43422,-2.82432
723.236,1.43423,-2.82451
724.226,1.43425,-2.82471
725.216,1.43427,-2.82491
726.205,1.43429,-2.8251
727.195,1.43431,-2.8253
728.185,1.43433,-2.8255
729.175,1.43435,-2.82569
730.165,1.43436,-2.82589
731.155,1.43438,-2.82608
732.145,1.4344,-2.82627
733.135,1.43442,-2.82647
734.125,1.43444,-2.82666
735.115,1.43446,-2.82685
736.105,1.43447,-2.82704
737.095,1.43449,-2.82723
738.085,1.43451,-2.82742
739.075,1.43453,-2.82761
740.065,1.43455,-2.8278
741.055,1.43456,-2.82799
742.045,1.43458,-2.82818
743.036,1.4346,-2.82836
744.026,1.43462,-2.82855
745.016,1.43463,-2.82874
746.006,1.43465,-2.82892
746.997,1.43467,-2.82911
747.987,1.43469,-2.82929
748.977,1.43471,-2.82948
749.968,1.43472,-2.82966
750.958,1.43474,-2.82985
751.949,1.43476,-2.83003
752.939,1.43477,-2.83021
753.93,1.43479,-2.8304
754.92,1.43481,-2.83058
755.911,1.43483,-2.83076
756.901,1.43484,-2.83094
757.892,1.43486,-2.83112
758.883,1.43488,-2.8313
759.873,1.43489,-2.83148
760.864,1.43491,-2.83166
761.855,1.43493,-2.83184
762.845,1.43495,-2.83201
763.836,1.43496,-2.83219
764.827,1.43498,-2.83237
765.818,1.435,-2.83255
766.809,1.43501,-2.83272
767.799,1.43503,-2.8329
768.79,1.43505,-2.83307
769.781,1.43506,-2.83325
770.772,1.43508,-2.83342
771.763,1.43509,-2.8336
772.754,1.43511,-2.83377
773.745,1.43513,-2.83394
774.736,1.43514,-2.83411
775.727,1.43516,-2.83429
776.718,1.43518,-2.83446
777.709,1.43519,-2.83463
778.7,1.43521,-2.8348
779.691,1.43523,-2.83497
780.683,1.43524,-2.83514
781.674,1.43526,-2.83531
782.665,1.43527,-2.83548
783.656,1.43529,-2.83565
784.647,1.43531,-2.83582
785.639,1.43532,-2.83598
786.63,1.43534,-2.83615
787.621,1.43535,-2.83632
788.613,1.43537,-2.83648
789.604,1.43538,-2.83665
790.595,1.4354,-2.83682
791.587,1.43542,-2.83698
792.578,1.43543,-2.83715
793.57,1.43545,-2.83731
794.561,1.43546,-2.83747
795.552,1.43548,-2.83764
796.544,1.43549,-2.8378
797.536,1.43551,-2.83796
798.527,1.43552,-2.83813
799.519,1.43554,-2.83829
800.51,1.43555,-2.83845
801.502,1.43557,-2.83861
802.493,1.43558,-2.83877
803.485,1.4356,-2.83893
804.477,1.43562,-2.83909
805.468,1.43563,-2.83925
806.46,1.43565,-2.83941
807.452,1.43566,-2.83957
808.444,1.43568,-2.83973
809.435,1.43569,-2.83989
810.427,1.43571,-2.84004
811.419,1.43572,-2.8402
812.411,1.43573,-2.84036
813.403,1.43575,-2.84051
814.395,1.43576,-2.84067
815.386,1.43578,-2.84083
816.378,1.43579,-2.84098
817.37,1.43581,-2.84114
818.362,1.43582,-2.84129
819.354,1.43584,-2.84144
820.346,1.43585,-2.8416
821.338,1.43587,-2.84175
822.33,1.43588,-2.8419
823.322,1.4359,-2.84206
824.314,1.43591,-2.84221
825.307,1.43592,-2.84236
826.299,1.43594,-2.84251
827.291,1.43595,-2.84266
828.283,1.43597,-2.84282
829.275,1.43598,-2.84297
830.267,1.436,-2.84312
831.259,1.43601,-2.84327
832.252,1.43602,-2.84342
833.244,1.43604,-2.84356
834.236,1.43605,-2.84371
835.228,1.43607,-2.84386
836.221,1.43608,-2.84401
837.213,1.43609,-2.84416
838.205,1.43611,-2.8443
839.198,1.43612,-2.84445
840.19,1.43614,-2.8446
841.182,1.43615,-2.84474
842.175,1.43616,-2.84489
843.167,1.43618,-2.84504
844.16,1.43619,-2.84518
845.152,1.4362,-2.84533
846.145,1.43622,-2.84547
847.137,1.43623,-2.84561
848.13,1.43625,-2.84576
849.122,1.43626,-2.8459
850.115,1.43627,-2.84605
851.107,1.43629,-2.84619
852.1,1.4363,-2.84633
853.093,1.43631,-2.84647
854.085,1.43633,-2.84661
855.078,1.43634,-2.84676
856.07,1.43635,-2.8469
857.063,1.43637,-2.84704
858.056,1.43638,-2.84718
859.048,1.43639,-2.84732
860.041,1.43641,-2.84746
861.034,1.43642,-2.8476
862.027,1.43643,-2.84774
863.019,1.43645,-2.84788
864.012,1.43646,-2.84802
865.005,1.43647,-2.84815
865.998,1.43649,-2.84829
866.991,1.4365,-2.84843
867.984,1.43651,-2.84857
868.976,1.43652,-2.8487
869.969,1.43654,-2.84884
870.962,1.43655,-2.84898
871.955,1.43656,-2.84911
872.948,1.43658,-2.84925
873.941,1.43659,-2.84938
874.934,1.4366,-2.84952
875.927,1.43661,-2.84965
876.92,1.43663,-2.84979
877.913,1.43664,-2.84992
878.906,1.43665,-2.85006
879.899,1.43666,-2.85019
880.892,1.43668,-2.85032
881.885,1.43669,-2.85046
882.878,1.4367,-2.85059
883.871,1.43672,-2.85072
884.865,1.43673,-2.85085
885.858,1.43674,-2.85099
886.851,1.43675,-2.85112
887.844,1.43676,-2.85125
888.837,1.43678,-2.85138
889.83,1.43679,-2.85151
890.824,1.4368,-2.85164
891.817,1.43681,-2.85177
892.81,1.43683,-2.8519
893.803,1.43684,-2.85203
894.797,1.43685,-2.85216
895.79,1.43686,-2.85229
896.783,1.43688,-2.85242
897.777,1.43689,-2.85255
898.77,1.4369,-2.85267
899.763,1.43691,-2.8528
900.757,1.43692,-2.85293
901.75,1.43694,-2.85306
902.743,1.43695,-2.85318
903.737,1.43696,-2.85331
904.73,1.43697,-2.85344
905.724,1.43698,-2.85356
906.717,1.437,-2.85369
907.711,1.43701,-2.85381
908.704,1.43702,-2.85394
909.698,1.43703,-2.85406
910.691,1.43704,-2.85419
911.685,1.43705,-2.85431
912.678,1.43707,-2.85444
913.672,1.43708,-2.85456
914.665,1.43709,-2.85468
915.659,1.4371,-2.85481
916.652,1.43711,-2.85493
917.646,1.43712,-2.85505
918.64,1.43714,-2.85518
919.633,1.43715,-2.8553
920.627,1.43716,-2.85542
921.621,1.43717,-2.85554
922.614,1.43718,-2.85566
923.608,1.43719,-2.85579
924.602,1.4372,-2.85591
925.595,1.43722,-2.85603
926.589,1.43723,-2.85615
927.583,1.43724,-2.85627
928.577,1.43725,-2.85639
929.57,1.43726,-2.85651
930.564,1.43727,-2.85663
931.558,1.43728,-2.85675
932.552,1.4373,-2.85687
933.546,1.43731,-2.85698
934.54,1.43732,-2.8571
935.533,1.43733,-2.85722
936.527,1.43734,-2.85734
937.521,1.43735,-2.85746
938.515,1.43736,-2.85757
939.509,1.43737,-2.85769
940.503,1.43738,-2.85781
941.497,1.4374,-2.85792
942.491,1.43741,-2.85804
943.485,1.43742,-2.85816
944.479,1.43743,-2.85827
945.473,1.43744,-2.85839
946.467,1.43745,-2.8585
947.461,1.43746,-2.85862
948.455,1.43747,-2.85873
949.449,1.43748,-2.85885
950.443,1.43749,-2.85896
951.437,1.4375,-2.85908
952.431,1.43752,-2.85919
953.425,1.43753,-2.85931
954.419,1.43754,-2.85942
955.413,1.43755,-2.85953
956.407,1.43756,-2.85965
957.401,1.43757,-2.85976
958.396,1.43758,-2.85987
959.39,1.43759,-2.85998
960.384,1.4376,-2.8601
961.378,1.43761,-2.86021
962.372,1.43762,-2.86032
963.366,1.43763,-2.86043
964.361,1.43764,-2.86054
965.355,1.43765,-2.86065
966.349,1.43766,-2.86076
967.343,1.43767,-2.86087
968.338,1.43768,-2.86098
969.332,1.43769,-2.86109
970.326,1.43771,-2.8612
971.321,1.43772,-2.86131
972.315,1.43773,-2.86142
973.309,1.43774,-2.86153
974.304,1.43775,-2.86164
975.298,1.43776,-2.86175
976.292,1.43777,-2.86186
977.287,1.43778,-2.86197
978.281,1.43779,-2.86207
979.275,1.4378,-2.86218
980.27,1.43781,-2.86229
981.264,1.43782,-2.8624
982.259,1.43783,-2.8625
983.253,1.43784,-2.86261
984.248,1.43785,-2.86272
985.242,1.43786,-2.86282
986.236,1.43787,-2.86293
987.231,1.43788,-2.86304
988.225,1.43789,-2.86314
989.22,1.4379,-2.86325
990.214,1.43791,-2.86335
991.209,1.43792,-2.86346
992.204,1.43793,-2.86356
993.198,1.43794,-2.86367
994.193,1.43795,-2.86377
995.187,1.43796,-2.86388
996.182,1.43797,-2.86398
997.176,1.43798,-2.86409
998.171,1.43799,-2.86419
999.166,1.438,-2.86429
1000.16,1.43801,-2.8644
1001.15,1.43802,-2.8645
1002.15,1.43803,-2.8646
1003.14,1.43804,-2.86471
1004.14,1.43805,-2.86481
1005.13,1.43806,-2.86491
1006.13,1.43807,-2.86501
1007.12,1.43807,-2.86511
1008.12,1.43808,-2.86522
1009.11,1.43809,-2.86532
