999.103,1.57079,0.00152081
998.104,1.57078,0.00147072
997.105,1.57077,0.00142054
996.106,1.57076,0.00137025
995.108,1.57075,0.00131987
994.109,1.57074,0.00126938
993.11,1.57073,0.00121879
992.112,1.57072,0.0011681
991.113,1.57071,0.0011173
990.114,1.5707,0.00106641
989.116,1.57069,0.00101541
988.117,1.57068,0.000964304
987.118,1.57066,0.000913098
986.12,1.57065,0.000861788
985.121,1.57064,0.000810375
984.122,1.57063,0.000758857
983.124,1.57062,0.000707234
982.125,1.57061,0.000655506
981.126,1.5706,0.000603673
980.128,1.57059,0.000551735
979.129,1.57058,0.00049969
978.13,1.57057,0.000447539
977.132,1.57056,0.000395282
976.133,1.57055,0.000342917
975.134,1.57054,0.000290446
974.136,1.57053,0.000237866
973.137,1.57052,0.000185179
972.139,1.57051,0.000132383
971.14,1.5705,7.94793e-05
970.141,1.57049,2.64662e-05
969.143,1.57048,-2.66562e-05
968.144,1.57047,-7.98882e-05
967.145,1.57046,-0.00013323
966.147,1.57044,-0.000186682
965.148,1.57043,-0.000240245
964.15,1.57042,-0.000293919
963.151,1.57041,-0.000347704
962.152,1.5704,-0.000401601
961.154,1.57039,-0.00045561
960.155,1.57038,-0.000509731
959.157,1.57037,-0.000563965
958.158,1.57036,-0.000618312
957.159,1.57035,-0.000672772
956.161,1.57034,-0.000727347
955.162,1.57033,-0.000782035
954.164,1.57031,-0.000836838
953.165,1.5703,-0.000891755
952.167,1.57029,-0.000946788
951.168,1.57028,-0.00100194
950.169,1.57027,-0.0010572
949.171,1.57026,-0.00111258
948.172,1.57025,-0.00116808
947.174,1.57024,-0.00122369
946.175,1.57023,-0.00127943
945.177,1.57022,-0.00133528
944.178,1.5702,-0.00139124
943.18,1.57019,-0.00144733
942.181,1.57018,-0.00150353
941.182,1.57017,-0.00155986
940.184,1.57016,-0.0016163
939.185,1.57015,-0.00167287
938.187,1.57014,-0.00172955
937.188,1.57012,-0.00178636
936.19,1.57011,-0.00184328
935.191,1.5701,-0.00190033
934.193,1.57009,-0.0019575
933.194,1.57008,-0.0020148
932.196,1.57007,-0.00207221
931.197,1.57006,-0.00212975
930.199,1.57004,-0.00218741
929.2,1.57003,-0.0022452
928.202,1.57002,-0.00230311
927.203,1.57001,-0.00236114
926.205,1.57,-0.0024193
925.206,1.56999,-0.00247759
924.208,1.56997,-0.002536
923.209,1.56996,-0.00259454
922.211,1.56995,-0.0026532
921.212,1.56994,-0.002712
920.214,1.56993,-0.00277092
919.215,1.56992,-0.00282996
918.217,1.5699,-0.00288914
917.218,1.56989,-0.00294845
916.22,1.56988,-0.00300788
915.222,1.56987,-0.00306744
914.223,1.56986,-0.00312714
913.225,1.56984,-0.00318696
912.226,1.56983,-0.00324692
911.228,1.56982,-0.00330701
910.229,1.56981,-0.00336723
909.231,1.5698,-0.00342758
908.232,1.56978,-0.00348806
907.234,1.56977,-0.00354868
906.236,1.56976,-0.00360943
905.237,1.56975,-0.00367031
904.239,1.56974,-0.00373133
903.24,1.56972,-0.00379249
902.242,1.56971,-0.00385378
901.244,1.5697,-0.0039152
900.245,1.56969,-0.00397677
899.247,1.56967,-0.00403846
898.248,1.56966,-0.0041003
897.25,1.56965,-0.00416227
896.252,1.56964,-0.00422438
895.253,1.56962,-0.00428663
894.255,1.56961,-0.00434902
893.256,1.5696,-0.00441155
892.258,1.56959,-0.00447422
891.26,1.56957,-0.00453703
890.261,1.56956,-0.00459998
889.263,1.56955,-0.00466307
888.265,1.56954,-0.0047263
887.266,1.56952,-0.00478968
886.268,1.56951,-0.0048532
885.269,1.5695,-0.00491686
884.271,1.56949,-0.00498066
883.273,1.56947,-0.00504461
882.274,1.56946,-0.00510871
881.276,1.56945,-0.00517295
880.278,1.56943,-0.00523733
879.279,1.56942,-0.00530187
878.281,1.56941,-0.00536654
877.283,1.5694,-0.00543137
876.285,1.56938,-0.00549634
875.286,1.56937,-0.00556146
874.288,1.56936,-0.00562673
873.29,1.56934,-0.00569215
872.291,1.56933,-0.00575772
871.293,1.56932,-0.00582344
870.295,1.5693,-0.00588931
869.296,1.56929,-0.00595534
868.298,1.56928,-0.00602151
867.3,1.56926,-0.00608784
866.302,1.56925,-0.00615431
865.303,1.56924,-0.00622095
864.305,1.56922,-0.00628773
863.307,1.56921,-0.00635467
862.309,1.5692,-0.00642177
861.31,1.56918,-0.00648902
860.312,1.56917,-0.00655643
859.314,1.56916,-0.00662399
858.316,1.56914,-0.00669171
857.317,1.56913,-0.00675959
856.319,1.56912,-0.00682763
855.321,1.5691,-0.00689583
854.323,1.56909,-0.00696418
853.324,1.56908,-0.0070327
852.326,1.56906,-0.00710137
851.328,1.56905,-0.00717021
850.33,1.56903,-0.00723921
849.331,1.56902,-0.00730837
848.333,1.56901,-0.0073777
847.335,1.56899,-0.00744718
846.337,1.56898,-0.00751683
845.339,1.56896,-0.00758665
844.341,1.56895,-0.00765663
843.342,1.56894,-0.00772678
842.344,1.56892,-0.00779709
841.346,1.56891,-0.00786757
840.348,1.56889,-0.00793822
839.35,1.56888,-0.00800903
838.352,1.56887,-0.00808002
837.353,1.56885,-0.00815117
836.355,1.56884,-0.00822249
835.357,1.56882,-0.00829399
834.359,1.56881,-0.00836565
833.361,1.56879,-0.00843749
832.363,1.56878,-0.0085095
831.365,1.56877,-0.00858168
830.366,1.56875,-0.00865403
829.368,1.56874,-0.00872656
828.37,1.56872,-0.00879927
827.372,1.56871,-0.00887215
826.374,1.56869,-0.0089452
825.376,1.56868,-0.00901844
824.378,1.56866,-0.00909185
823.38,1.56865,-0.00916543
822.382,1.56863,-0.0092392
821.383,1.56862,-0.00931315
820.385,1.5686,-0.00938727
819.387,1.56859,-0.00946158
818.389,1.56858,-0.00953607
817.391,1.56856,-0.00961074
816.393,1.56855,-0.00968559
815.395,1.56853,-0.00976063
814.397,1.56852,-0.00983585
813.399,1.5685,-0.00991125
812.401,1.56848,-0.00998684
811.403,1.56847,-0.0100626
810.405,1.56845,-0.0101386
809.407,1.56844,-0.0102147
808.409,1.56842,-0.0102911
807.411,1.56841,-0.0103676
806.413,1.56839,-0.0104443
805.415,1.56838,-0.0105212
804.417,1.56836,-0.0105983
803.419,1.56835,-0.0106756
802.421,1.56833,-0.0107531
801.423,1.56832,-0.0108308
800.425,1.5683,-0.0109086
799.427,1.56828,-0.0109867
798.429,1.56827,-0.0110649
797.431,1.56825,-0.0111434
796.433,1.56824,-0.011222
795.435,1.56822,-0.0113009
794.437,1.56821,-0.0113799
793.439,1.56819,-0.0114592
792.441,1.56817,-0.0115386
791.443,1.56816,-0.0116183
790.445,1.56814,-0.0116981
789.447,1.56813,-0.0117782
788.449,1.56811,-0.0118584
787.452,1.56809,-0.0119389
786.454,1.56808,-0.0120195
785.456,1.56806,-0.0121004
784.458,1.56805,-0.0121815
783.46,1.56803,-0.0122627
782.462,1.56801,-0.0123442
781.464,1.568,-0.0124259
780.466,1.56798,-0.0125078
779.468,1.56796,-0.0125899
778.471,1.56795,-0.0126722
777.473,1.56793,-0.0127548
776.475,1.56791,-0.0128375
775.477,1.5679,-0.0129205
774.479,1.56788,-0.0130036
773.481,1.56786,-0.013087
772.484,1.56785,-0.0131706
771.486,1.56783,-0.0132544
770.488,1.56781,-0.0133385
769.49,1.5678,-0.0134227
768.492,1.56778,-0.0135072
767.494,1.56776,-0.0135919
766.497,1.56775,-0.0136768
765.499,1.56773,-0.0137619
764.501,1.56771,-0.0138473
763.503,1.5677,-0.0139329
762.506,1.56768,-0.0140187
761.508,1.56766,-0.0141047
760.51,1.56764,-0.014191
759.512,1.56763,-0.0142774
758.514,1.56761,-0.0143641
757.517,1.56759,-0.0144511
756.519,1.56757,-0.0145382
755.521,1.56756,-0.0146256
754.524,1.56754,-0.0147133
753.526,1.56752,-0.0148011
752.528,1.5675,-0.0148892
751.53,1.56749,-0.0149775
750.533,1.56747,-0.0150661
749.535,1.56745,-0.0151549
748.537,1.56743,-0.0152439
747.54,1.56742,-0.0153332
746.542,1.5674,-0.0154227
745.544,1.56738,-0.0155125
744.547,1.56736,-0.0156025
743.549,1.56734,-0.0156927
742.551,1.56733,-0.0157832
741.554,1.56731,-0.0158739
740.556,1.56729,-0.0159648
739.558,1.56727,-0.016056
738.561,1.56725,-0.0161475
737.563,1.56723,-0.0162392
736.565,1.56722,-0.0163312
735.568,1.5672,-0.0164234
734.57,1.56718,-0.0165158
733.573,1.56716,-0.0166085
732.575,1.56714,-0.0167015
731.578,1.56712,-0.0167947
730.58,1.5671,-0.0168881
729.582,1.56709,-0.0169818
728.585,1.56707,-0.0170758
727.587,1.56705,-0.0171701
726.59,1.56703,-0.0172645
725.592,1.56701,-0.0173593
724.595,1.56699,-0.0174543
723.597,1.56697,-0.0175496
722.6,1.56695,-0.0176451
721.602,1.56693,-0.0177409
720.605,1.56692,-0.017837
719.607,1.5669,-0.0179333
718.61,1.56688,-0.0180299
717.612,1.56686,-0.0181268
716.615,1.56684,-0.0182239
715.617,1.56682,-0.0183213
714.62,1.5668,-0.018419
713.622,1.56678,-0.018517
712.625,1.56676,-0.0186152
711.627,1.56674,-0.0187137
710.63,1.56672,-0.0188125
709.632,1.5667,-0.0189116
708.635,1.56668,-0.0190109
707.638,1.56666,-0.0191105
706.64,1.56664,-0.0192104
705.643,1.56662,-0.0193106
704.645,1.5666,-0.0194111
703.648,1.56658,-0.0195118
702.651,1.56656,-0.0196128
701.653,1.56654,-0.0197142
700.656,1.56652,-0.0198158
699.658,1.5665,-0.0199177
698.661,1.56648,-0.0200199
697.664,1.56646,-0.0201224
696.666,1.56644,-0.0202251
695.669,1.56642,-0.0203282
694.672,1.5664,-0.0204316
693.675,1.56638,-0.0205353
692.677,1.56635,-0.0206392
691.68,1.56633,-0.0207435
690.683,1.56631,-0.0208481
689.685,1.56629,-0.0209529
688.688,1.56627,-0.0210581
687.691,1.56625,-0.0211636
686.694,1.56623,-0.0212694
685.696,1.56621,-0.0213755
684.699,1.56619,-0.0214819
683.702,1.56617,-0.0215886
682.705,1.56614,-0.0216956
681.707,1.56612,-0.0218029
680.71,1.5661,-0.0219106
679.713,1.56608,-0.0220186
678.716,1.56606,-0.0221269
677.719,1.56604,-0.0222355
676.721,1.56601,-0.0223444
675.724,1.56599,-0.0224536
674.727,1.56597,-0.0225632
673.73,1.56595,-0.0226731
672.733,1.56593,-0.0227833
671.736,1.5659,-0.0228939
670.739,1.56588,-0.0230047
669.741,1.56586,-0.0231159
668.744,1.56584,-0.0232275
667.747,1.56582,-0.0233394
666.75,1.56579,-0.0234516
665.753,1.56577,-0.0235641
664.756,1.56575,-0.023677
663.759,1.56572,-0.0237902
662.762,1.5657,-0.0239038
661.765,1.56568,-0.0240177
660.768,1.56566,-0.0241319
659.771,1.56563,-0.0242465
658.774,1.56561,-0.0243614
657.777,1.56559,-0.0244767
656.78,1.56556,-0.0245924
655.783,1.56554,-0.0247084
654.786,1.56552,-0.0248247
653.789,1.56549,-0.0249414
652.792,1.56547,-0.0250585
651.795,1.56545,-0.0251759
650.798,1.56542,-0.0252936
649.801,1.5654,-0.0254118
648.804,1.56538,-0.0255303
647.807,1.56535,-0.0256491
646.81,1.56533,-0.0257684
645.813,1.56531,-0.025888
644.816,1.56528,-0.0260079
643.82,1.56526,-0.0261283
642.823,1.56523,-0.026249
641.826,1.56521,-0.0263701
640.829,1.56518,-0.0264915
639.832,1.56516,-0.0266134
638.835,1.56514,-0.0267356
637.838,1.56511,-0.0268582
636.842,1.56509,-0.0269812
635.845,1.56506,-0.0271046
634.848,1.56504,-0.0272283
633.851,1.56501,-0.0273525
632.855,1.56499,-0.027477
631.858,1.56496,-0.0276019
630.861,1.56494,-0.0277273
629.864,1.56491,-0.027853
628.868,1.56489,-0.0279791
627.871,1.56486,-0.0281057
626.874,1.56484,-0.0282326
625.877,1.56481,-0.0283599
624.881,1.56479,-0.0284877
623.884,1.56476,-0.0286158
622.887,1.56473,-0.0287444
621.891,1.56471,-0.0288733
620.894,1.56468,-0.0290027
619.897,1.56466,-0.0291325
618.901,1.56463,-0.0292628
617.904,1.5646,-0.0293934
616.908,1.56458,-0.0295245
615.911,1.56455,-0.0296559
614.914,1.56453,-0.0297879
613.918,1.5645,-0.0299202
612.921,1.56447,-0.030053
611.925,1.56445,-0.0301862
610.928,1.56442,-0.0303198
609.932,1.56439,-0.0304539
608.935,1.56437,-0.0305884
607.939,1.56434,-0.0307234
606.942,1.56431,-0.0308588
605.946,1.56428,-0.0309946
604.949,1.56426,-0.0311309
603.953,1.56423,-0.0312676
602.956,1.5642,-0.0314048
601.96,1.56418,-0.0315425
600.964,1.56415,-0.0316806
599.967,1.56412,-0.0318192
598.971,1.56409,-0.0319582
597.974,1.56406,-0.0320977
596.978,1.56404,-0.0322376
595.982,1.56401,-0.0323781
594.985,1.56398,-0.0325189
593.989,1.56395,-0.0326603
592.993,1.56392,-0.0328022
591.996,1.5639,-0.0329445
591,1.56387,-0.0330873
590.004,1.56384,-0.0332306
589.007,1.56381,-0.0333743
588.011,1.56378,-0.0335186
587.015,1.56375,-0.0336633
586.019,1.56372,-0.0338086
585.023,1.56369,-0.0339543
584.026,1.56366,-0.0341005
583.03,1.56363,-0.0342473
582.034,1.56361,-0.0343945
581.038,1.56358,-0.0345422
580.042,1.56355,-0.0346905
579.045,1.56352,-0.0348392
578.049,1.56349,-0.0349885
577.053,1.56346,-0.0351383
576.057,1.56343,-0.0352886
575.061,1.5634,-0.0354394
574.065,1.56337,-0.0355908
573.069,1.56334,-0.0357426
572.073,1.56331,-0.035895
571.077,1.56327,-0.036048
570.081,1.56324,-0.0362014
569.085,1.56321,-0.0363554
568.089,1.56318,-0.03651
567.093,1.56315,-0.0366651
566.097,1.56312,-0.0368207
565.101,1.56309,-0.0369769
564.105,1.56306,-0.0371336
563.109,1.56303,-0.0372909
562.113,1.56299,-0.0374488
561.117,1.56296,-0.0376072
560.121,1.56293,-0.0377661
559.126,1.5629,-0.0379257
558.13,1.56287,-0.0380858
557.134,1.56284,-0.0382465
556.138,1.5628,-0.0384077
555.142,1.56277,-0.0385696
554.146,1.56274,-0.038732
553.151,1.56271,-0.038895
552.155,1.56267,-0.0390586
551.159,1.56264,-0.0392228
550.163,1.56261,-0.0393875
549.168,1.56257,-0.0395529
548.172,1.56254,-0.0397189
547.176,1.56251,-0.0398855
546.181,1.56247,-0.0400527
545.185,1.56244,-0.0402205
544.189,1.56241,-0.0403889
543.194,1.56237,-0.0405579
542.198,1.56234,-0.0407276
541.203,1.56231,-0.0408978
540.207,1.56227,-0.0410687
539.211,1.56224,-0.0412403
538.216,1.5622,-0.0414124
537.22,1.56217,-0.0415853
536.225,1.56213,-0.0417587
535.229,1.5621,-0.0419328
534.234,1.56206,-0.0421076
533.239,1.56203,-0.042283
532.243,1.56199,-0.042459
531.248,1.56196,-0.0426357
530.252,1.56192,-0.0428131
529.257,1.56189,-0.0429911
528.262,1.56185,-0.0431699
527.266,1.56182,-0.0433493
526.271,1.56178,-0.0435293
525.276,1.56174,-0.0437101
524.28,1.56171,-0.0438915
523.285,1.56167,-0.0440737
522.29,1.56163,-0.0442565
521.294,1.5616,-0.04444
520.299,1.56156,-0.0446242
519.304,1.56152,-0.0448092
518.309,1.56149,-0.0449948
517.314,1.56145,-0.0451812
516.319,1.56141,-0.0453683
515.323,1.56138,-0.0455561
514.328,1.56134,-0.0457446
513.333,1.5613,-0.0459339
512.338,1.56126,-0.0461238
511.343,1.56122,-0.0463146
510.348,1.56119,-0.0465061
509.353,1.56115,-0.0466983
508.358,1.56111,-0.0468913
507.363,1.56107,-0.047085
506.368,1.56103,-0.0472795
505.373,1.56099,-0.0474748
504.378,1.56095,-0.0476708
503.383,1.56091,-0.0478676
502.388,1.56087,-0.0480652
501.394,1.56083,-0.0482636
500.399,1.56079,-0.0484628
499.404,1.56075,-0.0486627
498.409,1.56071,-0.0488635
497.414,1.56067,-0.049065
496.42,1.56063,-0.0492674
495.425,1.56059,-0.0494706
494.43,1.56055,-0.0496746
493.436,1.56051,-0.0498794
492.441,1.56047,-0.0500851
491.446,1.56043,-0.0502916
490.452,1.56039,-0.0504989
489.457,1.56035,-0.0507071
488.462,1.5603,-0.0509161
487.468,1.56026,-0.0511259
486.473,1.56022,-0.0513367
485.479,1.56018,-0.0515483
484.484,1.56014,-0.0517607
483.49,1.56009,-0.0519741
482.495,1.56005,-0.0521883
481.501,1.56001,-0.0524034
480.507,1.55996,-0.0526194
479.512,1.55992,-0.0528363
478.518,1.55988,-0.053054
477.524,1.55983,-0.0532727
476.529,1.55979,-0.0534924
475.535,1.55975,-0.0537129
474.541,1.5597,-0.0539343
473.547,1.55966,-0.0541567
472.552,1.55961,-0.05438
471.558,1.55957,-0.0546043
470.564,1.55952,-0.0548295
469.57,1.55948,-0.0550557
468.576,1.55943,-0.0552828
467.582,1.55939,-0.0555109
466.588,1.55934,-0.05574
465.594,1.5593,-0.05597
464.6,1.55925,-0.056201
463.606,1.5592,-0.0564331
462.612,1.55916,-0.0566661
461.618,1.55911,-0.0569001
460.624,1.55906,-0.0571351
459.63,1.55902,-0.0573712
458.636,1.55897,-0.0576083
457.642,1.55892,-0.0578464
456.648,1.55887,-0.0580855
455.655,1.55883,-0.0583257
454.661,1.55878,-0.0585669
453.667,1.55873,-0.0588092
452.674,1.55868,-0.0590526
451.68,1.55863,-0.059297
450.686,1.55858,-0.0595425
449.693,1.55853,-0.0597891
448.699,1.55848,-0.0600368
447.705,1.55843,-0.0602856
446.712,1.55838,-0.0605355
445.718,1.55833,-0.0607865
444.725,1.55828,-0.0610386
443.732,1.55823,-0.0612919
442.738,1.55818,-0.0615463
441.745,1.55813,-0.0618018
440.751,1.55808,-0.0620585
439.758,1.55803,-0.0623164
438.765,1.55798,-0.0625754
437.772,1.55793,-0.0628356
436.778,1.55787,-0.063097
435.785,1.55782,-0.0633596
434.792,1.55777,-0.0636234
433.799,1.55772,-0.0638883
432.806,1.55766,-0.0641545
431.813,1.55761,-0.064422
430.82,1.55756,-0.0646906
429.827,1.5575,-0.0649605
428.834,1.55745,-0.0652317
427.841,1.55739,-0.0655041
426.848,1.55734,-0.0657778
425.855,1.55728,-0.0660528
424.862,1.55723,-0.066329
423.869,1.55717,-0.0666066
422.877,1.55712,-0.0668854
421.884,1.55706,-0.0671656
420.891,1.55701,-0.067447
419.899,1.55695,-0.0677299
418.906,1.55689,-0.068014
417.913,1.55684,-0.0682995
416.921,1.55678,-0.0685864
415.928,1.55672,-0.0688746
414.936,1.55666,-0.0691643
413.943,1.5566,-0.0694553
412.951,1.55655,-0.0697477
411.959,1.55649,-0.0700415
410.966,1.55643,-0.0703367
409.974,1.55637,-0.0706334
408.982,1.55631,-0.0709315
407.99,1.55625,-0.0712311
406.997,1.55619,-0.0715321
406.005,1.55613,-0.0718346
405.013,1.55607,-0.0721386
404.021,1.55601,-0.072444
403.029,1.55595,-0.072751
402.037,1.55589,-0.0730595
401.045,1.55582,-0.0733695
400.053,1.55576,-0.0736811
399.061,1.5557,-0.0739942
398.069,1.55564,-0.0743089
397.078,1.55557,-0.0746251
396.086,1.55551,-0.074943
395.094,1.55545,-0.0752624
394.102,1.55538,-0.0755834
393.111,1.55532,-0.0759061
392.119,1.55525,-0.0762304
391.128,1.55519,-0.0765563
390.136,1.55512,-0.0768839
389.145,1.55506,-0.0772132
388.153,1.55499,-0.0775441
387.162,1.55493,-0.0778768
386.171,1.55486,-0.0782111
385.179,1.55479,-0.0785472
384.188,1.55472,-0.078885
383.197,1.55466,-0.0792246
382.206,1.55459,-0.0795659
381.215,1.55452,-0.079909
380.224,1.55445,-0.0802539
379.233,1.55438,-0.0806006
378.242,1.55431,-0.0809491
377.251,1.55424,-0.0812995
376.26,1.55417,-0.0816517
375.269,1.5541,-0.0820057
374.278,1.55403,-0.0823616
373.288,1.55396,-0.0827195
372.297,1.55389,-0.0830792
371.306,1.55382,-0.0834409
370.316,1.55374,-0.0838044
369.325,1.55367,-0.08417
368.335,1.5536,-0.0845375
367.344,1.55352,-0.084907
366.354,1.55345,-0.0852785
365.364,1.55338,-0.085652
364.374,1.5533,-0.0860275
363.383,1.55323,-0.0864051
362.393,1.55315,-0.0867848
361.403,1.55307,-0.0871665
360.413,1.553,-0.0875504
359.423,1.55292,-0.0879363
358.433,1.55284,-0.0883244
357.443,1.55277,-0.0887146
356.454,1.55269,-0.0891071
355.464,1.55261,-0.0895016
354.474,1.55253,-0.0898985
353.484,1.55245,-0.0902975
352.495,1.55237,-0.0906988
351.505,1.55229,-0.0911023
350.516,1.55221,-0.0915081
349.526,1.55213,-0.0919162
348.537,1.55205,-0.0923266
347.548,1.55196,-0.0927394
346.559,1.55188,-0.0931545
345.569,1.5518,-0.0935721
344.58,1.55172,-0.093992
343.591,1.55163,-0.0944143
342.602,1.55155,-0.0948391
341.613,1.55146,-0.0952663
340.625,1.55138,-0.095696
339.636,1.55129,-0.0961282
338.647,1.5512,-0.096563
337.658,1.55112,-0.0970003
336.67,1.55103,-0.0974402
335.681,1.55094,-0.0978826
334.693,1.55085,-0.0983277
333.705,1.55076,-0.0987754
332.716,1.55067,-0.0992258
331.728,1.55058,-0.0996789
330.74,1.55049,-0.100135
329.752,1.5504,-0.100593
328.764,1.55031,-0.101054
327.776,1.55022,-0.101519
326.788,1.55012,-0.101985
325.8,1.55003,-0.102455
324.812,1.54994,-0.102928
323.825,1.54984,-0.103403
322.837,1.54975,-0.103881
321.85,1.54965,-0.104363
320.862,1.54956,-0.104847
319.875,1.54946,-0.105334
318.888,1.54936,-0.105825
317.9,1.54926,-0.106318
316.913,1.54916,-0.106814
315.926,1.54907,-0.107314
314.939,1.54897,-0.107816
313.953,1.54886,-0.108322
312.966,1.54876,-0.108831
311.979,1.54866,-0.109344
310.993,1.54856,-0.109859
310.006,1.54846,-0.110378
309.02,1.54835,-0.1109
308.033,1.54825,-0.111425
307.047,1.54814,-0.111954
306.061,1.54804,-0.112486
305.075,1.54793,-0.113022
304.089,1.54782,-0.113561
303.103,1.54772,-0.114104
302.117,1.54761,-0.11465
301.131,1.5475,-0.1152
300.146,1.54739,-0.115753
299.16,1.54728,-0.11631
298.175,1.54717,-0.116871
297.189,1.54705,-0.117436
296.204,1.54694,-0.118004
295.219,1.54683,-0.118576
294.234,1.54671,-0.119152
293.249,1.5466,-0.119731
292.264,1.54648,-0.120315
291.28,1.54637,-0.120903
290.295,1.54625,-0.121494
289.31,1.54613,-0.12209
288.326,1.54601,-0.12269
287.342,1.54589,-0.123293
286.357,1.54577,-0.123901
285.373,1.54565,-0.124514
284.389,1.54553,-0.12513
283.406,1.5454,-0.125751
282.422,1.54528,-0.126376
281.438,1.54516,-0.127005
280.455,1.54503,-0.127639
279.471,1.5449,-0.128277
278.488,1.54478,-0.12892
277.505,1.54465,-0.129568
276.522,1.54452,-0.13022
275.539,1.54439,-0.130876
274.556,1.54426,-0.131538
273.573,1.54413,-0.132204
272.591,1.54399,-0.132875
271.608,1.54386,-0.133551
270.626,1.54372,-0.134231
269.644,1.54359,-0.134917
268.662,1.54345,-0.135608
267.68,1.54331,-0.136303
266.698,1.54317,-0.137004
265.717,1.54303,-0.13771
264.735,1.54289,-0.138422
263.754,1.54275,-0.139138
262.773,1.54261,-0.13986
261.792,1.54246,-0.140588
260.811,1.54232,-0.141321
259.83,1.54217,-0.142059
258.849,1.54203,-0.142803
257.869,1.54188,-0.143553
256.888,1.54173,-0.144309
255.908,1.54158,-0.14507
254.928,1.54143,-0.145837
253.948,1.54127,-0.14661
252.969,1.54112,-0.147389
251.989,1.54096,-0.148174
251.01,1.54081,-0.148965
250.03,1.54065,-0.149763
249.051,1.54049,-0.150567
248.072,1.54033,-0.151377
247.094,1.54017,-0.152193
246.115,1.54001,-0.153016
245.137,1.53984,-0.153846
244.158,1.53968,-0.154682
243.18,1.53951,-0.155526
242.203,1.53934,-0.156375
241.225,1.53917,-0.157232
240.247,1.539,-0.158096
239.27,1.53883,-0.158967
238.293,1.53866,-0.159845
237.316,1.53848,-0.16073
236.339,1.53831,-0.161623
235.363,1.53813,-0.162523
234.386,1.53795,-0.16343
233.41,1.53777,-0.164345
232.434,1.53759,-0.165268
231.459,1.5374,-0.166199
230.483,1.53722,-0.167137
229.508,1.53703,-0.168084
228.533,1.53684,-0.169038
227.558,1.53665,-0.170001
226.583,1.53646,-0.170972
225.609,1.53627,-0.171952
224.634,1.53608,-0.17294
223.66,1.53588,-0.173937
222.687,1.53568,-0.174942
221.713,1.53548,-0.175956
220.74,1.53528,-0.17698
219.767,1.53508,-0.178012
218.794,1.53487,-0.179053
217.821,1.53467,-0.180104
216.849,1.53446,-0.181165
215.877,1.53425,-0.182234
214.905,1.53403,-0.183314
213.933,1.53382,-0.184403
212.962,1.5336,-0.185503
211.991,1.53339,-0.186612
211.02,1.53317,-0.187732
210.05,1.53294,-0.188862
209.08,1.53272,-0.190003
208.11,1.53249,-0.191154
207.14,1.53227,-0.192316
206.171,1.53204,-0.193489
205.201,1.5318,-0.194673
204.233,1.53157,-0.195869
203.264,1.53133,-0.197076
202.296,1.53109,-0.198294
201.328,1.53085,-0.199524
200.361,1.53061,-0.200766
199.393,1.53036,-0.202021
198.427,1.53012,-0.203287
197.46,1.52987,-0.204566
196.494,1.52961,-0.205858
195.528,1.52936,-0.207162
194.562,1.5291,-0.208479
193.597,1.52884,-0.20981
192.632,1.52858,-0.211154
191.668,1.52831,-0.212511
190.704,1.52804,-0.213882
189.74,1.52777,-0.215267
188.777,1.5275,-0.216667
187.814,1.52722,-0.218081
186.851,1.52694,-0.219509
185.889,1.52666,-0.220952
184.927,1.52638,-0.222411
183.965,1.52609,-0.223884
183.004,1.5258,-0.225373
182.044,1.52551,-0.226878
181.084,1.52521,-0.228399
180.124,1.52491,-0.229936
179.165,1.52461,-0.23149
178.206,1.5243,-0.233061
177.247,1.524,-0.234648
176.29,1.52368,-0.236253
175.332,1.52337,-0.237876
174.375,1.52305,-0.239516
173.419,1.52273,-0.241175
172.463,1.5224,-0.242852
171.507,1.52207,-0.244548
170.552,1.52174,-0.246262
169.598,1.5214,-0.247997
168.644,1.52106,-0.249751
167.69,1.52072,-0.251525
166.737,1.52037,-0.253319
165.785,1.52002,-0.255134
164.833,1.51967,-0.25697
163.882,1.51931,-0.258828
162.932,1.51894,-0.260707
161.982,1.51858,-0.262608
161.032,1.5182,-0.264532
160.083,1.51783,-0.266479
159.135,1.51745,-0.26845
158.188,1.51706,-0.270444
157.241,1.51668,-0.272462
156.295,1.51628,-0.274504
155.349,1.51588,-0.276572
154.404,1.51548,-0.278665
153.46,1.51507,-0.280784
152.516,1.51466,-0.282929
151.574,1.51425,-0.285101
150.632,1.51382,-0.287301
149.69,1.5134,-0.289528
148.75,1.51296,-0.291784
147.81,1.51253,-0.294068
146.871,1.51208,-0.296382
145.933,1.51164,-0.298726
144.996,1.51118,-0.3011
144.059,1.51072,-0.303505
143.124,1.51026,-0.305942
142.189,1.50979,-0.308412
141.255,1.50931,-0.310914
140.322,1.50883,-0.313449
139.39,1.50834,-0.316019
138.459,1.50784,-0.318623
137.529,1.50734,-0.321263
136.6,1.50683,-0.323939
135.672,1.50632,-0.326652
134.745,1.5058,-0.329402
133.819,1.50527,-0.332191
132.894,1.50474,-0.335019
131.97,1.5042,-0.337887
131.047,1.50365,-0.340795
130.126,1.50309,-0.343745
129.205,1.50253,-0.346737
128.286,1.50196,-0.349773
127.368,1.50138,-0.352853
126.451,1.50079,-0.355977
125.535,1.5002,-0.359148
124.621,1.49959,-0.362365
123.708,1.49898,-0.365631
122.797,1.49836,-0.368945
121.886,1.49774,-0.372309
120.978,1.4971,-0.375724
120.07,1.49646,-0.379191
119.164,1.4958,-0.382711
118.26,1.49514,-0.386286
117.357,1.49447,-0.389916
116.456,1.49378,-0.393603
115.556,1.49309,-0.397348
114.658,1.49239,-0.401152
113.762,1.49168,-0.405017
112.867,1.49096,-0.408943
111.975,1.49022,-0.412933
111.084,1.48948,-0.416987
110.194,1.48873,-0.421108
109.307,1.48796,-0.425296
108.422,1.48719,-0.429553
107.539,1.4864,-0.433881
106.658,1.4856,-0.438281
105.778,1.48479,-0.442755
104.902,1.48397,-0.447305
104.027,1.48313,-0.451932
103.154,1.48229,-0.456638
102.284,1.48143,-0.461426
101.416,1.48056,-0.466296
100.551,1.47967,-0.471251
99.6883,1.47877,-0.476293
98.8281,1.47786,-0.481424
97.9705,1.47693,-0.486646
97.1156,1.47599,-0.491962
96.2635,1.47504,-0.497372
95.4142,1.47407,-0.502881
94.5679,1.47309,-0.508489
93.7246,1.47209,-0.5142
92.8843,1.47108,-0.520015
92.0473,1.47005,-0.525938
91.2135,1.469,-0.531971
90.383,1.46794,-0.538117
89.556,1.46687,-0.544378
88.7326,1.46577,-0.550757
87.9128,1.46467,-0.557257
87.0967,1.46354,-0.563881
86.2845,1.4624,-0.570631
85.4762,1.46124,-0.577512
84.672,1.46006,-0.584526
83.872,1.45887,-0.591676
83.0763,1.45766,-0.598966
82.285,1.45643,-0.606398
81.4982,1.45519,-0.613977
80.7162,1.45392,-0.621706
79.939,1.45264,-0.629588
79.1667,1.45134,-0.637627
78.3996,1.45002,-0.645827
77.6377,1.44868,-0.654192
76.8813,1.44733,-0.662725
76.1304,1.44595,-0.67143
75.3853,1.44456,-0.680311
74.646,1.44315,-0.689373
73.9129,1.44172,-0.698618
73.186,1.44028,-0.708053
72.4656,1.43881,-0.717679
71.7519,1.43733,-0.727502
71.045,1.43583,-0.737526
70.3452,1.43432,-0.747755
69.6526,1.43279,-0.758194
68.9675,1.43124,-0.768846
68.2901,1.42968,-0.779715
67.6207,1.4281,-0.790807
66.9594,1.42651,-0.802124
66.3065,1.4249,-0.813672
65.6623,1.42328,-0.825454
65.0271,1.42165,-0.837474
64.401,1.42001,-0.849736
63.7843,1.41836,-0.862243
63.1774,1.4167,-0.875
62.5804,1.41503,-0.88801
61.9938,1.41336,-0.901275
61.4177,1.41168,-0.914799
60.8525,1.41,-0.928585
60.2985,1.40832,-0.942634
59.756,1.40664,-0.956951
59.2252,1.40496,-0.971535
58.7066,1.40328,-0.986388
58.2004,1.40162,-1.00151
57.7069,1.39996,-1.01691
57.2266,1.39832,-1.03258
56.7596,1.39669,-1.04851
56.3064,1.39508,-1.06472
55.8672,1.39349,-1.0812
55.4424,1.39192,-1.09794
55.0324,1.39038,-1.11495
54.6374,1.38887,-1.13222
54.2578,1.38739,-1.14974
53.8939,1.38594,-1.16752
53.5459,1.38454,-1.18554
53.2143,1.38318,-1.20381
52.8993,1.38186,-1.2223
52.6013,1.3806,-1.24103
52.3204,1.37939,-1.25996
52.057,1.37823,-1.27911
51.8113,1.37714,-1.29845
51.5836,1.3761,-1.31798
51.3741,1.37514,-1.33768
51.1831,1.37424,-1.35755
51.0107,1.37341,-1.37756
50.8571,1.37266,-1.39771
50.7225,1.37198,-1.41798
50.607,1.37139,-1.43835
50.5109,1.37087,-1.45882
50.4341,1.37044,-1.47935
50.3767,1.37009,-1.49995
50.3389,1.36982,-1.52059
50.3207,1.36964,-1.54125
50.322,1.36955,-1.56192
50.343,1.36954,-1.58259
50.3835,1.36961,-1.60322
50.4435,1.36978,-1.62382
50.523,1.37002,-1.64435
50.6218,1.37035,-1.66481
50.7399,1.37077,-1.68518
50.8771,1.37126,-1.70545
51.0333,1.37183,-1.72559
51.2083,1.37247,-1.7456
51.4019,1.37319,-1.76546
51.6139,1.37398,-1.78515
51.8441,1.37484,-1.80468
52.0922,1.37577,-1.82401
52.358,1.37675,-1.84315
52.6413,1.3778,-1.86208
52.9417,1.3789,-1.88079
53.259,1.38005,-1.89928
53.5928,1.38125,-1.91753
53.9429,1.3825,-1.93555
54.309,1.38379,-1.95332
54.6908,1.38512,-1.97083
55.0878,1.38649,-1.98809
55.4999,1.38789,-2.00509
55.9266,1.38931,-2.02182
56.3677,1.39077,-2.03829
56.8228,1.39224,-2.05448
57.2916,1.39374,-2.07041
57.7738,1.39526,-2.08607
58.269,1.39679,-2.10145
58.7769,1.39833,-2.11657
59.2972,1.39989,-2.13141
59.8295,1.40145,-2.14598
60.3736,1.40302,-2.16029
60.9291,1.40459,-2.17433
61.4958,1.40617,-2.1881
62.0733,1.40774,-2.20162
62.6614,1.40931,-2.21487
63.2597,1.41088,-2.22787
63.8679,1.41245,-2.24062
64.4858,1.41401,-2.25312
65.1132,1.41556,-2.26537
65.7497,1.4171,-2.27738
66.395,1.41864,-2.28915
67.049,1.42016,-2.30069
67.7114,1.42167,-2.312
68.3819,1.42317,-2.32308
69.0603,1.42466,-2.33394
69.7464,1.42614,-2.34459
70.44,1.4276,-2.35501
71.1407,1.42904,-2.36524
71.8485,1.43047,-2.37525
72.5632,1.43189,-2.38507
73.2844,1.43329,-2.39469
74.0121,1.43468,-2.40411
74.7461,1.43604,-2.41335
75.4861,1.4374,-2.4224
76.232,1.43873,-2.43128
76.9836,1.44005,-2.43998
77.7408,1.44135,-2.4485
78.5034,1.44264,-2.45686
79.2712,1.44391,-2.46505
80.0441,1.44516,-2.47309
80.8219,1.4464,-2.48096
81.6046,1.44761,-2.48868
82.3919,1.44882,-2.49626
83.1838,1.45,-2.50368
83.9801,1.45117,-2.51097
84.7807,1.45232,-2.51811
85.5854,1.45346,-2.52512
86.3942,1.45458,-2.532
87.2069,1.45569,-2.53874
88.0235,1.45677,-2.54536
88.8438,1.45785,-2.55185
89.6677,1.45891,-2.55823
90.4952,1.45995,-2.56448
91.3261,1.46098,-2.57063
92.1603,1.46199,-2.57665
92.9977,1.46299,-2.58257
93.8384,1.46397,-2.58838
94.6821,1.46494,-2.59409
95.5288,1.46589,-2.59969
96.3784,1.46683,-2.6052
97.2309,1.46776,-2.6106
98.0862,1.46868,-2.61592
98.9441,1.46958,-2.62113
99.8047,1.47046,-2.62626
100.668,1.47134,-2.6313
101.533,1.4722,-2.63625
102.402,1.47305,-2.64112
103.272,1.47389,-2.6459
104.145,1.47471,-2.6506
105.02,1.47553,-2.65523
105.897,1.47633,-2.65977
106.776,1.47712,-2.66425
107.658,1.4779,-2.66864
108.541,1.47866,-2.67297
109.427,1.47942,-2.67722
110.314,1.48017,-2.68141
111.204,1.4809,-2.68552
112.095,1.48163,-2.68958
112.988,1.48234,-2.69356
113.883,1.48305,-2.69749
114.779,1.48375,-2.70135
115.677,1.48443,-2.70515
116.577,1.48511,-2.70889
117.479,1.48577,-2.71258
118.382,1.48643,-2.7162
119.286,1.48708,-2.71978
120.192,1.48772,-2.72329
121.1,1.48835,-2.72676
122.009,1.48898,-2.73017
122.919,1.48959,-2.73353
123.831,1.4902,-2.73685
124.744,1.49079,-2.74011
125.659,1.49138,-2.74332
126.574,1.49197,-2.74649
127.491,1.49254,-2.74962
128.41,1.49311,-2.75269
129.329,1.49367,-2.75573
130.25,1.49422,-2.75872
131.171,1.49477,-2.76167
132.094,1.4953,-2.76457
133.018,1.49583,-2.76744
133.944,1.49636,-2.77026
134.87,1.49688,-2.77305
135.797,1.49739,-2.7758
136.725,1.49789,-2.77851
137.654,1.49839,-2.78119
138.585,1.49888,-2.78382
139.516,1.49937,-2.78643
140.448,1.49985,-2.789
141.381,1.50032,-2.79153
142.315,1.50079,-2.79403
143.25,1.50126,-2.7965
144.185,1.50171,-2.79893
145.122,1.50216,-2.80134
146.059,1.50261,-2.80371
146.998,1.50305,-2.80605
147.937,1.50349,-2.80836
148.876,1.50392,-2.81065
149.817,1.50434,-2.8129
150.758,1.50476,-2.81513
151.7,1.50518,-2.81733
152.643,1.50559,-2.8195
153.587,1.50599,-2.82164
154.531,1.50639,-2.82376
155.476,1.50679,-2.82585
156.422,1.50718,-2.82792
157.368,1.50757,-2.82996
158.315,1.50795,-2.83198
159.263,1.50833,-2.83397
160.211,1.5087,-2.83594
161.16,1.50907,-2.83788
162.109,1.50944,-2.83981
163.059,1.5098,-2.84171
164.01,1.51016,-2.84359
164.961,1.51051,-2.84544
165.913,1.51086,-2.84728
166.865,1.51121,-2.84909
167.818,1.51155,-2.85088
168.772,1.51189,-2.85266
169.726,1.51223,-2.85441
170.68,1.51256,-2.85614
171.636,1.51288,-2.85786
172.591,1.51321,-2.85955
173.547,1.51353,-2.86123
174.504,1.51385,-2.86289
175.461,1.51416,-2.86453
176.418,1.51447,-2.86615
177.376,1.51478,-2.86775
178.335,1.51509,-2.86934
179.294,1.51539,-2.87091
180.253,1.51569,-2.87246
181.213,1.51598,-2.874
182.173,1.51627,-2.87552
183.134,1.51656,-2.87702
184.095,1.51685,-2.87851
185.056,1.51713,-2.87998
186.018,1.51741,-2.88144
186.98,1.51769,-2.88288
187.943,1.51797,-2.88431
188.906,1.51824,-2.88572
189.869,1.51851,-2.88712
190.833,1.51878,-2.88851
191.797,1.51904,-2.88988
192.762,1.5193,-2.89124
193.727,1.51956,-2.89258
194.692,1.51982,-2.89391
195.658,1.52007,-2.89523
196.624,1.52033,-2.89653
197.59,1.52058,-2.89782
198.556,1.52082,-2.8991
199.523,1.52107,-2.90036
200.491,1.52131,-2.90162
201.458,1.52155,-2.90286
202.426,1.52179,-2.90409
203.394,1.52203,-2.90531
204.363,1.52226,-2.90651
205.332,1.52249,-2.90771
206.301,1.52272,-2.90889
207.27,1.52295,-2.91006
208.24,1.52317,-2.91123
209.21,1.5234,-2.91238
210.18,1.52362,-2.91352
211.151,1.52384,-2.91465
212.121,1.52406,-2.91577
213.093,1.52427,-2.91687
214.064,1.52449,-2.91797
215.035,1.5247,-2.91906
216.007,1.52491,-2.92014
216.979,1.52512,-2.92121
217.952,1.52532,-2.92227
218.924,1.52553,-2.92332
219.897,1.52573,-2.92436
220.87,1.52593,-2.92539
221.844,1.52613,-2.92642
222.817,1.52633,-2.92743
223.791,1.52652,-2.92844
224.765,1.52672,-2.92943
225.739,1.52691,-2.93042
226.714,1.5271,-2.9314
227.689,1.52729,-2.93237
228.664,1.52748,-2.93333
229.639,1.52766,-2.93429
230.614,1.52785,-2.93523
231.59,1.52803,-2.93617
232.565,1.52821,-2.9371
233.541,1.52839,-2.93802
234.518,1.52857,-2.93894
235.494,1.52875,-2.93984
236.47,1.52893,-2.94074
237.447,1.5291,-2.94164
238.424,1.52927,-2.94252
239.401,1.52945,-2.9434
240.379,1.52962,-2.94427
241.356,1.52978,-2.94513
242.334,1.52995,-2.94599
243.312,1.53012,-2.94684
244.29,1.53028,-2.94768
245.268,1.53045,-2.94852
246.247,1.53061,-2.94935
247.225,1.53077,-2.95017
248.204,1.53093,-2.95099
249.183,1.53109,-2.9518
250.162,1.53125,-2.9526
251.141,1.5314,-2.9534
252.121,1.53156,-2.95419
253.1,1.53171,-2.95497
254.08,1.53186,-2.95575
255.06,1.53202,-2.95652
256.04,1.53217,-2.95729
257.02,1.53232,-2.95805
258,1.53246,-2.95881
258.981,1.53261,-2.95956
259.962,1.53276,-2.9603
260.942,1.5329,-2.96104
261.923,1.53305,-2.96177
262.904,1.53319,-2.9625
263.886,1.53333,-2.96322
264.867,1.53347,-2.96394
265.848,1.53361,-2.96465
266.83,1.53375,-2.96535
267.812,1.53389,-2.96605
268.794,1.53402,-2.96675
269.776,1.53416,-2.96744
270.758,1.53429,-2.96812
271.74,1.53443,-2.96881
272.723,1.53456,-2.96948
273.705,1.53469,-2.97015
274.688,1.53482,-2.97082
275.671,1.53495,-2.97148
276.654,1.53508,-2.97213
277.637,1.53521,-2.97279
278.62,1.53534,-2.97343
279.603,1.53546,-2.97408
280.587,1.53559,-2.97471
281.57,1.53571,-2.97535
282.554,1.53584,-2.97598
283.538,1.53596,-2.9766
284.522,1.53608,-2.97722
285.506,1.5362,-2.97784
286.49,1.53633,-2.97845
287.474,1.53644,-2.97906
288.458,1.53656,-2.97966
289.443,1.53668,-2.98026
290.427,1.5368,-2.98086
291.412,1.53692,-2.98145
292.396,1.53703,-2.98204
293.381,1.53715,-2.98262
294.366,1.53726,-2.9832
295.351,1.53737,-2.98377
296.336,1.53749,-2.98435
297.322,1.5376,-2.98491
298.307,1.53771,-2.98548
299.292,1.53782,-2.98604
300.278,1.53793,-2.9866
301.264,1.53804,-2.98715
302.249,1.53815,-2.9877
303.235,1.53826,-2.98824
304.221,1.53836,-2.98879
305.207,1.53847,-2.98933
306.193,1.53857,-2.98986
307.179,1.53868,-2.99039
308.166,1.53878,-2.99092
309.152,1.53889,-2.99145
310.138,1.53899,-2.99197
311.125,1.53909,-2.99249
312.112,1.53919,-2.993
313.098,1.5393,-2.99352
314.085,1.5394,-2.99402
315.072,1.5395,-2.99453
316.059,1.53959,-2.99503
317.046,1.53969,-2.99553
318.033,1.53979,-2.99603
319.02,1.53989,-2.99652
320.007,1.53999,-2.99701
320.995,1.54008,-2.9975
321.982,1.54018,-2.99798
322.97,1.54027,-2.99846
323.957,1.54037,-2.99894
324.945,1.54046,-2.99942
325.933,1.54055,-2.99989
326.921,1.54065,-3.00036
327.908,1.54074,-3.00083
328.896,1.54083,-3.00129
329.884,1.54092,-3.00175
330.873,1.54101,-3.00221
331.861,1.5411,-3.00266
332.849,1.54119,-3.00312
333.837,1.54128,-3.00357
334.826,1.54137,-3.00402
335.814,1.54146,-3.00446
336.803,1.54155,-3.0049
337.791,1.54163,-3.00534
338.78,1.54172,-3.00578
339.769,1.5418,-3.00621
340.757,1.54189,-3.00665
341.746,1.54198,-3.00708
342.735,1.54206,-3.0075
343.724,1.54214,-3.00793
344.713,1.54223,-3.00835
345.702,1.54231,-3.00877
346.691,1.54239,-3.00919
347.681,1.54248,-3.0096
348.67,1.54256,-3.01001
349.659,1.54264,-3.01043
350.649,1.54272,-3.01083
351.638,1.5428,-3.01124
352.628,1.54288,-3.01164
353.617,1.54296,-3.01204
354.607,1.54304,-3.01244
355.597,1.54312,-3.01284
356.586,1.54319,-3.01323
357.576,1.54327,-3.01363
358.566,1.54335,-3.01402
359.556,1.54343,-3.0144
360.546,1.5435,-3.01479
361.536,1.54358,-3.01517
362.526,1.54365,-3.01555
363.516,1.54373,-3.01593
364.506,1.5438,-3.01631
365.497,1.54388,-3.01669
366.487,1.54395,-3.01706
367.477,1.54403,-3.01743
368.468,1.5441,-3.0178
369.458,1.54417,-3.01817
370.449,1.54424,-3.01853
371.439,1.54432,-3.0189
372.43,1.54439,-3.01926
373.421,1.54446,-3.01962
374.411,1.54453,-3.01998
375.402,1.5446,-3.02033
376.393,1.54467,-3.02069
377.384,1.54474,-3.02104
378.375,1.54481,-3.02139
379.366,1.54488,-3.02174
380.357,1.54495,-3.02208
381.348,1.54502,-3.02243
382.339,1.54508,-3.02277
383.33,1.54515,-3.02311
384.321,1.54522,-3.02345
385.312,1.54529,-3.02379
386.304,1.54535,-3.02413
387.295,1.54542,-3.02446
388.286,1.54548,-3.02479
389.278,1.54555,-3.02512
390.269,1.54562,-3.02545
391.261,1.54568,-3.02578
392.252,1.54575,-3.02611
393.244,1.54581,-3.02643
394.236,1.54587,-3.02675
395.227,1.54594,-3.02707
396.219,1.546,-3.02739
397.211,1.54606,-3.02771
398.202,1.54613,-3.02803
399.194,1.54619,-3.02834
400.186,1.54625,-3.02865
401.178,1.54631,-3.02897
402.17,1.54637,-3.02928
403.162,1.54644,-3.02958
404.154,1.5465,-3.02989
405.146,1.54656,-3.0302
406.138,1.54662,-3.0305
407.13,1.54668,-3.0308
408.123,1.54674,-3.0311
409.115,1.5468,-3.0314
410.107,1.54686,-3.0317
411.099,1.54691,-3.032
412.092,1.54697,-3.03229
413.084,1.54703,-3.03259
414.077,1.54709,-3.03288
415.069,1.54715,-3.03317
416.062,1.5472,-3.03346
417.054,1.54726,-3.03375
418.047,1.54732,-3.03403
419.039,1.54738,-3.03432
420.032,1.54743,-3.0346
421.025,1.54749,-3.03489
422.017,1.54754,-3.03517
423.01,1.5476,-3.03545
424.003,1.54765,-3.03573
424.996,1.54771,-3.036
425.988,1.54776,-3.03628
426.981,1.54782,-3.03656
427.974,1.54787,-3.03683
428.967,1.54793,-3.0371
429.96,1.54798,-3.03737
430.953,1.54804,-3.03764
431.946,1.54809,-3.03791
432.939,1.54814,-3.03818
433.932,1.54819,-3.03844
434.925,1.54825,-3.03871
435.919,1.5483,-3.03897
436.912,1.54835,-3.03924
437.905,1.5484,-3.0395
438.898,1.54846,-3.03976
439.891,1.54851,-3.04002
440.885,1.54856,-3.04027
441.878,1.54861,-3.04053
442.872,1.54866,-3.04079
443.865,1.54871,-3.04104
444.858,1.54876,-3.04129
445.852,1.54881,-3.04155
446.845,1.54886,-3.0418
447.839,1.54891,-3.04205
448.832,1.54896,-3.0423
449.826,1.54901,-3.04254
450.82,1.54906,-3.04279
451.813,1.54911,-3.04303
452.807,1.54915,-3.04328
453.801,1.5492,-3.04352
454.794,1.54925,-3.04376
455.788,1.5493,-3.04401
456.782,1.54935,-3.04425
457.776,1.54939,-3.04449
458.769,1.54944,-3.04472
459.763,1.54949,-3.04496
460.757,1.54954,-3.0452
461.751,1.54958,-3.04543
462.745,1.54963,-3.04567
463.739,1.54968,-3.0459
464.733,1.54972,-3.04613
465.727,1.54977,-3.04636
466.721,1.54981,-3.04659
467.715,1.54986,-3.04682
468.709,1.5499,-3.04705
469.703,1.54995,-3.04728
470.697,1.54999,-3.0475
471.692,1.55004,-3.04773
472.686,1.55008,-3.04795
473.68,1.55013,-3.04817
474.674,1.55017,-3.0484
475.668,1.55022,-3.04862
476.663,1.55026,-3.04884
477.657,1.5503,-3.04906
478.651,1.55035,-3.04928
479.646,1.55039,-3.04949
480.64,1.55043,-3.04971
481.634,1.55048,-3.04993
482.629,1.55052,-3.05014
483.623,1.55056,-3.05036
484.618,1.5506,-3.05057
485.612,1.55065,-3.05078
486.607,1.55069,-3.05099
487.601,1.55073,-3.0512
488.596,1.55077,-3.05141
489.59,1.55081,-3.05162
490.585,1.55086,-3.05183
491.58,1.5509,-3.05204
492.574,1.55094,-3.05224
493.569,1.55098,-3.05245
494.564,1.55102,-3.05265
495.558,1.55106,-3.05286
496.553,1.5511,-3.05306
497.548,1.55114,-3.05326
498.543,1.55118,-3.05347
499.537,1.55122,-3.05367
500.532,1.55126,-3.05387
501.527,1.5513,-3.05407
502.522,1.55134,-3.05426
503.517,1.55138,-3.05446
504.512,1.55142,-3.05466
505.507,1.55146,-3.05485
506.502,1.5515,-3.05505
507.497,1.55153,-3.05524
508.492,1.55157,-3.05544
509.487,1.55161,-3.05563
510.482,1.55165,-3.05582
511.477,1.55169,-3.05601
512.472,1.55173,-3.0562
513.467,1.55176,-3.05639
514.462,1.5518,-3.05658
515.457,1.55184,-3.05677
516.452,1.55188,-3.05696
517.447,1.55191,-3.05715
518.442,1.55195,-3.05733
519.438,1.55199,-3.05752
520.433,1.55202,-3.0577
521.428,1.55206,-3.05789
522.423,1.5521,-3.05807
523.419,1.55213,-3.05825
524.414,1.55217,-3.05844
525.409,1.55221,-3.05862
526.404,1.55224,-3.0588
527.4,1.55228,-3.05898
528.395,1.55231,-3.05916
529.39,1.55235,-3.05934
530.386,1.55238,-3.05951
531.381,1.55242,-3.05969
532.377,1.55246,-3.05987
533.372,1.55249,-3.06004
534.368,1.55253,-3.06022
535.363,1.55256,-3.06039
536.359,1.55259,-3.06057
537.354,1.55263,-3.06074
538.35,1.55266,-3.06091
539.345,1.5527,-3.06109
540.341,1.55273,-3.06126
541.336,1.55277,-3.06143
542.332,1.5528,-3.0616
543.327,1.55283,-3.06177
544.323,1.55287,-3.06194
545.319,1.5529,-3.06211
546.314,1.55293,-3.06227
547.31,1.55297,-3.06244
548.306,1.553,-3.06261
549.301,1.55303,-3.06277
550.297,1.55307,-3.06294
551.293,1.5531,-3.0631
552.289,1.55313,-3.06327
553.284,1.55316,-3.06343
554.28,1.5532,-3.06359
555.276,1.55323,-3.06376
556.272,1.55326,-3.06392
557.267,1.55329,-3.06408
558.263,1.55333,-3.06424
559.259,1.55336,-3.0644
560.255,1.55339,-3.06456
561.251,1.55342,-3.06472
562.247,1.55345,-3.06488
563.243,1.55348,-3.06504
564.239,1.55352,-3.06519
565.235,1.55355,-3.06535
566.23,1.55358,-3.06551
567.226,1.55361,-3.06566
568.222,1.55364,-3.06582
569.218,1.55367,-3.06597
570.214,1.5537,-3.06612
571.21,1.55373,-3.06628
572.207,1.55376,-3.06643
573.203,1.55379,-3.06658
574.199,1.55382,-3.06674
575.195,1.55385,-3.06689
576.191,1.55388,-3.06704
577.187,1.55391,-3.06719
578.183,1.55394,-3.06734
579.179,1.55397,-3.06749
580.175,1.554,-3.06764
581.171,1.55403,-3.06778
582.168,1.55406,-3.06793
583.164,1.55409,-3.06808
584.16,1.55412,-3.06822
585.156,1.55415,-3.06837
586.152,1.55418,-3.06852
587.149,1.55421,-3.06866
588.145,1.55424,-3.06881
589.141,1.55426,-3.06895
590.137,1.55429,-3.06909
591.134,1.55432,-3.06924
592.13,1.55435,-3.06938
593.126,1.55438,-3.06952
594.123,1.55441,-3.06966
595.119,1.55443,-3.06981
596.115,1.55446,-3.06995
597.112,1.55449,-3.07009
598.108,1.55452,-3.07023
599.104,1.55455,-3.07037
600.101,1.55457,-3.07051
601.097,1.5546,-3.07064
602.094,1.55463,-3.07078
603.09,1.55466,-3.07092
604.087,1.55468,-3.07106
605.083,1.55471,-3.07119
606.079,1.55474,-3.07133
607.076,1.55477,-3.07147
608.072,1.55479,-3.0716
609.069,1.55482,-3.07174
610.065,1.55485,-3.07187
611.062,1.55487,-3.072
612.059,1.5549,-3.07214
613.055,1.55493,-3.07227
614.052,1.55495,-3.0724
615.048,1.55498,-3.07254
616.045,1.55501,-3.07267
617.041,1.55503,-3.0728
618.038,1.55506,-3.07293
619.035,1.55508,-3.07306
620.031,1.55511,-3.07319
621.028,1.55514,-3.07332
622.024,1.55516,-3.07345
623.021,1.55519,-3.07358
624.018,1.55521,-3.07371
625.014,1.55524,-3.07384
626.011,1.55526,-3.07396
627.008,1.55529,-3.07409
628.005,1.55531,-3.07422
629.001,1.55534,-3.07435
629.998,1.55536,-3.07447
630.995,1.55539,-3.0746
631.992,1.55541,-3.07472
632.988,1.55544,-3.07485
633.985,1.55546,-3.07497
634.982,1.55549,-3.0751
635.979,1.55551,-3.07522
636.975,1.55554,-3.07534
637.972,1.55556,-3.07547
638.969,1.55559,-3.07559
639.966,1.55561,-3.07571
640.963,1.55564,-3.07583
641.96,1.55566,-3.07595
642.956,1.55568,-3.07607
643.953,1.55571,-3.0762
644.95,1.55573,-3.07632
645.947,1.55576,-3.07644
646.944,1.55578,-3.07656
647.941,1.5558,-3.07667
648.938,1.55583,-3.07679
649.935,1.55585,-3.07691
650.932,1.55587,-3.07703
651.929,1.5559,-3.07715
652.926,1.55592,-3.07727
653.923,1.55595,-3.07738
654.92,1.55597,-3.0775
655.917,1.55599,-3.07762
656.914,1.55601,-3.07773
657.911,1.55604,-3.07785
658.908,1.55606,-3.07796
659.905,1.55608,-3.07808
660.902,1.55611,-3.07819
661.899,1.55613,-3.07831
662.896,1.55615,-3.07842
663.893,1.55617,-3.07853
664.89,1.5562,-3.07865
665.887,1.55622,-3.07876
666.884,1.55624,-3.07887
667.881,1.55626,-3.07898
668.878,1.55629,-3.0791
669.875,1.55631,-3.07921
670.872,1.55633,-3.07932
671.869,1.55635,-3.07943
672.867,1.55638,-3.07954
673.864,1.5564,-3.07965
674.861,1.55642,-3.07976
675.858,1.55644,-3.07987
676.855,1.55646,-3.07998
677.852,1.55648,-3.08009
678.85,1.55651,-3.0802
679.847,1.55653,-3.0803
680.844,1.55655,-3.08041
681.841,1.55657,-3.08052
682.838,1.55659,-3.08063
683.836,1.55661,-3.08073
684.833,1.55663,-3.08084
685.83,1.55666,-3.08095
686.827,1.55668,-3.08105
687.825,1.5567,-3.08116
688.822,1.55672,-3.08126
689.819,1.55674,-3.08137
690.816,1.55676,-3.08147
691.814,1.55678,-3.08158
692.811,1.5568,-3.08168
693.808,1.55682,-3.08179
694.806,1.55684,-3.08189
695.803,1.55686,-3.08199
696.8,1.55689,-3.0821
697.798,1.55691,-3.0822
698.795,1.55693,-3.0823
699.792,1.55695,-3.0824
700.79,1.55697,-3.08251
701.787,1.55699,-3.08261
702.784,1.55701,-3.08271
703.782,1.55703,-3.08281
704.779,1.55705,-3.08291
705.777,1.55707,-3.08301
706.774,1.55709,-3.08311
707.771,1.55711,-3.08321
708.769,1.55713,-3.08331
709.766,1.55715,-3.08341
710.764,1.55717,-3.08351
711.761,1.55719,-3.08361
712.759,1.55721,-3.08371
713.756,1.55723,-3.08381
714.753,1.55725,-3.0839
715.751,1.55727,-3.084
716.748,1.55728,-3.0841
717.746,1.5573,-3.0842
718.743,1.55732,-3.08429
719.741,1.55734,-3.08439
720.738,1.55736,-3.08448
721.736,1.55738,-3.08458
722.733,1.5574,-3.08468
723.731,1.55742,-3.08477
724.728,1.55744,-3.08487
725.726,1.55746,-3.08496
726.724,1.55748,-3.08506
727.721,1.55749,-3.08515
728.719,1.55751,-3.08525
729.716,1.55753,-3.08534
730.714,1.55755,-3.08543
731.711,1.55757,-3.08553
732.709,1.55759,-3.08562
733.707,1.55761,-3.08571
734.704,1.55763,-3.08581
735.702,1.55764,-3.0859
736.699,1.55766,-3.08599
737.697,1.55768,-3.08608
738.695,1.5577,-3.08617
739.692,1.55772,-3.08627
740.69,1.55774,-3.08636
741.687,1.55775,-3.08645
742.685,1.55777,-3.08654
743.683,1.55779,-3.08663
744.68,1.55781,-3.08672
745.678,1.55783,-3.08681
746.676,1.55784,-3.0869
747.673,1.55786,-3.08699
748.671,1.55788,-3.08708
749.669,1.5579,-3.08717
750.667,1.55791,-3.08726
751.664,1.55793,-3.08734
752.662,1.55795,-3.08743
753.66,1.55797,-3.08752
754.657,1.55798,-3.08761
755.655,1.558,-3.0877
756.653,1.55802,-3.08778
757.651,1.55804,-3.08787
758.648,1.55805,-3.08796
759.646,1.55807,-3.08804
760.644,1.55809,-3.08813
761.642,1.55811,-3.08822
762.639,1.55812,-3.0883
763.637,1.55814,-3.08839
764.635,1.55816,-3.08847
765.633,1.55817,-3.08856
766.631,1.55819,-3.08864
767.628,1.55821,-3.08873
768.626,1.55823,-3.08881
769.624,1.55824,-3.0889
770.622,1.55826,-3.08898
771.62,1.55828,-3.08907
772.617,1.55829,-3.08915
773.615,1.55831,-3.08923
774.613,1.55833,-3.08932
775.611,1.55834,-3.0894
776.609,1.55836,-3.08948
777.607,1.55838,-3.08957
778.604,1.55839,-3.08965
779.602,1.55841,-3.08973
780.6,1.55843,-3.08981
781.598,1.55844,-3.08989
782.596,1.55846,-3.08998
783.594,1.55847,-3.09006
784.592,1.55849,-3.09014
785.59,1.55851,-3.09022
786.588,1.55852,-3.0903
787.585,1.55854,-3.09038
788.583,1.55855,-3.09046
789.581,1.55857,-3.09054
790.579,1.55859,-3.09062
791.577,1.5586,-3.0907
792.575,1.55862,-3.09078
793.573,1.55863,-3.09086
794.571,1.55865,-3.09094
795.569,1.55867,-3.09102
796.567,1.55868,-3.0911
797.565,1.5587,-3.09118
798.563,1.55871,-3.09126
799.561,1.55873,-3.09133
800.559,1.55874,-3.09141
801.557,1.55876,-3.09149
802.555,1.55878,-3.09157
803.553,1.55879,-3.09164
804.551,1.55881,-3.09172
805.549,1.55882,-3.0918
806.547,1.55884,-3.09188
807.545,1.55885,-3.09195
808.543,1.55887,-3.09203
809.541,1.55888,-3.09211
810.539,1.5589,-3.09218
811.537,1.55891,-3.09226
812.535,1.55893,-3.09233
813.533,1.55894,-3.09241
814.531,1.55896,-3.09248
815.529,1.55897,-3.09256
816.527,1.55899,-3.09263
817.525,1.559,-3.09271
818.523,1.55902,-3.09278
819.521,1.55903,-3.09286
820.519,1.55905,-3.09293
821.517,1.55906,-3.09301
822.515,1.55908,-3.09308
823.514,1.55909,-3.09315
824.512,1.55911,-3.09323
825.51,1.55912,-3.0933
826.508,1.55914,-3.09337
827.506,1.55915,-3.09345
828.504,1.55917,-3.09352
829.502,1.55918,-3.09359
830.5,1.55919,-3.09367
831.498,1.55921,-3.09374
832.497,1.55922,-3.09381
833.495,1.55924,-3.09388
834.493,1.55925,-3.09395
835.491,1.55927,-3.09403
836.489,1.55928,-3.0941
837.487,1.55929,-3.09417
838.485,1.55931,-3.09424
839.484,1.55932,-3.09431
840.482,1.55934,-3.09438
841.48,1.55935,-3.09445
842.478,1.55937,-3.09452
843.476,1.55938,-3.09459
844.474,1.55939,-3.09466
845.473,1.55941,-3.09473
846.471,1.55942,-3.0948
847.469,1.55944,-3.09487
848.467,1.55945,-3.09494
849.465,1.55946,-3.09501
850.464,1.55948,-3.09508
851.462,1.55949,-3.09515
852.46,1.5595,-3.09522
853.458,1.55952,-3.09529
854.457,1.55953,-3.09536
855.455,1.55955,-3.09542
856.453,1.55956,-3.09549
857.451,1.55957,-3.09556
858.449,1.55959,-3.09563
859.448,1.5596,-3.0957
860.446,1.55961,-3.09576
861.444,1.55963,-3.09583
862.442,1.55964,-3.0959
863.441,1.55965,-3.09597
864.439,1.55967,-3.09603
865.437,1.55968,-3.0961
866.436,1.55969,-3.09617
867.434,1.55971,-3.09623
868.432,1.55972,-3.0963
869.43,1.55973,-3.09636
870.429,1.55975,-3.09643
871.427,1.55976,-3.0965
872.425,1.55977,-3.09656
873.424,1.55979,-3.09663
874.422,1.5598,-3.09669
875.42,1.55981,-3.09676
876.418,1.55982,-3.09682
877.417,1.55984,-3.09689
878.415,1.55985,-3.09695
879.413,1.55986,-3.09702
880.412,1.55988,-3.09708
881.41,1.55989,-3.09715
882.408,1.5599,-3.09721
883.407,1.55991,-3.09727
884.405,1.55993,-3.09734
885.403,1.55994,-3.0974
886.402,1.55995,-3.09747
887.4,1.55997,-3.09753
888.398,1.55998,-3.09759
889.397,1.55999,-3.09766
890.395,1.56,-3.09772
891.394,1.56002,-3.09778
892.392,1.56003,-3.09785
893.39,1.56004,-3.09791
894.389,1.56005,-3.09797
895.387,1.56007,-3.09803
896.385,1.56008,-3.09809
897.384,1.56009,-3.09816
898.382,1.5601,-3.09822
899.381,1.56012,-3.09828
900.379,1.56013,-3.09834
901.377,1.56014,-3.0984
902.376,1.56015,-3.09847
903.374,1.56016,-3.09853
904.373,1.56018,-3.09859
905.371,1.56019,-3.09865
906.37,1.5602,-3.09871
907.368,1.56021,-3.09877
908.366,1.56023,-3.09883
909.365,1.56024,-3.09889
910.363,1.56025,-3.09895
911.362,1.56026,-3.09901
912.36,1.56027,-3.09907
913.359,1.56029,-3.09913
914.357,1.5603,-3.09919
915.355,1.56031,-3.09925
916.354,1.56032,-3.09931
917.352,1.56033,-3.09937
918.351,1.56035,-3.09943
919.349,1.56036,-3.09949
920.348,1.56037,-3.09955
921.346,1.56038,-3.09961
922.345,1.56039,-3.09967
923.343,1.5604,-3.09972
924.342,1.56042,-3.09978
925.34,1.56043,-3.09984
926.339,1.56044,-3.0999
927.337,1.56045,-3.09996
928.336,1.56046,-3.10002
929.334,1.56047,-3.10007
930.333,1.56049,-3.10013
931.331,1.5605,-3.10019
932.33,1.56051,-3.10025
933.328,1.56052,-3.1003
934.327,1.56053,-3.10036
935.325,1.56054,-3.10042
936.324,1.56055,-3.10048
937.322,1.56057,-3.10053
938.321,1.56058,-3.10059
939.319,1.56059,-3.10065
940.318,1.5606,-3.1007
941.316,1.56061,-3.10076
942.315,1.56062,-3.10082
943.313,1.56063,-3.10087
944.312,1.56064,-3.10093
945.311,1.56066,-3.10098
946.309,1.56067,-3.10104
947.308,1.56068,-3.1011
948.306,1.56069,-3.10115
949.305,1.5607,-3.10121
950.303,1.56071,-3.10126
951.302,1.56072,-3.10132
952.301,1.56073,-3.10137
953.299,1.56074,-3.10143
954.298,1.56075,-3.10148
955.296,1.56077,-3.10154
956.295,1.56078,-3.10159
957.293,1.56079,-3.10165
958.292,1.5608,-3.1017
959.291,1.56081,-3.10175
960.289,1.56082,-3.10181
961.288,1.56083,-3.10186
962.286,1.56084,-3.10192
963.285,1.56085,-3.10197
964.284,1.56086,-3.10202
965.282,1.56087,-3.10208
966.281,1.56088,-3.10213
967.279,1.5609,-3.10219
968.278,1.56091,-3.10224
969.277,1.56092,-3.10229
970.275,1.56093,-3.10234
971.274,1.56094,-3.1024
972.273,1.56095,-3.10245
973.271,1.56096,-3.1025
974.27,1.56097,-3.10256
975.268,1.56098,-3.10261
976.267,1.56099,-3.10266
977.266,1.561,-3.10271
978.264,1.56101,-3.10277
979.263,1.56102,-3.10282
980.262,1.56103,-3.10287
981.26,1.56104,-3.10292
982.259,1.56105,-3.10297
983.258,1.56106,-3.10303
984.256,1.56107,-3.10308
985.255,1.56108,-3.10313
986.254,1.56109,-3.10318
987.252,1.5611,-3.10323
988.251,1.56111,-3.10328
989.25,1.56112,-3.10333
990.248,1.56114,-3.10338
991.247,1.56115,-3.10344
992.246,1.56116,-3.10349
993.244,1.56117,-3.10354
994.243,1.56118,-3.10359
995.242,1.56119,-3.10364
996.24,1.5612,-3.10369
997.239,1.56121,-3.10374
998.238,1.56122,-3.10379
999.237,1.56123,-3.10384
1000.24,1.56124,-3.10389
1001.23,1.56125,-3.10394
