999.106,1.57079,0.0014712
998.111,1.57078,0.0013714
997.116,1.57077,0.0012714
996.121,1.57076,0.00117121
995.126,1.57075,0.00107081
994.131,1.57074,0.000970212
993.136,1.57073,0.000869413
992.142,1.57072,0.000768412
991.147,1.57071,0.000667207
990.152,1.5707,0.0005658
989.157,1.57069,0.000464188
988.162,1.57068,0.000362372
987.167,1.57067,0.000260351
986.172,1.57066,0.000158123
985.177,1.57064,5.56897e-05
984.183,1.57063,-4.69512e-05
983.188,1.57062,-0.0001498
982.193,1.57061,-0.000252857
981.198,1.5706,-0.000356123
980.203,1.57059,-0.000459598
979.209,1.57058,-0.000563284
978.214,1.57057,-0.000667181
977.219,1.57056,-0.000771289
976.224,1.57055,-0.00087561
975.229,1.57054,-0.000980143
974.235,1.57053,-0.00108489
973.24,1.57052,-0.00118985
972.245,1.57051,-0.00129503
971.251,1.5705,-0.00140042
970.256,1.57049,-0.00150603
969.261,1.57048,-0.00161185
968.267,1.57047,-0.00171789
967.272,1.57046,-0.00182415
966.277,1.57045,-0.00193063
965.283,1.57044,-0.00203733
964.288,1.57042,-0.00214425
963.293,1.57041,-0.00225138
962.299,1.5704,-0.00235874
961.304,1.57039,-0.00246633
960.31,1.57038,-0.00257413
959.315,1.57037,-0.00268216
958.321,1.57036,-0.00279042
957.326,1.57035,-0.00289889
956.331,1.57034,-0.0030076
955.337,1.57033,-0.00311653
954.342,1.57032,-0.00322568
953.348,1.57031,-0.00333507
952.353,1.57029,-0.00344468
951.359,1.57028,-0.00355453
950.364,1.57027,-0.0036646
949.37,1.57026,-0.0037749
948.376,1.57025,-0.00388544
947.381,1.57024,-0.0039962
946.387,1.57023,-0.0041072
945.392,1.57022,-0.00421844
944.398,1.57021,-0.0043299
943.404,1.5702,-0.0044416
942.409,1.57018,-0.00455354
941.415,1.57017,-0.00466572
940.42,1.57016,-0.00477813
939.426,1.57015,-0.00489078
938.432,1.57014,-0.00500367
937.438,1.57013,-0.0051168
936.443,1.57012,-0.00523016
935.449,1.5701,-0.00534377
934.455,1.57009,-0.00545762
933.46,1.57008,-0.00557172
932.466,1.57007,-0.00568605
931.472,1.57006,-0.00580064
930.478,1.57005,-0.00591546
929.483,1.57004,-0.00603053
928.489,1.57002,-0.00614585
927.495,1.57001,-0.00626142
926.501,1.57,-0.00637723
925.507,1.56999,-0.00649329
924.513,1.56998,-0.0066096
923.518,1.56997,-0.00672617
922.524,1.56995,-0.00684298
921.53,1.56994,-0.00696005
920.536,1.56993,-0.00707736
919.542,1.56992,-0.00719494
918.548,1.56991,-0.00731276
917.554,1.5699,-0.00743085
916.56,1.56988,-0.00754918
915.566,1.56987,-0.00766778
914.572,1.56986,-0.00778663
913.578,1.56985,-0.00790574
912.584,1.56984,-0.00802511
911.59,1.56982,-0.00814475
910.596,1.56981,-0.00826464
909.602,1.5698,-0.00838479
908.608,1.56979,-0.00850521
907.614,1.56978,-0.00862589
906.62,1.56976,-0.00874684
905.626,1.56975,-0.00886805
904.632,1.56974,-0.00898953
903.638,1.56973,-0.00911127
902.645,1.56972,-0.00923329
901.651,1.5697,-0.00935557
900.657,1.56969,-0.00947812
899.663,1.56968,-0.00960095
898.669,1.56967,-0.00972404
897.675,1.56965,-0.00984741
896.682,1.56964,-0.00997105
895.688,1.56963,-0.010095
894.694,1.56962,-0.0102192
893.7,1.5696,-0.0103436
892.707,1.56959,-0.0104684
891.713,1.56958,-0.0105934
890.719,1.56957,-0.0107187
889.726,1.56955,-0.0108443
888.732,1.56954,-0.0109701
887.738,1.56953,-0.0110963
886.745,1.56952,-0.0112227
885.751,1.5695,-0.0113494
884.757,1.56949,-0.0114764
883.764,1.56948,-0.0116037
882.77,1.56947,-0.0117313
881.777,1.56945,-0.0118591
880.783,1.56944,-0.0119872
879.79,1.56943,-0.0121157
878.796,1.56941,-0.0122444
877.803,1.5694,-0.0123734
876.809,1.56939,-0.0125027
875.816,1.56938,-0.0126323
874.822,1.56936,-0.0127622
873.829,1.56935,-0.0128924
872.835,1.56934,-0.0130229
871.842,1.56932,-0.0131537
870.848,1.56931,-0.0132848
869.855,1.5693,-0.0134161
868.862,1.56928,-0.0135478
867.868,1.56927,-0.0136798
866.875,1.56926,-0.0138121
865.882,1.56924,-0.0139447
864.888,1.56923,-0.0140776
863.895,1.56922,-0.0142108
862.902,1.5692,-0.0143443
861.908,1.56919,-0.0144781
860.915,1.56918,-0.0146122
859.922,1.56916,-0.0147467
858.929,1.56915,-0.0148814
857.936,1.56914,-0.0150165
856.942,1.56912,-0.0151518
855.949,1.56911,-0.0152875
854.956,1.5691,-0.0154235
853.963,1.56908,-0.0155598
852.97,1.56907,-0.0156964
851.977,1.56906,-0.0158334
850.984,1.56904,-0.0159707
849.99,1.56903,-0.0161083
848.997,1.56901,-0.0162462
848.004,1.569,-0.0163844
847.011,1.56899,-0.016523
846.018,1.56897,-0.0166619
845.025,1.56896,-0.0168011
844.032,1.56895,-0.0169406
843.039,1.56893,-0.0170805
842.046,1.56892,-0.0172207
841.053,1.5689,-0.0173612
840.061,1.56889,-0.0175021
839.068,1.56888,-0.0176433
838.075,1.56886,-0.0177848
837.082,1.56885,-0.0179267
836.089,1.56883,-0.0180689
835.096,1.56882,-0.0182114
834.103,1.5688,-0.0183543
833.111,1.56879,-0.0184975
832.118,1.56878,-0.0186411
831.125,1.56876,-0.018785
830.132,1.56875,-0.0189292
829.14,1.56873,-0.0190738
828.147,1.56872,-0.0192188
827.154,1.5687,-0.019364
826.162,1.56869,-0.0195097
825.169,1.56867,-0.0196557
824.176,1.56866,-0.019802
823.184,1.56864,-0.0199487
822.191,1.56863,-0.0200958
821.198,1.56862,-0.0202432
820.206,1.5686,-0.0203909
819.213,1.56859,-0.020539
818.221,1.56857,-0.0206875
817.228,1.56856,-0.0208364
816.236,1.56854,-0.0209856
815.243,1.56853,-0.0211351
814.251,1.56851,-0.0212851
813.258,1.5685,-0.0214353
812.266,1.56848,-0.021586
811.274,1.56847,-0.021737
810.281,1.56845,-0.0218884
809.289,1.56844,-0.0220402
808.297,1.56842,-0.0221924
807.304,1.5684,-0.0223449
806.312,1.56839,-0.0224978
805.32,1.56837,-0.022651
804.327,1.56836,-0.0228047
803.335,1.56834,-0.0229587
802.343,1.56833,-0.0231131
801.351,1.56831,-0.0232679
800.359,1.5683,-0.0234231
799.366,1.56828,-0.0235787
798.374,1.56827,-0.0237346
797.382,1.56825,-0.023891
796.39,1.56823,-0.0240477
795.398,1.56822,-0.0242048
794.406,1.5682,-0.0243623
793.414,1.56819,-0.0245202
792.422,1.56817,-0.0246785
791.43,1.56816,-0.0248372
790.438,1.56814,-0.0249963
789.446,1.56812,-0.0251558
788.454,1.56811,-0.0253157
787.462,1.56809,-0.025476
786.47,1.56808,-0.0256367
785.478,1.56806,-0.0257978
784.486,1.56804,-0.0259593
783.494,1.56803,-0.0261212
782.503,1.56801,-0.0262836
781.511,1.56799,-0.0264463
780.519,1.56798,-0.0266095
779.527,1.56796,-0.0267731
778.535,1.56795,-0.0269371
777.544,1.56793,-0.0271015
776.552,1.56791,-0.0272663
775.56,1.5679,-0.0274316
774.569,1.56788,-0.0275972
773.577,1.56786,-0.0277633
772.585,1.56785,-0.0279299
771.594,1.56783,-0.0280968
770.602,1.56781,-0.0282642
769.611,1.5678,-0.028432
768.619,1.56778,-0.0286003
767.628,1.56776,-0.028769
766.636,1.56775,-0.0289381
765.645,1.56773,-0.0291076
764.653,1.56771,-0.0292776
763.662,1.56769,-0.0294481
762.67,1.56768,-0.029619
761.679,1.56766,-0.0297903
760.688,1.56764,-0.0299621
759.696,1.56763,-0.0301343
758.705,1.56761,-0.030307
757.714,1.56759,-0.0304801
756.723,1.56757,-0.0306537
755.731,1.56756,-0.0308277
754.74,1.56754,-0.0310022
753.749,1.56752,-0.0311772
752.758,1.5675,-0.0313526
751.767,1.56749,-0.0315284
750.775,1.56747,-0.0317048
749.784,1.56745,-0.0318816
748.793,1.56743,-0.0320589
747.802,1.56742,-0.0322366
746.811,1.5674,-0.0324148
745.82,1.56738,-0.0325935
744.829,1.56736,-0.0327727
743.838,1.56734,-0.0329523
742.847,1.56733,-0.0331324
741.856,1.56731,-0.033313
740.866,1.56729,-0.0334941
739.875,1.56727,-0.0336757
738.884,1.56725,-0.0338578
737.893,1.56724,-0.0340403
736.902,1.56722,-0.0342234
735.911,1.5672,-0.0344069
734.921,1.56718,-0.0345909
733.93,1.56716,-0.0347754
732.939,1.56714,-0.0349605
731.949,1.56713,-0.035146
730.958,1.56711,-0.035332
729.967,1.56709,-0.0355185
728.977,1.56707,-0.0357056
727.986,1.56705,-0.0358931
726.996,1.56703,-0.0360812
726.005,1.56701,-0.0362698
725.015,1.56699,-0.0364588
724.024,1.56698,-0.0366484
723.034,1.56696,-0.0368386
722.044,1.56694,-0.0370292
721.053,1.56692,-0.0372204
720.063,1.5669,-0.0374121
719.072,1.56688,-0.0376043
718.082,1.56686,-0.0377971
717.092,1.56684,-0.0379903
716.102,1.56682,-0.0381842
715.111,1.5668,-0.0383785
714.121,1.56678,-0.0385734
713.131,1.56676,-0.0387689
712.141,1.56674,-0.0389648
711.151,1.56672,-0.0391614
710.161,1.5667,-0.0393584
709.171,1.56668,-0.0395561
708.181,1.56666,-0.0397542
707.191,1.56665,-0.039953
706.201,1.56663,-0.0401523
705.211,1.56661,-0.0403521
704.221,1.56659,-0.0405525
703.231,1.56657,-0.0407535
702.241,1.56655,-0.0409551
701.251,1.56652,-0.0411572
700.262,1.5665,-0.0413599
699.272,1.56648,-0.0415631
698.282,1.56646,-0.0417669
697.292,1.56644,-0.0419714
696.303,1.56642,-0.0421764
695.313,1.5664,-0.0423819
694.324,1.56638,-0.0425881
693.334,1.56636,-0.0427948
692.344,1.56634,-0.0430022
691.355,1.56632,-0.0432101
690.365,1.5663,-0.0434187
689.376,1.56628,-0.0436278
688.386,1.56626,-0.0438375
687.397,1.56624,-0.0440479
686.408,1.56621,-0.0442588
685.418,1.56619,-0.0444704
684.429,1.56617,-0.0446825
683.44,1.56615,-0.0448953
682.451,1.56613,-0.0451087
681.461,1.56611,-0.0453227
680.472,1.56609,-0.0455374
679.483,1.56607,-0.0457526
678.494,1.56604,-0.0459685
677.505,1.56602,-0.046185
676.516,1.566,-0.0464022
675.527,1.56598,-0.04662
674.538,1.56596,-0.0468384
673.549,1.56594,-0.0470575
672.56,1.56591,-0.0472772
671.571,1.56589,-0.0474976
670.582,1.56587,-0.0477186
669.593,1.56585,-0.0479403
668.604,1.56583,-0.0481626
667.616,1.5658,-0.0483856
666.627,1.56578,-0.0486092
665.638,1.56576,-0.0488335
664.65,1.56574,-0.0490585
663.661,1.56571,-0.0492841
662.672,1.56569,-0.0495104
661.684,1.56567,-0.0497374
660.695,1.56564,-0.0499651
659.707,1.56562,-0.0501935
658.718,1.5656,-0.0504225
657.73,1.56558,-0.0506522
656.741,1.56555,-0.0508827
655.753,1.56553,-0.0511138
654.765,1.56551,-0.0513456
653.777,1.56548,-0.0515781
652.788,1.56546,-0.0518113
651.8,1.56544,-0.0520453
650.812,1.56541,-0.0522799
649.824,1.56539,-0.0525152
648.836,1.56537,-0.0527513
647.848,1.56534,-0.0529881
646.86,1.56532,-0.0532256
645.872,1.5653,-0.0534639
644.884,1.56527,-0.0537028
643.896,1.56525,-0.0539425
642.908,1.56522,-0.054183
641.92,1.5652,-0.0544242
640.932,1.56518,-0.0546661
639.944,1.56515,-0.0549087
638.957,1.56513,-0.0551522
637.969,1.5651,-0.0553963
636.981,1.56508,-0.0556413
635.994,1.56505,-0.055887
635.006,1.56503,-0.0561334
634.019,1.565,-0.0563807
633.031,1.56498,-0.0566286
632.044,1.56495,-0.0568774
631.056,1.56493,-0.057127
630.069,1.5649,-0.0573773
629.082,1.56488,-0.0576284
628.094,1.56485,-0.0578803
627.107,1.56483,-0.058133
626.12,1.5648,-0.0583865
625.133,1.56478,-0.0586408
624.145,1.56475,-0.0588959
623.158,1.56473,-0.0591519
622.171,1.5647,-0.0594086
621.184,1.56468,-0.0596661
620.197,1.56465,-0.0599245
619.21,1.56462,-0.0601837
618.223,1.5646,-0.0604437
617.237,1.56457,-0.0607045
616.25,1.56455,-0.0609662
615.263,1.56452,-0.0612287
614.276,1.56449,-0.0614921
613.29,1.56447,-0.0617563
612.303,1.56444,-0.0620214
611.316,1.56441,-0.0622873
610.33,1.56439,-0.0625541
609.343,1.56436,-0.0628217
608.357,1.56433,-0.0630902
607.371,1.56431,-0.0633596
606.384,1.56428,-0.0636299
605.398,1.56425,-0.063901
604.412,1.56423,-0.064173
603.425,1.5642,-0.064446
602.439,1.56417,-0.0647198
601.453,1.56414,-0.0649945
600.467,1.56412,-0.0652701
599.481,1.56409,-0.0655466
598.495,1.56406,-0.065824
597.509,1.56403,-0.0661024
596.523,1.56401,-0.0663816
595.537,1.56398,-0.0666618
594.551,1.56395,-0.0669429
593.566,1.56392,-0.067225
592.58,1.56389,-0.067508
591.594,1.56387,-0.0677919
590.609,1.56384,-0.0680768
589.623,1.56381,-0.0683626
588.637,1.56378,-0.0686494
587.652,1.56375,-0.0689372
586.666,1.56372,-0.0692259
585.681,1.56369,-0.0695156
584.696,1.56366,-0.0698063
583.71,1.56364,-0.0700979
582.725,1.56361,-0.0703906
581.74,1.56358,-0.0706842
580.755,1.56355,-0.0709788
579.77,1.56352,-0.0712745
578.785,1.56349,-0.0715711
577.8,1.56346,-0.0718687
576.815,1.56343,-0.0721674
575.83,1.5634,-0.0724671
574.845,1.56337,-0.0727678
573.86,1.56334,-0.0730696
572.876,1.56331,-0.0733723
571.891,1.56328,-0.0736762
570.906,1.56325,-0.073981
569.922,1.56322,-0.074287
568.937,1.56319,-0.074594
567.953,1.56316,-0.074902
566.969,1.56313,-0.0752111
565.984,1.56309,-0.0755213
565,1.56306,-0.0758326
564.016,1.56303,-0.076145
563.032,1.563,-0.0764584
562.047,1.56297,-0.076773
561.063,1.56294,-0.0770886
560.079,1.56291,-0.0774054
559.095,1.56288,-0.0777233
558.111,1.56284,-0.0780423
557.128,1.56281,-0.0783624
556.144,1.56278,-0.0786837
555.16,1.56275,-0.0790061
554.176,1.56272,-0.0793297
553.193,1.56268,-0.0796544
552.209,1.56265,-0.0799802
551.226,1.56262,-0.0803072
550.242,1.56258,-0.0806354
549.259,1.56255,-0.0809648
548.276,1.56252,-0.0812953
547.292,1.56249,-0.0816271
546.309,1.56245,-0.08196
545.326,1.56242,-0.0822941
544.343,1.56239,-0.0826295
543.36,1.56235,-0.082966
542.377,1.56232,-0.0833038
541.394,1.56229,-0.0836428
540.411,1.56225,-0.083983
539.429,1.56222,-0.0843245
538.446,1.56218,-0.0846672
537.463,1.56215,-0.0850112
536.481,1.56211,-0.0853564
535.498,1.56208,-0.0857029
534.516,1.56205,-0.0860507
533.534,1.56201,-0.0863998
532.551,1.56198,-0.0867501
531.569,1.56194,-0.0871018
530.587,1.56191,-0.0874547
529.605,1.56187,-0.0878089
528.623,1.56183,-0.0881645
527.641,1.5618,-0.0885214
526.659,1.56176,-0.0888796
525.677,1.56173,-0.0892392
524.695,1.56169,-0.0896001
523.714,1.56166,-0.0899624
522.732,1.56162,-0.090326
521.75,1.56158,-0.090691
520.769,1.56155,-0.0910574
519.787,1.56151,-0.0914251
518.806,1.56147,-0.0917943
517.825,1.56144,-0.0921648
516.844,1.5614,-0.0925367
515.863,1.56136,-0.0929101
514.881,1.56132,-0.0932849
513.9,1.56129,-0.0936611
512.92,1.56125,-0.0940388
511.939,1.56121,-0.0944179
510.958,1.56117,-0.0947985
509.977,1.56114,-0.0951805
508.997,1.5611,-0.095564
508.016,1.56106,-0.095949
507.036,1.56102,-0.0963355
506.055,1.56098,-0.0967234
505.075,1.56094,-0.0971129
504.095,1.5609,-0.0975039
503.115,1.56087,-0.0978964
502.135,1.56083,-0.0982905
501.155,1.56079,-0.0986861
500.175,1.56075,-0.0990832
499.195,1.56071,-0.0994819
498.215,1.56067,-0.0998822
497.235,1.56063,-0.100284
496.256,1.56059,-0.100687
495.276,1.56055,-0.101092
494.297,1.56051,-0.101499
493.317,1.56047,-0.101907
492.338,1.56043,-0.102317
491.359,1.56039,-0.102729
490.38,1.56034,-0.103142
489.401,1.5603,-0.103557
488.422,1.56026,-0.103973
487.443,1.56022,-0.104391
486.464,1.56018,-0.104811
485.486,1.56014,-0.105233
484.507,1.56009,-0.105656
483.529,1.56005,-0.106081
482.55,1.56001,-0.106508
481.572,1.55997,-0.106936
480.594,1.55992,-0.107366
479.615,1.55988,-0.107798
478.637,1.55984,-0.108232
477.659,1.55979,-0.108667
476.682,1.55975,-0.109104
475.704,1.55971,-0.109543
474.726,1.55966,-0.109984
473.749,1.55962,-0.110427
472.771,1.55958,-0.110871
471.794,1.55953,-0.111318
470.816,1.55949,-0.111766
469.839,1.55944,-0.112216
468.862,1.5594,-0.112668
467.885,1.55935,-0.113122
466.908,1.55931,-0.113577
465.931,1.55926,-0.114035
464.954,1.55922,-0.114495
463.978,1.55917,-0.114956
463.001,1.55912,-0.115419
462.025,1.55908,-0.115885
461.049,1.55903,-0.116352
460.072,1.55898,-0.116822
459.096,1.55894,-0.117293
458.12,1.55889,-0.117766
457.144,1.55884,-0.118242
456.168,1.5588,-0.118719
455.193,1.55875,-0.119199
454.217,1.5587,-0.11968
453.242,1.55865,-0.120164
452.266,1.5586,-0.120649
451.291,1.55856,-0.121137
450.316,1.55851,-0.121627
449.341,1.55846,-0.122119
448.366,1.55841,-0.122613
447.391,1.55836,-0.12311
446.416,1.55831,-0.123608
445.441,1.55826,-0.124109
444.467,1.55821,-0.124612
443.493,1.55816,-0.125117
442.518,1.55811,-0.125624
441.544,1.55806,-0.126134
440.57,1.55801,-0.126645
439.596,1.55796,-0.127159
438.622,1.55791,-0.127676
437.649,1.55786,-0.128194
436.675,1.5578,-0.128715
435.702,1.55775,-0.129239
434.728,1.5577,-0.129764
433.755,1.55765,-0.130292
432.782,1.5576,-0.130823
431.809,1.55754,-0.131355
430.836,1.55749,-0.131891
429.863,1.55744,-0.132428
428.891,1.55738,-0.132968
427.918,1.55733,-0.133511
426.946,1.55727,-0.134056
425.974,1.55722,-0.134603
425.001,1.55717,-0.135153
424.03,1.55711,-0.135706
423.058,1.55706,-0.136261
422.086,1.557,-0.136818
421.114,1.55695,-0.137378
420.143,1.55689,-0.137941
419.172,1.55683,-0.138507
418.2,1.55678,-0.139075
417.229,1.55672,-0.139645
416.259,1.55666,-0.140218
415.288,1.55661,-0.140794
414.317,1.55655,-0.141373
413.347,1.55649,-0.141955
412.376,1.55643,-0.142539
411.406,1.55638,-0.143126
410.436,1.55632,-0.143715
409.466,1.55626,-0.144308
408.496,1.5562,-0.144903
407.527,1.55614,-0.145501
406.557,1.55608,-0.146102
405.588,1.55602,-0.146706
404.619,1.55596,-0.147313
403.65,1.5559,-0.147922
402.681,1.55584,-0.148535
401.712,1.55578,-0.14915
400.744,1.55572,-0.149769
399.775,1.55566,-0.15039
398.807,1.5556,-0.151015
397.839,1.55553,-0.151643
396.871,1.55547,-0.152273
395.903,1.55541,-0.152907
394.935,1.55535,-0.153544
393.968,1.55528,-0.154184
393.001,1.55522,-0.154827
392.033,1.55516,-0.155473
391.066,1.55509,-0.156123
390.1,1.55503,-0.156775
389.133,1.55496,-0.157431
388.167,1.5549,-0.158091
387.2,1.55483,-0.158753
386.234,1.55477,-0.159419
385.268,1.5547,-0.160088
384.302,1.55463,-0.160761
383.337,1.55457,-0.161437
382.371,1.5545,-0.162116
381.406,1.55443,-0.162799
380.441,1.55436,-0.163485
379.476,1.5543,-0.164175
378.511,1.55423,-0.164868
377.547,1.55416,-0.165565
376.582,1.55409,-0.166265
375.618,1.55402,-0.166969
374.654,1.55395,-0.167677
373.691,1.55388,-0.168388
372.727,1.55381,-0.169103
371.764,1.55374,-0.169822
370.8,1.55367,-0.170544
369.837,1.5536,-0.17127
368.874,1.55353,-0.172
367.912,1.55345,-0.172734
366.949,1.55338,-0.173472
365.987,1.55331,-0.174213
365.025,1.55323,-0.174959
364.063,1.55316,-0.175708
363.102,1.55309,-0.176461
362.14,1.55301,-0.177219
361.179,1.55294,-0.17798
360.218,1.55286,-0.178746
359.257,1.55279,-0.179515
358.297,1.55271,-0.180289
357.336,1.55263,-0.181067
356.376,1.55256,-0.181849
355.416,1.55248,-0.182635
354.457,1.5524,-0.183425
353.497,1.55232,-0.18422
352.538,1.55224,-0.185019
351.579,1.55217,-0.185823
350.62,1.55209,-0.186631
349.662,1.55201,-0.187443
348.703,1.55193,-0.18826
347.745,1.55185,-0.189081
346.788,1.55176,-0.189907
345.83,1.55168,-0.190738
344.873,1.5516,-0.191573
343.915,1.55152,-0.192412
342.959,1.55144,-0.193257
342.002,1.55135,-0.194106
341.046,1.55127,-0.19496
340.089,1.55118,-0.195818
339.133,1.5511,-0.196682
338.178,1.55101,-0.19755
337.222,1.55093,-0.198424
336.267,1.55084,-0.199302
335.313,1.55076,-0.200185
334.358,1.55067,-0.201074
333.404,1.55058,-0.201967
332.45,1.55049,-0.202866
331.496,1.5504,-0.20377
330.542,1.55032,-0.204679
329.589,1.55023,-0.205593
328.636,1.55014,-0.206512
327.683,1.55005,-0.207437
326.731,1.54995,-0.208368
325.779,1.54986,-0.209303
324.827,1.54977,-0.210245
323.875,1.54968,-0.211191
322.924,1.54959,-0.212144
321.973,1.54949,-0.213102
321.023,1.5494,-0.214066
320.072,1.5493,-0.215035
319.122,1.54921,-0.21601
318.172,1.54911,-0.216991
317.223,1.54902,-0.217978
316.274,1.54892,-0.218971
315.325,1.54882,-0.21997
314.377,1.54872,-0.220975
313.428,1.54862,-0.221985
312.481,1.54853,-0.223003
311.533,1.54843,-0.224026
310.586,1.54833,-0.225055
309.639,1.54822,-0.226091
308.692,1.54812,-0.227133
307.746,1.54802,-0.228182
306.8,1.54792,-0.229237
305.855,1.54781,-0.230299
304.91,1.54771,-0.231367
303.965,1.54761,-0.232442
303.02,1.5475,-0.233523
302.076,1.54739,-0.234612
301.133,1.54729,-0.235707
300.189,1.54718,-0.236809
299.246,1.54707,-0.237918
298.303,1.54697,-0.239034
297.361,1.54686,-0.240157
296.419,1.54675,-0.241287
295.478,1.54664,-0.242425
294.537,1.54652,-0.243569
293.596,1.54641,-0.244721
292.656,1.5463,-0.245881
291.716,1.54619,-0.247048
290.776,1.54607,-0.248222
289.837,1.54596,-0.249405
288.898,1.54584,-0.250594
287.96,1.54573,-0.251792
287.022,1.54561,-0.252997
286.084,1.54549,-0.254211
285.147,1.54538,-0.255432
284.211,1.54526,-0.256662
283.274,1.54514,-0.257899
282.339,1.54502,-0.259145
281.403,1.5449,-0.260399
280.468,1.54477,-0.261661
279.534,1.54465,-0.262932
278.6,1.54453,-0.264212
277.666,1.5444,-0.2655
276.733,1.54428,-0.266797
275.801,1.54415,-0.268102
274.869,1.54402,-0.269416
273.937,1.5439,-0.27074
273.006,1.54377,-0.272072
272.075,1.54364,-0.273414
271.145,1.54351,-0.274764
270.215,1.54338,-0.276125
269.286,1.54325,-0.277494
268.357,1.54311,-0.278873
267.429,1.54298,-0.280261
266.501,1.54285,-0.28166
265.574,1.54271,-0.283068
264.648,1.54258,-0.284486
263.722,1.54244,-0.285913
262.796,1.5423,-0.287351
261.871,1.54216,-0.288799
260.947,1.54202,-0.290258
260.023,1.54188,-0.291727
259.1,1.54174,-0.293206
258.177,1.5416,-0.294696
257.255,1.54145,-0.296196
256.333,1.54131,-0.297708
255.412,1.54116,-0.29923
254.492,1.54102,-0.300763
253.572,1.54087,-0.302308
252.653,1.54072,-0.303863
251.734,1.54057,-0.30543
250.816,1.54042,-0.307009
249.899,1.54027,-0.308599
248.982,1.54012,-0.310201
248.066,1.53996,-0.311815
247.151,1.53981,-0.313441
246.236,1.53965,-0.315079
245.322,1.5395,-0.316729
244.408,1.53934,-0.318391
243.496,1.53918,-0.320066
242.584,1.53902,-0.321754
241.672,1.53886,-0.323454
240.762,1.5387,-0.325167
239.852,1.53853,-0.326893
238.942,1.53837,-0.328633
238.034,1.5382,-0.330386
237.126,1.53803,-0.332152
236.219,1.53787,-0.333932
235.313,1.5377,-0.335725
234.407,1.53753,-0.337532
233.503,1.53735,-0.339354
232.599,1.53718,-0.341189
231.695,1.53701,-0.343039
230.793,1.53683,-0.344904
229.891,1.53665,-0.346783
228.991,1.53648,-0.348677
228.091,1.5363,-0.350586
227.192,1.53612,-0.35251
226.293,1.53593,-0.354449
225.396,1.53575,-0.356404
224.499,1.53557,-0.358375
223.604,1.53538,-0.360361
222.709,1.53519,-0.362363
221.815,1.535,-0.364382
220.922,1.53481,-0.366417
220.03,1.53462,-0.368468
219.139,1.53443,-0.370536
218.249,1.53424,-0.372622
217.359,1.53404,-0.374724
216.471,1.53384,-0.376843
215.584,1.53364,-0.37898
214.697,1.53344,-0.381135
213.812,1.53324,-0.383307
212.928,1.53304,-0.385498
212.044,1.53284,-0.387707
211.162,1.53263,-0.389935
210.281,1.53242,-0.392181
209.401,1.53221,-0.394446
208.522,1.532,-0.39673
207.644,1.53179,-0.399034
206.767,1.53158,-0.401357
205.891,1.53136,-0.4037
205.016,1.53114,-0.406063
204.143,1.53092,-0.408447
203.271,1.5307,-0.410851
202.4,1.53048,-0.413276
201.53,1.53026,-0.415721
200.661,1.53003,-0.418188
199.793,1.5298,-0.420677
198.927,1.52957,-0.423187
198.062,1.52934,-0.425719
197.198,1.52911,-0.428274
196.336,1.52888,-0.430851
195.475,1.52864,-0.433451
194.615,1.5284,-0.436073
193.756,1.52816,-0.43872
192.899,1.52792,-0.441389
192.043,1.52768,-0.444083
191.189,1.52743,-0.446801
190.336,1.52719,-0.449543
189.485,1.52694,-0.45231
188.634,1.52669,-0.455102
187.786,1.52643,-0.457919
186.939,1.52618,-0.460762
186.093,1.52592,-0.463631
185.249,1.52566,-0.466527
184.407,1.5254,-0.469448
183.566,1.52514,-0.472397
182.726,1.52487,-0.475373
181.889,1.52461,-0.478376
181.052,1.52434,-0.481407
180.218,1.52407,-0.484467
179.385,1.52379,-0.487555
178.554,1.52352,-0.490671
177.725,1.52324,-0.493817
176.897,1.52296,-0.496993
176.072,1.52268,-0.500199
175.248,1.5224,-0.503434
174.426,1.52211,-0.506701
173.605,1.52182,-0.509998
172.787,1.52153,-0.513327
171.97,1.52124,-0.516688
171.156,1.52095,-0.52008
170.343,1.52065,-0.523506
169.533,1.52035,-0.526964
168.724,1.52005,-0.530455
167.918,1.51974,-0.53398
167.113,1.51944,-0.53754
166.311,1.51913,-0.541133
165.511,1.51882,-0.544762
164.713,1.5185,-0.548426
163.917,1.51819,-0.552126
163.124,1.51787,-0.555862
162.332,1.51755,-0.559635
161.543,1.51723,-0.563444
160.757,1.5169,-0.567292
159.972,1.51658,-0.571177
159.191,1.51625,-0.5751
158.411,1.51591,-0.579063
157.634,1.51558,-0.583064
156.86,1.51524,-0.587106
156.088,1.5149,-0.591187
155.319,1.51456,-0.59531
154.552,1.51422,-0.599473
153.788,1.51387,-0.603678
153.027,1.51352,-0.607925
152.268,1.51317,-0.612215
151.512,1.51282,-0.616548
150.759,1.51246,-0.620924
150.009,1.5121,-0.625345
149.262,1.51174,-0.62981
148.518,1.51137,-0.63432
147.777,1.51101,-0.638876
147.039,1.51064,-0.643477
146.304,1.51027,-0.648126
145.572,1.50989,-0.652821
144.843,1.50952,-0.657564
144.118,1.50914,-0.662355
143.396,1.50876,-0.667195
142.677,1.50837,-0.672084
141.961,1.50799,-0.677022
141.249,1.5076,-0.682011
140.541,1.50721,-0.68705
139.836,1.50682,-0.692141
139.134,1.50642,-0.697283
138.436,1.50602,-0.702478
137.742,1.50562,-0.707725
137.052,1.50522,-0.713026
136.366,1.50482,-0.718381
135.683,1.50441,-0.72379
135.004,1.504,-0.729253
134.33,1.50359,-0.734773
133.659,1.50318,-0.740348
132.993,1.50276,-0.745979
132.33,1.50235,-0.751668
131.672,1.50193,-0.757413
131.018,1.50151,-0.763217
130.369,1.50108,-0.769079
129.724,1.50066,-0.775
129.083,1.50023,-0.780981
128.447,1.4998,-0.787021
127.816,1.49937,-0.793121
127.189,1.49894,-0.799283
126.568,1.49851,-0.805505
125.951,1.49808,-0.811789
125.338,1.49764,-0.818135
124.731,1.4972,-0.824544
124.129,1.49677,-0.831016
123.532,1.49633,-0.83755
122.941,1.49589,-0.844149
122.354,1.49544,-0.850811
121.773,1.495,-0.857538
121.197,1.49456,-0.86433
120.627,1.49412,-0.871187
120.062,1.49367,-0.878109
119.503,1.49323,-0.885096
118.95,1.49278,-0.89215
118.403,1.49234,-0.899269
117.861,1.49189,-0.906455
117.326,1.49145,-0.913707
116.796,1.491,-0.921026
116.273,1.49055,-0.928412
115.756,1.49011,-0.935865
115.245,1.48967,-0.943385
114.741,1.48922,-0.950972
114.243,1.48878,-0.958626
113.752,1.48834,-0.966348
113.267,1.4879,-0.974136
112.789,1.48746,-0.981992
112.318,1.48702,-0.989914
111.854,1.48658,-0.997904
111.397,1.48615,-1.00596
110.947,1.48572,-1.01408
110.504,1.48529,-1.02227
110.068,1.48486,-1.03053
109.64,1.48443,-1.03885
109.219,1.48401,-1.04723
108.805,1.48359,-1.05569
108.399,1.48318,-1.0642
108.001,1.48276,-1.07278
107.611,1.48235,-1.08142
107.228,1.48195,-1.09013
106.853,1.48154,-1.0989
106.487,1.48115,-1.10773
106.128,1.48075,-1.11662
105.778,1.48036,-1.12557
105.436,1.47998,-1.13458
105.102,1.4796,-1.14365
104.776,1.47922,-1.15278
104.46,1.47885,-1.16197
104.151,1.47849,-1.17121
103.852,1.47813,-1.1805
103.561,1.47778,-1.18985
103.278,1.47743,-1.19925
103.005,1.4771,-1.2087
102.741,1.47676,-1.2182
102.485,1.47644,-1.22776
102.239,1.47612,-1.23735
102.002,1.47581,-1.247
101.774,1.4755,-1.25669
101.555,1.47521,-1.26642
101.346,1.47492,-1.2762
101.146,1.47464,-1.28601
100.955,1.47437,-1.29586
100.774,1.4741,-1.30575
100.603,1.47385,-1.31568
100.441,1.4736,-1.32564
100.288,1.47336,-1.33563
100.146,1.47313,-1.34565
100.013,1.47292,-1.3557
99.8895,1.47271,-1.36577
99.7761,1.47251,-1.37587
99.6725,1.47231,-1.38599
99.5787,1.47213,-1.39613
99.4949,1.47196,-1.40629
99.4209,1.4718,-1.41647
99.3569,1.47165,-1.42666
99.3028,1.47151,-1.43687
99.2587,1.47138,-1.44708
99.2245,1.47126,-1.4573
99.2003,1.47115,-1.46753
99.1862,1.47105,-1.47776
99.182,1.47096,-1.488
99.1878,1.47088,-1.49823
99.2036,1.47081,-1.50847
99.2294,1.47075,-1.51869
99.2652,1.4707,-1.52892
99.3109,1.47067,-1.53913
99.3667,1.47064,-1.54933
99.4323,1.47062,-1.55953
99.5079,1.47062,-1.5697
99.5934,1.47062,-1.57986
99.6887,1.47064,-1.59
99.7939,1.47066,-1.60013
99.909,1.4707,-1.61023
100.034,1.47074,-1.6203
100.168,1.4708,-1.63035
100.313,1.47086,-1.64037
100.466,1.47094,-1.65036
100.63,1.47102,-1.66032
100.803,1.47112,-1.67024
100.986,1.47122,-1.68013
101.178,1.47134,-1.68999
101.379,1.47146,-1.6998
101.59,1.47159,-1.70958
101.811,1.47173,-1.71931
102.04,1.47188,-1.729
102.279,1.47204,-1.73864
102.527,1.4722,-1.74824
102.783,1.47237,-1.75779
103.049,1.47256,-1.7673
103.324,1.47275,-1.77675
103.608,1.47294,-1.78615
103.9,1.47315,-1.7955
104.201,1.47336,-1.80479
104.511,1.47358,-1.81404
104.829,1.47381,-1.82322
105.156,1.47404,-1.83235
105.491,1.47428,-1.84142
105.834,1.47452,-1.85043
106.186,1.47477,-1.85938
106.546,1.47503,-1.86827
106.914,1.47529,-1.8771
107.29,1.47556,-1.88587
107.674,1.47584,-1.89458
108.066,1.47612,-1.90322
108.465,1.4764,-1.9118
108.872,1.47669,-1.92032
109.287,1.47698,-1.92877
109.709,1.47728,-1.93716
110.139,1.47758,-1.94548
110.575,1.47789,-1.95373
111.02,1.4782,-1.96192
111.471,1.47851,-1.97004
111.929,1.47883,-1.9781
112.395,1.47915,-1.98609
112.867,1.47947,-1.99401
113.346,1.4798,-2.00187
113.832,1.48012,-2.00966
114.324,1.48046,-2.01738
114.823,1.48079,-2.02503
115.328,1.48113,-2.03262
115.84,1.48146,-2.04014
116.358,1.4818,-2.04759
116.882,1.48215,-2.05498
117.413,1.48249,-2.0623
117.949,1.48283,-2.06955
118.492,1.48318,-2.07674
119.04,1.48353,-2.08386
119.594,1.48388,-2.09091
120.154,1.48423,-2.0979
120.72,1.48458,-2.10482
121.291,1.48493,-2.11168
121.867,1.48528,-2.11847
122.449,1.48563,-2.1252
123.037,1.48599,-2.13186
123.629,1.48634,-2.13846
124.227,1.48669,-2.14499
124.83,1.48705,-2.15146
125.438,1.4874,-2.15787
126.051,1.48775,-2.16422
126.668,1.48811,-2.1705
127.291,1.48846,-2.17673
127.918,1.48881,-2.18289
128.551,1.48916,-2.18899
129.187,1.48951,-2.19503
129.828,1.48987,-2.20101
130.474,1.49022,-2.20693
131.124,1.49057,-2.21279
131.779,1.49091,-2.2186
132.438,1.49126,-2.22434
133.101,1.49161,-2.23003
133.768,1.49196,-2.23566
134.439,1.4923,-2.24124
135.114,1.49265,-2.24676
135.794,1.49299,-2.25222
136.477,1.49333,-2.25763
137.164,1.49367,-2.26298
137.855,1.49401,-2.26828
138.55,1.49435,-2.27353
139.248,1.49469,-2.27873
139.95,1.49502,-2.28387
140.656,1.49535,-2.28896
141.365,1.49569,-2.294
142.077,1.49602,-2.29899
142.793,1.49635,-2.30393
143.513,1.49668,-2.30882
144.235,1.497,-2.31365
144.961,1.49733,-2.31845
145.691,1.49765,-2.32319
146.423,1.49797,-2.32788
147.159,1.49829,-2.33253
147.897,1.49861,-2.33713
148.639,1.49893,-2.34169
149.383,1.49924,-2.3462
150.131,1.49955,-2.35067
150.882,1.49987,-2.35509
151.635,1.50018,-2.35946
152.391,1.50048,-2.3638
153.15,1.50079,-2.36809
153.912,1.50109,-2.37233
154.676,1.5014,-2.37654
155.443,1.5017,-2.3807
156.213,1.502,-2.38482
156.985,1.50229,-2.3889
157.76,1.50259,-2.39295
158.538,1.50288,-2.39695
159.317,1.50317,-2.40091
160.1,1.50346,-2.40483
160.884,1.50375,-2.40872
161.671,1.50404,-2.41257
162.461,1.50432,-2.41638
163.252,1.50461,-2.42015
164.046,1.50489,-2.42388
164.842,1.50517,-2.42758
165.641,1.50544,-2.43125
166.441,1.50572,-2.43488
167.244,1.50599,-2.43847
168.048,1.50626,-2.44203
168.855,1.50653,-2.44556
169.664,1.5068,-2.44905
170.475,1.50707,-2.45251
171.288,1.50733,-2.45593
172.103,1.5076,-2.45932
172.92,1.50786,-2.46268
173.738,1.50812,-2.46601
174.559,1.50837,-2.46931
175.381,1.50863,-2.47258
176.206,1.50888,-2.47581
177.032,1.50914,-2.47902
177.859,1.50939,-2.48219
178.689,1.50963,-2.48534
179.52,1.50988,-2.48846
180.353,1.51013,-2.49154
181.188,1.51037,-2.4946
182.024,1.51061,-2.49763
182.862,1.51085,-2.50064
183.702,1.51109,-2.50361
184.543,1.51133,-2.50656
185.386,1.51156,-2.50948
186.23,1.5118,-2.51238
187.076,1.51203,-2.51525
187.923,1.51226,-2.51809
188.772,1.51249,-2.52091
189.623,1.51272,-2.5237
190.474,1.51294,-2.52647
191.328,1.51317,-2.52921
192.182,1.51339,-2.53193
193.038,1.51361,-2.53462
193.895,1.51383,-2.53729
194.754,1.51405,-2.53994
195.614,1.51426,-2.54256
196.476,1.51448,-2.54516
197.338,1.51469,-2.54774
198.202,1.5149,-2.55029
199.067,1.51511,-2.55282
199.934,1.51532,-2.55533
200.802,1.51553,-2.55782
201.671,1.51573,-2.56029
202.541,1.51594,-2.56273
203.412,1.51614,-2.56516
204.285,1.51634,-2.56756
205.158,1.51654,-2.56995
206.033,1.51674,-2.57231
206.909,1.51694,-2.57465
207.786,1.51713,-2.57698
208.664,1.51733,-2.57928
209.543,1.51752,-2.58156
210.424,1.51771,-2.58383
211.305,1.5179,-2.58608
212.188,1.51809,-2.5883
213.071,1.51828,-2.59051
213.955,1.51847,-2.5927
214.841,1.51865,-2.59487
215.727,1.51884,-2.59703
216.615,1.51902,-2.59917
217.503,1.5192,-2.60129
218.393,1.51938,-2.60339
219.283,1.51956,-2.60547
220.174,1.51974,-2.60754
221.067,1.51992,-2.60959
221.96,1.52009,-2.61163
222.854,1.52026,-2.61365
223.749,1.52044,-2.61565
224.645,1.52061,-2.61763
225.541,1.52078,-2.61961
226.439,1.52095,-2.62156
227.337,1.52112,-2.6235
228.236,1.52128,-2.62542
229.137,1.52145,-2.62733
230.037,1.52162,-2.62923
230.939,1.52178,-2.63111
231.842,1.52194,-2.63297
232.745,1.5221,-2.63482
233.649,1.52226,-2.63666
234.554,1.52242,-2.63848
235.46,1.52258,-2.64028
236.366,1.52274,-2.64208
237.273,1.52289,-2.64386
238.181,1.52305,-2.64562
239.09,1.5232,-2.64738
239.999,1.52336,-2.64912
240.909,1.52351,-2.65084
241.82,1.52366,-2.65255
242.731,1.52381,-2.65426
243.643,1.52396,-2.65594
244.556,1.52411,-2.65762
245.47,1.52425,-2.65928
246.384,1.5244,-2.66093
247.299,1.52455,-2.66257
248.214,1.52469,-2.66419
249.131,1.52483,-2.66581
250.047,1.52498,-2.66741
250.965,1.52512,-2.669
251.883,1.52526,-2.67058
252.802,1.5254,-2.67214
253.721,1.52554,-2.6737
254.641,1.52567,-2.67525
255.561,1.52581,-2.67678
256.482,1.52595,-2.6783
257.404,1.52608,-2.67981
258.326,1.52622,-2.68131
259.249,1.52635,-2.6828
260.172,1.52648,-2.68428
261.096,1.52661,-2.68575
262.021,1.52674,-2.68721
262.946,1.52687,-2.68866
263.872,1.527,-2.69009
264.798,1.52713,-2.69152
265.724,1.52726,-2.69294
266.652,1.52739,-2.69435
267.579,1.52751,-2.69575
268.508,1.52764,-2.69713
269.436,1.52776,-2.69851
270.366,1.52789,-2.69988
271.296,1.52801,-2.70124
272.226,1.52813,-2.70259
273.157,1.52825,-2.70394
274.088,1.52837,-2.70527
275.02,1.52849,-2.70659
275.952,1.52861,-2.70791
276.884,1.52873,-2.70921
277.818,1.52885,-2.71051
278.751,1.52896,-2.7118
279.685,1.52908,-2.71307
280.62,1.5292,-2.71435
281.555,1.52931,-2.71561
282.49,1.52942,-2.71686
283.426,1.52954,-2.71811
284.362,1.52965,-2.71935
285.299,1.52976,-2.72057
286.236,1.52987,-2.7218
287.174,1.52999,-2.72301
288.112,1.5301,-2.72422
289.05,1.5302,-2.72541
289.989,1.53031,-2.7266
290.928,1.53042,-2.72778
291.868,1.53053,-2.72896
292.808,1.53064,-2.73013
293.748,1.53074,-2.73129
294.689,1.53085,-2.73244
295.63,1.53095,-2.73358
296.572,1.53106,-2.73472
297.514,1.53116,-2.73585
298.456,1.53126,-2.73697
299.399,1.53137,-2.73809
300.342,1.53147,-2.7392
301.285,1.53157,-2.7403
302.229,1.53167,-2.7414
303.173,1.53177,-2.74248
304.118,1.53187,-2.74356
305.063,1.53197,-2.74464
306.008,1.53207,-2.74571
306.953,1.53217,-2.74677
307.899,1.53226,-2.74782
308.846,1.53236,-2.74887
309.792,1.53246,-2.74992
310.739,1.53255,-2.75095
311.686,1.53265,-2.75198
312.634,1.53274,-2.753
313.582,1.53283,-2.75402
314.53,1.53293,-2.75503
315.479,1.53302,-2.75604
316.428,1.53311,-2.75704
317.377,1.53321,-2.75803
318.326,1.5333,-2.75901
319.276,1.53339,-2.76
320.226,1.53348,-2.76097
321.177,1.53357,-2.76194
322.127,1.53366,-2.7629
323.078,1.53375,-2.76386
324.03,1.53384,-2.76481
324.981,1.53392,-2.76576
325.933,1.53401,-2.7667
326.885,1.5341,-2.76764
327.838,1.53418,-2.76857
328.79,1.53427,-2.76949
329.743,1.53436,-2.77041
330.697,1.53444,-2.77133
331.65,1.53453,-2.77224
332.604,1.53461,-2.77314
333.558,1.53469,-2.77404
334.512,1.53478,-2.77493
335.467,1.53486,-2.77582
336.422,1.53494,-2.7767
337.377,1.53502,-2.77758
338.333,1.53511,-2.77845
339.288,1.53519,-2.77932
340.244,1.53527,-2.78019
341.2,1.53535,-2.78105
342.157,1.53543,-2.7819
343.113,1.53551,-2.78275
344.07,1.53559,-2.78359
345.028,1.53567,-2.78443
345.985,1.53574,-2.78527
346.943,1.53582,-2.7861
347.9,1.5359,-2.78692
348.859,1.53598,-2.78775
349.817,1.53605,-2.78856
350.775,1.53613,-2.78937
351.734,1.5362,-2.79018
352.693,1.53628,-2.79099
353.653,1.53635,-2.79178
354.612,1.53643,-2.79258
355.572,1.5365,-2.79337
356.532,1.53658,-2.79416
357.492,1.53665,-2.79494
358.452,1.53672,-2.79572
359.413,1.5368,-2.79649
360.374,1.53687,-2.79726
361.335,1.53694,-2.79802
362.296,1.53701,-2.79879
363.257,1.53708,-2.79954
364.219,1.53715,-2.8003
365.181,1.53722,-2.80105
366.143,1.5373,-2.80179
367.105,1.53736,-2.80253
368.068,1.53743,-2.80327
369.03,1.5375,-2.804
369.993,1.53757,-2.80473
370.956,1.53764,-2.80546
371.919,1.53771,-2.80618
372.883,1.53778,-2.8069
373.847,1.53784,-2.80762
374.81,1.53791,-2.80833
375.774,1.53798,-2.80904
376.739,1.53804,-2.80974
377.703,1.53811,-2.81044
378.667,1.53818,-2.81114
379.632,1.53824,-2.81183
380.597,1.53831,-2.81252
381.562,1.53837,-2.81321
382.528,1.53844,-2.81389
383.493,1.5385,-2.81457
384.459,1.53857,-2.81524
385.424,1.53863,-2.81592
386.39,1.53869,-2.81659
387.357,1.53876,-2.81725
388.323,1.53882,-2.81791
389.289,1.53888,-2.81857
390.256,1.53894,-2.81923
391.223,1.539,-2.81988
392.19,1.53907,-2.82053
393.157,1.53913,-2.82118
394.124,1.53919,-2.82182
395.092,1.53925,-2.82246
396.06,1.53931,-2.8231
397.027,1.53937,-2.82373
397.995,1.53943,-2.82436
398.964,1.53949,-2.82499
399.932,1.53955,-2.82561
400.9,1.53961,-2.82623
401.869,1.53967,-2.82685
402.838,1.53972,-2.82747
403.807,1.53978,-2.82808
404.776,1.53984,-2.82869
405.745,1.5399,-2.8293
406.714,1.53996,-2.8299
407.684,1.54001,-2.8305
408.653,1.54007,-2.8311
409.623,1.54013,-2.8317
410.593,1.54018,-2.83229
411.563,1.54024,-2.83288
412.533,1.5403,-2.83346
413.504,1.54035,-2.83405
414.474,1.54041,-2.83463
415.445,1.54046,-2.83521
416.416,1.54052,-2.83578
417.387,1.54057,-2.83636
418.358,1.54063,-2.83693
419.329,1.54068,-2.8375
420.3,1.54073,-2.83806
421.272,1.54079,-2.83862
422.243,1.54084,-2.83918
423.215,1.54089,-2.83974
424.187,1.54095,-2.8403
425.159,1.541,-2.84085
426.131,1.54105,-2.8414
427.103,1.5411,-2.84195
428.076,1.54116,-2.84249
429.048,1.54121,-2.84303
430.021,1.54126,-2.84357
430.993,1.54131,-2.84411
431.966,1.54136,-2.84465
432.939,1.54141,-2.84518
433.912,1.54146,-2.84571
434.886,1.54151,-2.84624
435.859,1.54156,-2.84676
436.833,1.54161,-2.84729
437.806,1.54166,-2.84781
438.78,1.54171,-2.84833
439.754,1.54176,-2.84884
440.728,1.54181,-2.84936
441.702,1.54186,-2.84987
442.676,1.54191,-2.85038
443.65,1.54196,-2.85089
444.625,1.54201,-2.85139
445.599,1.54205,-2.85189
446.574,1.5421,-2.85239
447.549,1.54215,-2.85289
448.523,1.5422,-2.85339
449.498,1.54225,-2.85388
450.474,1.54229,-2.85438
451.449,1.54234,-2.85487
452.424,1.54239,-2.85535
453.399,1.54243,-2.85584
454.375,1.54248,-2.85632
455.351,1.54253,-2.8568
456.326,1.54257,-2.85728
457.302,1.54262,-2.85776
458.278,1.54266,-2.85824
459.254,1.54271,-2.85871
460.23,1.54275,-2.85918
461.207,1.5428,-2.85965
462.183,1.54284,-2.86012
463.159,1.54289,-2.86058
464.136,1.54293,-2.86105
465.112,1.54298,-2.86151
466.089,1.54302,-2.86197
467.066,1.54306,-2.86242
468.043,1.54311,-2.86288
469.02,1.54315,-2.86333
469.997,1.5432,-2.86379
470.974,1.54324,-2.86424
471.952,1.54328,-2.86468
472.929,1.54332,-2.86513
473.907,1.54337,-2.86558
474.884,1.54341,-2.86602
475.862,1.54345,-2.86646
476.84,1.54349,-2.8669
477.818,1.54354,-2.86734
478.796,1.54358,-2.86777
479.774,1.54362,-2.8682
480.752,1.54366,-2.86864
481.73,1.5437,-2.86907
482.708,1.54374,-2.86949
483.687,1.54379,-2.86992
484.665,1.54383,-2.87035
485.644,1.54387,-2.87077
486.623,1.54391,-2.87119
487.601,1.54395,-2.87161
488.58,1.54399,-2.87203
489.559,1.54403,-2.87245
490.538,1.54407,-2.87286
491.517,1.54411,-2.87327
492.497,1.54415,-2.87368
493.476,1.54419,-2.87409
494.455,1.54423,-2.8745
495.435,1.54427,-2.87491
496.414,1.54431,-2.87531
497.394,1.54434,-2.87572
498.374,1.54438,-2.87612
499.353,1.54442,-2.87652
500.333,1.54446,-2.87692
501.313,1.5445,-2.87732
502.293,1.54454,-2.87771
503.273,1.54457,-2.87811
504.253,1.54461,-2.8785
505.234,1.54465,-2.87889
506.214,1.54469,-2.87928
507.194,1.54472,-2.87967
508.175,1.54476,-2.88005
509.155,1.5448,-2.88044
510.136,1.54484,-2.88082
511.117,1.54487,-2.8812
512.097,1.54491,-2.88158
513.078,1.54495,-2.88196
514.059,1.54498,-2.88234
515.04,1.54502,-2.88272
516.021,1.54506,-2.88309
517.002,1.54509,-2.88346
517.984,1.54513,-2.88384
518.965,1.54516,-2.88421
519.946,1.5452,-2.88458
520.928,1.54523,-2.88494
521.909,1.54527,-2.88531
522.891,1.54531,-2.88568
523.872,1.54534,-2.88604
524.854,1.54538,-2.8864
525.836,1.54541,-2.88676
526.818,1.54545,-2.88712
527.8,1.54548,-2.88748
528.782,1.54551,-2.88784
529.764,1.54555,-2.88819
530.746,1.54558,-2.88855
531.728,1.54562,-2.8889
532.71,1.54565,-2.88925
533.693,1.54569,-2.8896
534.675,1.54572,-2.88995
535.657,1.54575,-2.8903
536.64,1.54579,-2.89064
537.622,1.54582,-2.89099
538.605,1.54585,-2.89133
539.588,1.54589,-2.89168
540.57,1.54592,-2.89202
541.553,1.54595,-2.89236
542.536,1.54598,-2.8927
543.519,1.54602,-2.89304
544.502,1.54605,-2.89337
545.485,1.54608,-2.89371
546.468,1.54612,-2.89404
547.452,1.54615,-2.89437
548.435,1.54618,-2.89471
549.418,1.54621,-2.89504
550.402,1.54624,-2.89537
551.385,1.54628,-2.89569
552.368,1.54631,-2.89602
553.352,1.54634,-2.89635
554.336,1.54637,-2.89667
555.319,1.5464,-2.89699
556.303,1.54643,-2.89732
557.287,1.54646,-2.89764
558.271,1.54649,-2.89796
559.255,1.54653,-2.89828
560.239,1.54656,-2.8986
561.223,1.54659,-2.89891
562.207,1.54662,-2.89923
563.191,1.54665,-2.89954
564.175,1.54668,-2.89986
565.159,1.54671,-2.90017
566.143,1.54674,-2.90048
567.128,1.54677,-2.90079
568.112,1.5468,-2.9011
569.097,1.54683,-2.90141
570.081,1.54686,-2.90171
571.066,1.54689,-2.90202
572.05,1.54692,-2.90232
573.035,1.54695,-2.90263
574.02,1.54698,-2.90293
575.005,1.54701,-2.90323
575.989,1.54704,-2.90353
576.974,1.54706,-2.90383
577.959,1.54709,-2.90413
578.944,1.54712,-2.90443
579.929,1.54715,-2.90473
580.914,1.54718,-2.90502
581.899,1.54721,-2.90532
582.885,1.54724,-2.90561
583.87,1.54727,-2.9059
584.855,1.54729,-2.90619
585.841,1.54732,-2.90648
586.826,1.54735,-2.90677
587.811,1.54738,-2.90706
588.797,1.54741,-2.90735
589.782,1.54743,-2.90764
590.768,1.54746,-2.90792
591.754,1.54749,-2.90821
592.739,1.54752,-2.90849
593.725,1.54755,-2.90878
594.711,1.54757,-2.90906
595.697,1.5476,-2.90934
596.683,1.54763,-2.90962
597.668,1.54765,-2.9099
598.654,1.54768,-2.91018
599.64,1.54771,-2.91045
600.626,1.54774,-2.91073
601.613,1.54776,-2.91101
602.599,1.54779,-2.91128
603.585,1.54782,-2.91155
604.571,1.54784,-2.91183
605.557,1.54787,-2.9121
606.544,1.54789,-2.91237
607.53,1.54792,-2.91264
608.517,1.54795,-2.91291
609.503,1.54797,-2.91318
610.49,1.548,-2.91345
611.476,1.54803,-2.91371
612.463,1.54805,-2.91398
613.449,1.54808,-2.91424
614.436,1.5481,-2.91451
615.423,1.54813,-2.91477
616.409,1.54815,-2.91503
617.396,1.54818,-2.9153
618.383,1.54821,-2.91556
619.37,1.54823,-2.91582
620.357,1.54826,-2.91608
621.344,1.54828,-2.91633
622.331,1.54831,-2.91659
623.318,1.54833,-2.91685
624.305,1.54836,-2.9171
625.292,1.54838,-2.91736
626.279,1.54841,-2.91761
627.267,1.54843,-2.91787
628.254,1.54845,-2.91812
629.241,1.54848,-2.91837
630.229,1.5485,-2.91862
631.216,1.54853,-2.91887
632.203,1.54855,-2.91912
633.191,1.54858,-2.91937
634.178,1.5486,-2.91962
635.166,1.54863,-2.91987
636.154,1.54865,-2.92011
637.141,1.54867,-2.92036
638.129,1.5487,-2.9206
639.116,1.54872,-2.92085
640.104,1.54874,-2.92109
641.092,1.54877,-2.92133
642.08,1.54879,-2.92158
643.068,1.54882,-2.92182
644.056,1.54884,-2.92206
645.043,1.54886,-2.9223
646.031,1.54889,-2.92254
647.019,1.54891,-2.92277
648.007,1.54893,-2.92301
648.996,1.54895,-2.92325
649.984,1.54898,-2.92348
650.972,1.549,-2.92372
651.96,1.54902,-2.92395
652.948,1.54905,-2.92419
653.936,1.54907,-2.92442
654.925,1.54909,-2.92465
655.913,1.54911,-2.92489
656.901,1.54914,-2.92512
657.89,1.54916,-2.92535
658.878,1.54918,-2.92558
659.867,1.5492,-2.92581
660.855,1.54923,-2.92603
661.844,1.54925,-2.92626
662.832,1.54927,-2.92649
663.821,1.54929,-2.92672
664.809,1.54932,-2.92694
665.798,1.54934,-2.92717
666.787,1.54936,-2.92739
667.776,1.54938,-2.92761
668.764,1.5494,-2.92784
669.753,1.54942,-2.92806
670.742,1.54945,-2.92828
671.731,1.54947,-2.9285
672.72,1.54949,-2.92872
673.709,1.54951,-2.92894
674.698,1.54953,-2.92916
675.687,1.54955,-2.92938
676.676,1.54957,-2.9296
677.665,1.5496,-2.92981
678.654,1.54962,-2.93003
679.643,1.54964,-2.93025
680.632,1.54966,-2.93046
681.621,1.54968,-2.93068
682.611,1.5497,-2.93089
683.6,1.54972,-2.9311
684.589,1.54974,-2.93132
685.578,1.54976,-2.93153
686.568,1.54978,-2.93174
687.557,1.5498,-2.93195
688.547,1.54983,-2.93216
689.536,1.54985,-2.93237
690.525,1.54987,-2.93258
691.515,1.54989,-2.93279
692.504,1.54991,-2.933
693.494,1.54993,-2.9332
694.484,1.54995,-2.93341
695.473,1.54997,-2.93362
696.463,1.54999,-2.93382
697.453,1.55001,-2.93403
698.442,1.55003,-2.93423
699.432,1.55005,-2.93444
700.422,1.55007,-2.93464
701.412,1.55009,-2.93484
702.401,1.55011,-2.93504
703.391,1.55013,-2.93525
704.381,1.55015,-2.93545
705.371,1.55017,-2.93565
706.361,1.55019,-2.93585
707.351,1.55021,-2.93605
708.341,1.55022,-2.93624
709.331,1.55024,-2.93644
710.321,1.55026,-2.93664
711.311,1.55028,-2.93684
712.301,1.5503,-2.93703
713.291,1.55032,-2.93723
714.281,1.55034,-2.93743
715.272,1.55036,-2.93762
716.262,1.55038,-2.93781
717.252,1.5504,-2.93801
718.242,1.55042,-2.9382
719.233,1.55044,-2.93839
720.223,1.55045,-2.93859
721.213,1.55047,-2.93878
722.204,1.55049,-2.93897
723.194,1.55051,-2.93916
724.185,1.55053,-2.93935
725.175,1.55055,-2.93954
726.166,1.55057,-2.93973
727.156,1.55058,-2.93992
728.147,1.5506,-2.94011
729.137,1.55062,-2.94029
730.128,1.55064,-2.94048
731.118,1.55066,-2.94067
732.109,1.55068,-2.94085
733.1,1.55069,-2.94104
734.09,1.55071,-2.94122
735.081,1.55073,-2.94141
736.072,1.55075,-2.94159
737.063,1.55077,-2.94178
738.053,1.55078,-2.94196
739.044,1.5508,-2.94214
740.035,1.55082,-2.94232
741.026,1.55084,-2.9425
742.017,1.55086,-2.94269
743.008,1.55087,-2.94287
743.999,1.55089,-2.94305
744.99,1.55091,-2.94323
745.98,1.55093,-2.94341
746.971,1.55094,-2.94358
747.963,1.55096,-2.94376
748.954,1.55098,-2.94394
749.945,1.551,-2.94412
750.936,1.55101,-2.94429
751.927,1.55103,-2.94447
752.918,1.55105,-2.94465
753.909,1.55106,-2.94482
754.9,1.55108,-2.945
755.892,1.5511,-2.94517
756.883,1.55112,-2.94535
757.874,1.55113,-2.94552
758.865,1.55115,-2.94569
759.857,1.55117,-2.94586
760.848,1.55118,-2.94604
761.839,1.5512,-2.94621
762.831,1.55122,-2.94638
763.822,1.55123,-2.94655
764.814,1.55125,-2.94672
765.805,1.55127,-2.94689
766.797,1.55128,-2.94706
767.788,1.5513,-2.94723
768.78,1.55132,-2.9474
769.771,1.55133,-2.94757
770.763,1.55135,-2.94773
771.754,1.55137,-2.9479
772.746,1.55138,-2.94807
773.737,1.5514,-2.94824
774.729,1.55142,-2.9484
775.721,1.55143,-2.94857
776.712,1.55145,-2.94873
777.704,1.55146,-2.9489
778.696,1.55148,-2.94906
779.688,1.5515,-2.94923
780.679,1.55151,-2.94939
781.671,1.55153,-2.94955
782.663,1.55154,-2.94971
783.655,1.55156,-2.94988
784.647,1.55158,-2.95004
785.639,1.55159,-2.9502
786.63,1.55161,-2.95036
787.622,1.55162,-2.95052
788.614,1.55164,-2.95068
789.606,1.55166,-2.95084
790.598,1.55167,-2.951
791.59,1.55169,-2.95116
792.582,1.5517,-2.95132
793.574,1.55172,-2.95148
794.566,1.55173,-2.95164
795.558,1.55175,-2.95179
796.55,1.55176,-2.95195
797.543,1.55178,-2.95211
798.535,1.55179,-2.95226
799.527,1.55181,-2.95242
800.519,1.55183,-2.95258
801.511,1.55184,-2.95273
802.503,1.55186,-2.95289
803.496,1.55187,-2.95304
804.488,1.55189,-2.95319
805.48,1.5519,-2.95335
806.472,1.55192,-2.9535
807.465,1.55193,-2.95365
808.457,1.55195,-2.95381
809.449,1.55196,-2.95396
810.442,1.55198,-2.95411
811.434,1.55199,-2.95426
812.427,1.55201,-2.95441
813.419,1.55202,-2.95456
814.411,1.55204,-2.95471
815.404,1.55205,-2.95486
816.396,1.55206,-2.95501
817.389,1.55208,-2.95516
818.381,1.55209,-2.95531
819.374,1.55211,-2.95546
820.367,1.55212,-2.95561
821.359,1.55214,-2.95576
822.352,1.55215,-2.9559
823.344,1.55217,-2.95605
824.337,1.55218,-2.9562
825.33,1.5522,-2.95634
826.322,1.55221,-2.95649
827.315,1.55222,-2.95663
828.308,1.55224,-2.95678
829.3,1.55225,-2.95692
830.293,1.55227,-2.95707
831.286,1.55228,-2.95721
832.278,1.55229,-2.95736
833.271,1.55231,-2.9575
834.264,1.55232,-2.95764
835.257,1.55234,-2.95779
836.25,1.55235,-2.95793
837.243,1.55237,-2.95807
838.235,1.55238,-2.95821
839.228,1.55239,-2.95835
840.221,1.55241,-2.9585
841.214,1.55242,-2.95864
842.207,1.55243,-2.95878
843.2,1.55245,-2.95892
844.193,1.55246,-2.95906
845.186,1.55248,-2.9592
846.179,1.55249,-2.95934
847.172,1.5525,-2.95948
848.165,1.55252,-2.95961
849.158,1.55253,-2.95975
850.151,1.55254,-2.95989
851.144,1.55256,-2.96003
852.137,1.55257,-2.96016
853.13,1.55258,-2.9603
854.124,1.5526,-2.96044
855.117,1.55261,-2.96057
856.11,1.55262,-2.96071
857.103,1.55264,-2.96085
858.096,1.55265,-2.96098
859.089,1.55266,-2.96112
860.083,1.55268,-2.96125
861.076,1.55269,-2.96139
862.069,1.5527,-2.96152
863.062,1.55272,-2.96165
864.056,1.55273,-2.96179
865.049,1.55274,-2.96192
866.042,1.55276,-2.96205
867.036,1.55277,-2.96219
868.029,1.55278,-2.96232
869.022,1.5528,-2.96245
870.016,1.55281,-2.96258
871.009,1.55282,-2.96271
872.002,1.55283,-2.96284
872.996,1.55285,-2.96297
873.989,1.55286,-2.96311
874.983,1.55287,-2.96324
875.976,1.55289,-2.96337
876.97,1.5529,-2.9635
877.963,1.55291,-2.96362
878.957,1.55292,-2.96375
879.95,1.55294,-2.96388
880.944,1.55295,-2.96401
881.937,1.55296,-2.96414
882.931,1.55297,-2.96427
883.925,1.55299,-2.96439
884.918,1.553,-2.96452
885.912,1.55301,-2.96465
886.905,1.55302,-2.96478
887.899,1.55304,-2.9649
888.893,1.55305,-2.96503
889.886,1.55306,-2.96515
890.88,1.55307,-2.96528
891.874,1.55309,-2.9654
892.867,1.5531,-2.96553
893.861,1.55311,-2.96565
894.855,1.55312,-2.96578
895.849,1.55314,-2.9659
896.842,1.55315,-2.96603
897.836,1.55316,-2.96615
898.83,1.55317,-2.96627
899.824,1.55318,-2.9664
900.818,1.5532,-2.96652
901.811,1.55321,-2.96664
902.805,1.55322,-2.96676
903.799,1.55323,-2.96689
904.793,1.55324,-2.96701
905.787,1.55326,-2.96713
906.781,1.55327,-2.96725
907.775,1.55328,-2.96737
908.769,1.55329,-2.96749
909.763,1.5533,-2.96761
910.757,1.55332,-2.96773
911.751,1.55333,-2.96785
912.745,1.55334,-2.96797
913.739,1.55335,-2.96809
914.733,1.55336,-2.96821
915.727,1.55337,-2.96833
916.721,1.55339,-2.96845
917.715,1.5534,-2.96857
918.709,1.55341,-2.96868
919.703,1.55342,-2.9688
920.697,1.55343,-2.96892
921.691,1.55344,-2.96904
922.685,1.55346,-2.96915
923.679,1.55347,-2.96927
924.673,1.55348,-2.96939
925.668,1.55349,-2.9695
926.662,1.5535,-2.96962
927.656,1.55351,-2.96974
928.65,1.55352,-2.96985
929.644,1.55354,-2.96997
930.639,1.55355,-2.97008
931.633,1.55356,-2.9702
932.627,1.55357,-2.97031
933.621,1.55358,-2.97043
934.616,1.55359,-2.97054
935.61,1.5536,-2.97065
936.604,1.55361,-2.97077
937.598,1.55363,-2.97088
938.593,1.55364,-2.97099
939.587,1.55365,-2.97111
940.581,1.55366,-2.97122
941.576,1.55367,-2.97133
942.57,1.55368,-2.97144
943.564,1.55369,-2.97156
944.559,1.5537,-2.97167
945.553,1.55371,-2.97178
946.548,1.55372,-2.97189
947.542,1.55374,-2.972
948.536,1.55375,-2.97211
949.531,1.55376,-2.97222
950.525,1.55377,-2.97233
951.52,1.55378,-2.97244
952.514,1.55379,-2.97255
953.509,1.5538,-2.97266
954.503,1.55381,-2.97277
955.498,1.55382,-2.97288
956.492,1.55383,-2.97299
957.487,1.55384,-2.9731
958.481,1.55385,-2.97321
959.476,1.55387,-2.97332
960.471,1.55388,-2.97342
961.465,1.55389,-2.97353
962.46,1.5539,-2.97364
963.454,1.55391,-2.97375
964.449,1.55392,-2.97385
965.444,1.55393,-2.97396
966.438,1.55394,-2.97407
967.433,1.55395,-2.97417
968.428,1.55396,-2.97428
969.422,1.55397,-2.97439
970.417,1.55398,-2.97449
971.412,1.55399,-2.9746
972.406,1.554,-2.9747
973.401,1.55401,-2.97481
974.396,1.55402,-2.97491
975.39,1.55403,-2.97502
976.385,1.55404,-2.97512
977.38,1.55405,-2.97523
978.375,1.55406,-2.97533
979.369,1.55407,-2.97543
980.364,1.55408,-2.97554
981.359,1.55409,-2.97564
982.354,1.5541,-2.97574
983.349,1.55411,-2.97585
984.344,1.55413,-2.97595
985.338,1.55414,-2.97605
986.333,1.55415,-2.97616
987.328,1.55416,-2.97626
988.323,1.55417,-2.97636
989.318,1.55418,-2.97646
990.313,1.55419,-2.97656
991.308,1.5542,-2.97666
992.303,1.55421,-2.97677
993.297,1.55422,-2.97687
994.292,1.55423,-2.97697
995.287,1.55424,-2.97707
996.282,1.55425,-2.97717
997.277,1.55425,-2.97727
998.272,1.55426,-2.97737
999.267,1.55427,-2.97747
1000.26,1.55428,-2.97757
1001.26,1.55429,-2.97767
1002.25,1.5543,-2.97777
1003.25,1.55431,-2.97787
1004.24,1.55432,-2.97796
1005.24,1.55433,-2.97806
1006.23,1.55434,-2.97816
1007.23,1.55435,-2.97826
1008.22,1.55436,-2.97836
