1001,1.5709,0.00158074
1001.99,1.57099,0.00159066
1002.99,1.57109,0.00160056
1003.98,1.57119,0.00161044
1004.98,1.57129,0.0016203
1005.97,1.57139,0.00163014
1006.97,1.57149,0.00163996
1007.96,1.57159,0.00164977
1008.96,1.57168,0.00165955
1009.95,1.57178,0.00166931
1010.95,1.57188,0.00167906
1011.94,1.57198,0.00168879
1012.94,1.57207,0.00169849
1013.93,1.57217,0.00170818
1014.93,1.57227,0.00171785
1015.92,1.57236,0.0017275
1016.92,1.57246,0.00173713
1017.91,1.57256,0.00174674
1018.91,1.57265,0.00175634
1019.9,1.57275,0.00176591
1020.9,1.57284,0.00177547
1021.89,1.57294,0.00178501
1022.89,1.57303,0.00179452
1023.88,1.57313,0.00180402
1024.88,1.57322,0.00181351
1025.87,1.57332,0.00182297
1026.87,1.57341,0.00183242
1027.86,1.57351,0.00184184
1028.86,1.5736,0.00185125
1029.86,1.57369,0.00186064
1030.85,1.57379,0.00187001
1031.85,1.57388,0.00187937
1032.84,1.57398,0.00188871
1033.84,1.57407,0.00189802
1034.83,1.57416,0.00190732
1035.83,1.57425,0.00191661
1036.82,1.57435,0.00192587
1037.82,1.57444,0.00193512
1038.81,1.57453,0.00194435
1039.81,1.57462,0.00195356
1040.8,1.57472,0.00196275
1041.8,1.57481,0.00197193
1042.79,1.5749,0.00198109
1043.79,1.57499,0.00199023
1044.79,1.57508,0.00199935
1045.78,1.57517,0.00200846
1046.78,1.57526,0.00201755
1047.77,1.57535,0.00202662
1048.77,1.57545,0.00203568
1049.76,1.57554,0.00204472
1050.76,1.57563,0.00205374
1051.75,1.57572,0.00206274
1052.75,1.57581,0.00207173
1053.74,1.5759,0.0020807
1054.74,1.57598,0.00208965
1055.74,1.57607,0.00209858
1056.73,1.57616,0.0021075
1057.73,1.57625,0.00211641
1058.72,1.57634,0.00212529
1059.72,1.57643,0.00213416
1060.71,1.57652,0.00214301
1061.71,1.57661,0.00215185
1062.7,1.57669,0.00216067
1063.7,1.57678,0.00216947
1064.7,1.57687,0.00217826
1065.69,1.57696,0.00218703
1066.69,1.57705,0.00219578
1067.68,1.57713,0.00220452
1068.68,1.57722,0.00221324
1069.67,1.57731,0.00222194
1070.67,1.57739,0.00223063
1071.67,1.57748,0.0022393
1072.66,1.57757,0.00224796
1073.66,1.57765,0.0022566
1074.65,1.57774,0.00226522
1075.65,1.57783,0.00227383
1076.64,1.57791,0.00228242
1077.64,1.578,0.002291
1078.63,1.57808,0.00229956
1079.63,1.57817,0.0023081
1080.63,1.57825,0.00231663
1081.62,1.57834,0.00232514
1082.62,1.57842,0.00233364
1083.61,1.57851,0.00234212
1084.61,1.57859,0.00235059
1085.61,1.57868,0.00235904
1086.6,1.57876,0.00236748
1087.6,1.57885,0.0023759
1088.59,1.57893,0.0023843
1089.59,1.57902,0.00239269
1090.58,1.5791,0.00240107
1091.58,1.57918,0.00240942
1092.58,1.57927,0.00241777
1093.57,1.57935,0.0024261
1094.57,1.57943,0.00243441
1095.56,1.57952,0.00244271
1096.56,1.5796,0.00245099
1097.55,1.57968,0.00245926
1098.55,1.57976,0.00246751
1099.55,1.57985,0.00247575
1100.54,1.57993,0.00248397
1101.54,1.58001,0.00249218
1102.53,1.58009,0.00250037
1103.53,1.58017,0.00250855
1104.53,1.58026,0.00251672
1105.52,1.58034,0.00252487
1106.52,1.58042,0.002533
1107.51,1.5805,0.00254112
1108.51,1.58058,0.00254923
1109.51,1.58066,0.00255732
1110.5,1.58074,0.00256539
1111.5,1.58082,0.00257345
1112.49,1.5809,0.0025815
1113.49,1.58098,0.00258954
1114.49,1.58106,0.00259755
1115.48,1.58114,0.00260556
1116.48,1.58122,0.00261355
1117.47,1.5813,0.00262152
1118.47,1.58138,0.00262949
1119.47,1.58146,0.00263743
1120.46,1.58154,0.00264537
1121.46,1.58162,0.00265329
1122.45,1.5817,0.00266119
1123.45,1.58178,0.00266908
1124.45,1.58186,0.00267696
1125.44,1.58194,0.00268482
1126.44,1.58201,0.00269267
1127.43,1.58209,0.00270051
1128.43,1.58217,0.00270833
1129.43,1.58225,0.00271614
1130.42,1.58233,0.00272393
1131.42,1.58241,0.00273172
1132.41,1.58248,0.00273948
1133.41,1.58256,0.00274724
1134.41,1.58264,0.00275498
1135.4,1.58271,0.0027627
1136.4,1.58279,0.00277041
1137.39,1.58287,0.00277811
1138.39,1.58295,0.0027858
1139.39,1.58302,0.00279347
1140.38,1.5831,0.00280113
1141.38,1.58318,0.00280878
1142.38,1.58325,0.00281641
1143.37,1.58333,0.00282403
1144.37,1.5834,0.00283163
1145.36,1.58348,0.00283923
1146.36,1.58356,0.0028468
1147.36,1.58363,0.00285437
1148.35,1.58371,0.00286192
1149.35,1.58378,0.00286946
1150.34,1.58386,0.00287699
1151.34,1.58393,0.0028845
1152.34,1.58401,0.00289201
1153.33,1.58408,0.00289949
1154.33,1.58416,0.00290697
1155.33,1.58423,0.00291443
1156.32,1.58431,0.00292188
1157.32,1.58438,0.00292932
1158.31,1.58445,0.00293674
1159.31,1.58453,0.00294415
1160.31,1.5846,0.00295155
1161.3,1.58468,0.00295894
1162.3,1.58475,0.00296631
1163.3,1.58482,0.00297367
1164.29,1.5849,0.00298102
1165.29,1.58497,0.00298835
1166.29,1.58504,0.00299567
1167.28,1.58512,0.00300298
1168.28,1.58519,0.00301028
1169.27,1.58526,0.00301757
1170.27,1.58534,0.00302484
1171.27,1.58541,0.0030321
1172.26,1.58548,0.00303935
1173.26,1.58555,0.00304659
1174.26,1.58563,0.00305381
1175.25,1.5857,0.00306102
1176.25,1.58577,0.00306822
1177.25,1.58584,0.00307541
1178.24,1.58591,0.00308258
1179.24,1.58598,0.00308975
1180.23,1.58606,0.0030969
1181.23,1.58613,0.00310403
1182.23,1.5862,0.00311116
1183.22,1.58627,0.00311828
1184.22,1.58634,0.00312538
1185.22,1.58641,0.00313247
1186.21,1.58648,0.00313955
1187.21,1.58655,0.00314662
1188.21,1.58662,0.00315367
1189.2,1.58669,0.00316071
1190.2,1.58676,0.00316775
1191.2,1.58683,0.00317477
1192.19,1.5869,0.00318177
1193.19,1.58697,0.00318877
1194.18,1.58704,0.00319576
1195.18,1.58711,0.00320273
1196.18,1.58718,0.00320969
1197.17,1.58725,0.00321664
1198.17,1.58732,0.00322358
1199.17,1.58739,0.00323051
1200.16,1.58746,0.00323742
1201.16,1.58753,0.00324433
1202.16,1.5876,0.00325122
1203.15,1.58767,0.0032581
1204.15,1.58774,0.00326497
1205.15,1.58781,0.00327183
1206.14,1.58787,0.00327867
1207.14,1.58794,0.00328551
1208.14,1.58801,0.00329233
1209.13,1.58808,0.00329915
1210.13,1.58815,0.00330595
1211.13,1.58821,0.00331274
1212.12,1.58828,0.00331952
1213.12,1.58835,0.00332629
1214.12,1.58842,0.00333305
1215.11,1.58848,0.00333979
1216.11,1.58855,0.00334653
1217.11,1.58862,0.00335325
1218.1,1.58869,0.00335997
1219.1,1.58875,0.00336667
1220.1,1.58882,0.00337336
1221.09,1.58889,0.00338004
1222.09,1.58895,0.00338671
1223.09,1.58902,0.00339337
1224.08,1.58909,0.00340002
1225.08,1.58915,0.00340666
1226.08,1.58922,0.00341328
1227.07,1.58929,0.0034199
1228.07,1.58935,0.0034265
1229.07,1.58942,0.0034331
1230.06,1.58948,0.00343968
1231.06,1.58955,0.00344626
1232.06,1.58961,0.00345282
1233.05,1.58968,0.00345937
1234.05,1.58975,0.00346591
1235.05,1.58981,0.00347244
1236.04,1.58988,0.00347896
1237.04,1.58994,0.00348547
1238.04,1.59001,0.00349197
1239.03,1.59007,0.00349846
1240.03,1.59014,0.00350494
1241.03,1.5902,0.00351141
1242.02,1.59026,0.00351786
1243.02,1.59033,0.00352431
1244.02,1.59039,0.00353075
1245.01,1.59046,0.00353718
1246.01,1.59052,0.00354359
1247.01,1.59059,0.00355
1248,1.59065,0.00355639
1249,1.59071,0.00356278
1250,1.59078,0.00356916
1250.99,1.59084,0.00357552
1251.99,1.5909,0.00358188
1252.99,1.59097,0.00358822
1253.98,1.59103,0.00359456
1254.98,1.59109,0.00360088
1255.98,1.59116,0.0036072
1256.97,1.59122,0.0036135
1257.97,1.59128,0.0036198
1258.97,1.59135,0.00362608
1259.97,1.59141,0.00363236
1260.96,1.59147,0.00363862
1261.96,1.59153,0.00364488
1262.96,1.5916,0.00365112
1263.95,1.59166,0.00365736
1264.95,1.59172,0.00366359
1265.95,1.59178,0.0036698
1266.94,1.59185,0.00367601
1267.94,1.59191,0.00368221
1268.94,1.59197,0.00368839
1269.93,1.59203,0.00369457
1270.93,1.59209,0.00370074
1271.93,1.59215,0.0037069
1272.92,1.59222,0.00371304
1273.92,1.59228,0.00371918
1274.92,1.59234,0.00372531
1275.92,1.5924,0.00373143
1276.91,1.59246,0.00373754
1277.91,1.59252,0.00374364
1278.91,1.59258,0.00374973
1279.9,1.59264,0.00375581
1280.9,1.5927,0.00376189
1281.9,1.59276,0.00376795
1282.89,1.59282,0.003774
1283.89,1.59289,0.00378005
1284.89,1.59295,0.00378608
1285.89,1.59301,0.00379211
1286.88,1.59307,0.00379812
1287.88,1.59313,0.00380413
1288.88,1.59319,0.00381013
1289.87,1.59325,0.00381611
1290.87,1.59331,0.00382209
1291.87,1.59337,0.00382806
1292.86,1.59342,0.00383402
1293.86,1.59348,0.00383997
1294.86,1.59354,0.00384592
1295.86,1.5936,0.00385185
1296.85,1.59366,0.00385777
1297.85,1.59372,0.00386369
1298.85,1.59378,0.00386959
1299.84,1.59384,0.00387549
1300.84,1.5939,0.00388138
1301.84,1.59396,0.00388726
1302.83,1.59402,0.00389312
1303.83,1.59407,0.00389899
1304.83,1.59413,0.00390484
1305.83,1.59419,0.00391068
1306.82,1.59425,0.00391651
1307.82,1.59431,0.00392234
1308.82,1.59437,0.00392816
1309.81,1.59442,0.00393396
1310.81,1.59448,0.00393976
1311.81,1.59454,0.00394555
1312.81,1.5946,0.00395133
1313.8,1.59465,0.0039571
1314.8,1.59471,0.00396287
1315.8,1.59477,0.00396862
1316.79,1.59483,0.00397437
1317.79,1.59488,0.00398011
1318.79,1.59494,0.00398583
1319.78,1.595,0.00399155
1320.78,1.59506,0.00399727
1321.78,1.59511,0.00400297
1322.78,1.59517,0.00400866
1323.77,1.59523,0.00401435
1324.77,1.59528,0.00402003
1325.77,1.59534,0.00402569
1326.76,1.5954,0.00403135
1327.76,1.59545,0.00403701
1328.76,1.59551,0.00404265
1329.76,1.59557,0.00404828
1330.75,1.59562,0.00405391
1331.75,1.59568,0.00405953
1332.75,1.59573,0.00406514
1333.75,1.59579,0.00407074
1334.74,1.59585,0.00407633
1335.74,1.5959,0.00408192
1336.74,1.59596,0.00408749
1337.73,1.59601,0.00409306
1338.73,1.59607,0.00409862
1339.73,1.59612,0.00410417
1340.73,1.59618,0.00410971
1341.72,1.59624,0.00411525
1342.72,1.59629,0.00412077
1343.72,1.59635,0.00412629
1344.71,1.5964,0.0041318
1345.71,1.59646,0.0041373
1346.71,1.59651,0.0041428
1347.71,1.59657,0.00414828
1348.7,1.59662,0.00415376
1349.7,1.59667,0.00415923
1350.7,1.59673,0.00416469
1351.7,1.59678,0.00417015
1352.69,1.59684,0.00417559
1353.69,1.59689,0.00418103
1354.69,1.59695,0.00418646
1355.68,1.597,0.00419188
1356.68,1.59706,0.00419729
1357.68,1.59711,0.0042027
1358.68,1.59716,0.0042081
1359.67,1.59722,0.00421349
1360.67,1.59727,0.00421887
1361.67,1.59732,0.00422424
1362.67,1.59738,0.00422961
1363.66,1.59743,0.00423497
1364.66,1.59749,0.00424032
1365.66,1.59754,0.00424566
1366.65,1.59759,0.004251
1367.65,1.59765,0.00425632
1368.65,1.5977,0.00426164
1369.65,1.59775,0.00426696
1370.64,1.5978,0.00427226
1371.64,1.59786,0.00427756
1372.64,1.59791,0.00428284
1373.64,1.59796,0.00428813
1374.63,1.59802,0.0042934
1375.63,1.59807,0.00429866
1376.63,1.59812,0.00430392
1377.63,1.59817,0.00430917
1378.62,1.59823,0.00431442
1379.62,1.59828,0.00431965
1380.62,1.59833,0.00432488
1381.61,1.59838,0.0043301
1382.61,1.59843,0.00433531
1383.61,1.59849,0.00434052
1384.61,1.59854,0.00434572
1385.6,1.59859,0.00435091
1386.6,1.59864,0.00435609
1387.6,1.59869,0.00436126
1388.6,1.59875,0.00436643
1389.59,1.5988,0.00437159
1390.59,1.59885,0.00437675
1391.59,1.5989,0.00438189
1392.59,1.59895,0.00438703
1393.58,1.599,0.00439216
1394.58,1.59905,0.00439728
1395.58,1.5991,0.0044024
1396.58,1.59916,0.00440751
1397.57,1.59921,0.00441261
1398.57,1.59926,0.00441771
1399.57,1.59931,0.00442279
1400.57,1.59936,0.00442787
1401.56,1.59941,0.00443295
1402.56,1.59946,0.00443801
1403.56,1.59951,0.00444307
1404.56,1.59956,0.00444812
1405.55,1.59961,0.00445317
1406.55,1.59966,0.0044582
1407.55,1.59971,0.00446323
1408.55,1.59976,0.00446826
1409.54,1.59981,0.00447327
1410.54,1.59986,0.00447828
1411.54,1.59991,0.00448328
1412.54,1.59996,0.00448828
1413.53,1.60001,0.00449327
1414.53,1.60006,0.00449825
1415.53,1.60011,0.00450322
1416.53,1.60016,0.00450819
1417.52,1.60021,0.00451315
1418.52,1.60026,0.0045181
1419.52,1.60031,0.00452304
1420.52,1.60036,0.00452798
1421.51,1.60041,0.00453291
1422.51,1.60046,0.00453784
1423.51,1.60051,0.00454276
1424.51,1.60056,0.00454767
1425.5,1.60061,0.00455257
1426.5,1.60065,0.00455747
1427.5,1.6007,0.00456236
1428.5,1.60075,0.00456724
1429.49,1.6008,0.00457212
1430.49,1.60085,0.00457699
1431.49,1.6009,0.00458186
1432.49,1.60095,0.00458671
1433.48,1.60099,0.00459156
1434.48,1.60104,0.00459641
1435.48,1.60109,0.00460124
1436.48,1.60114,0.00460607
1437.47,1.60119,0.00461089
1438.47,1.60124,0.00461571
1439.47,1.60128,0.00462052
1440.47,1.60133,0.00462532
1441.46,1.60138,0.00463012
1442.46,1.60143,0.00463491
1443.46,1.60148,0.00463969
1444.46,1.60152,0.00464447
1445.45,1.60157,0.00464924
1446.45,1.60162,0.004654
1447.45,1.60167,0.00465876
1448.45,1.60171,0.00466351
1449.45,1.60176,0.00466825
1450.44,1.60181,0.00467299
1451.44,1.60186,0.00467772
1452.44,1.6019,0.00468245
1453.44,1.60195,0.00468717
1454.43,1.602,0.00469188
1455.43,1.60204,0.00469658
1456.43,1.60209,0.00470128
1457.43,1.60214,0.00470597
1458.42,1.60218,0.00471066
1459.42,1.60223,0.00471534
1460.42,1.60228,0.00472001
1461.42,1.60232,0.00472468
1462.41,1.60237,0.00472934
1463.41,1.60242,0.00473399
1464.41,1.60246,0.00473864
1465.41,1.60251,0.00474328
1466.41,1.60256,0.00474792
1467.4,1.6026,0.00475254
1468.4,1.60265,0.00475717
1469.4,1.6027,0.00476178
1470.4,1.60274,0.00476639
1471.39,1.60279,0.004771
1472.39,1.60283,0.00477559
1473.39,1.60288,0.00478018
1474.39,1.60292,0.00478477
1475.38,1.60297,0.00478935
1476.38,1.60302,0.00479392
1477.38,1.60306,0.00479849
1478.38,1.60311,0.00480305
1479.38,1.60315,0.0048076
1480.37,1.6032,0.00481215
1481.37,1.60324,0.00481669
1482.37,1.60329,0.00482123
1483.37,1.60333,0.00482576
1484.36,1.60338,0.00483028
1485.36,1.60342,0.0048348
1486.36,1.60347,0.00483931
1487.36,1.60351,0.00484382
1488.35,1.60356,0.00484832
1489.35,1.6036,0.00485281
1490.35,1.60365,0.0048573
1491.35,1.60369,0.00486178
1492.35,1.60374,0.00486625
1493.34,1.60378,0.00487072
1494.34,1.60383,0.00487519
1495.34,1.60387,0.00487964
1496.34,1.60392,0.0048841
1497.33,1.60396,0.00488854
1498.33,1.60401,0.00489298
1499.33,1.60405,0.00489742
1500.33,1.60409,0.00490184
1501.33,1.60414,0.00490627
1502.32,1.60418,0.00491068
1503.32,1.60423,0.00491509
1504.32,1.60427,0.0049195
1505.32,1.60431,0.0049239
1506.31,1.60436,0.00492829
1507.31,1.6044,0.00493268
1508.31,1.60445,0.00493706
1509.31,1.60449,0.00494143
1510.31,1.60453,0.0049458
1511.3,1.60458,0.00495017
1512.3,1.60462,0.00495453
1513.3,1.60466,0.00495888
1514.3,1.60471,0.00496323
1515.29,1.60475,0.00496757
1516.29,1.60479,0.0049719
1517.29,1.60484,0.00497623
1518.29,1.60488,0.00498056
1519.29,1.60492,0.00498488
1520.28,1.60497,0.00498919
1521.28,1.60501,0.0049935
1522.28,1.60505,0.0049978
1523.28,1.6051,0.00500209
1524.28,1.60514,0.00500638
1525.27,1.60518,0.00501067
1526.27,1.60522,0.00501495
1527.27,1.60527,0.00501922
1528.27,1.60531,0.00502349
1529.26,1.60535,0.00502775
1530.26,1.60539,0.00503201
1531.26,1.60544,0.00503626
1532.26,1.60548,0.00504051
1533.26,1.60552,0.00504475
1534.25,1.60556,0.00504898
1535.25,1.60561,0.00505321
1536.25,1.60565,0.00505743
1537.25,1.60569,0.00506165
1538.25,1.60573,0.00506587
1539.24,1.60577,0.00507007
1540.24,1.60582,0.00507428
1541.24,1.60586,0.00507847
1542.24,1.6059,0.00508266
1543.24,1.60594,0.00508685
1544.23,1.60598,0.00509103
1545.23,1.60603,0.0050952
1546.23,1.60607,0.00509937
1547.23,1.60611,0.00510354
1548.22,1.60615,0.0051077
1549.22,1.60619,0.00511185
1550.22,1.60623,0.005116
1551.22,1.60627,0.00512014
1552.22,1.60632,0.00512428
1553.21,1.60636,0.00512841
1554.21,1.6064,0.00513254
1555.21,1.60644,0.00513666
1556.21,1.60648,0.00514078
1557.21,1.60652,0.00514489
1558.2,1.60656,0.00514899
1559.2,1.6066,0.00515309
1560.2,1.60664,0.00515719
1561.2,1.60669,0.00516128
1562.2,1.60673,0.00516536
1563.19,1.60677,0.00516944
1564.19,1.60681,0.00517352
1565.19,1.60685,0.00517759
1566.19,1.60689,0.00518165
1567.19,1.60693,0.00518571
1568.18,1.60697,0.00518977
1569.18,1.60701,0.00519381
1570.18,1.60705,0.00519786
1571.18,1.60709,0.0052019
1572.18,1.60713,0.00520593
1573.17,1.60717,0.00520996
1574.17,1.60721,0.00521398
1575.17,1.60725,0.005218
1576.17,1.60729,0.00522201
1577.17,1.60733,0.00522602
1578.16,1.60737,0.00523002
1579.16,1.60741,0.00523402
1580.16,1.60745,0.00523801
1581.16,1.60749,0.005242
1582.16,1.60753,0.00524598
1583.15,1.60757,0.00524996
1584.15,1.60761,0.00525394
1585.15,1.60765,0.0052579
1586.15,1.60769,0.00526187
1587.15,1.60773,0.00526582
1588.14,1.60777,0.00526978
1589.14,1.60781,0.00527372
1590.14,1.60785,0.00527767
1591.14,1.60789,0.00528161
1592.14,1.60793,0.00528554
1593.13,1.60797,0.00528947
1594.13,1.60801,0.00529339
1595.13,1.60804,0.00529731
1596.13,1.60808,0.00530122
1597.13,1.60812,0.00530513
1598.12,1.60816,0.00530903
1599.12,1.6082,0.00531293
1600.12,1.60824,0.00531683
1601.12,1.60828,0.00532072
1602.12,1.60832,0.0053246
1603.11,1.60836,0.00532848
1604.11,1.60839,0.00533235
1605.11,1.60843,0.00533622
1606.11,1.60847,0.00534009
1607.11,1.60851,0.00534395
1608.1,1.60855,0.00534781
1609.1,1.60859,0.00535166
1610.1,1.60863,0.0053555
1611.1,1.60866,0.00535934
1612.1,1.6087,0.00536318
1613.09,1.60874,0.00536701
1614.09,1.60878,0.00537084
1615.09,1.60882,0.00537466
1616.09,1.60885,0.00537848
1617.09,1.60889,0.00538229
1618.08,1.60893,0.0053861
1619.08,1.60897,0.0053899
1620.08,1.60901,0.0053937
1621.08,1.60904,0.0053975
1622.08,1.60908,0.00540129
1623.08,1.60912,0.00540507
1624.07,1.60916,0.00540885
1625.07,1.6092,0.00541263
1626.07,1.60923,0.0054164
1627.07,1.60927,0.00542016
1628.07,1.60931,0.00542392
1629.06,1.60935,0.00542768
1630.06,1.60938,0.00543143
1631.06,1.60942,0.00543518
1632.06,1.60946,0.00543893
1633.06,1.6095,0.00544266
1634.05,1.60953,0.0054464
1635.05,1.60957,0.00545013
1636.05,1.60961,0.00545385
1637.05,1.60964,0.00545757
1638.05,1.60968,0.00546129
1639.05,1.60972,0.005465
1640.04,1.60976,0.00546871
1641.04,1.60979,0.00547241
1642.04,1.60983,0.00547611
1643.04,1.60987,0.0054798
1644.04,1.6099,0.00548349
1645.03,1.60994,0.00548718
1646.03,1.60998,0.00549086
1647.03,1.61001,0.00549453
1648.03,1.61005,0.00549821
1649.03,1.61009,0.00550187
1650.03,1.61012,0.00550553
1651.02,1.61016,0.00550919
1652.02,1.6102,0.00551285
1653.02,1.61023,0.0055165
1654.02,1.61027,0.00552014
1655.02,1.61031,0.00552378
1656.01,1.61034,0.00552742
1657.01,1.61038,0.00553105
1658.01,1.61041,0.00553468
1659.01,1.61045,0.0055383
1660.01,1.61049,0.00554192
1661.01,1.61052,0.00554553
1662,1.61056,0.00554914
1663,1.61059,0.00555275
1664,1.61063,0.00555635
1665,1.61067,0.00555995
1666,1.6107,0.00556354
1666.99,1.61074,0.00556713
1667.99,1.61077,0.00557071
1668.99,1.61081,0.00557429
1669.99,1.61085,0.00557787
1670.99,1.61088,0.00558144
1671.99,1.61092,0.00558501
1672.98,1.61095,0.00558857
1673.98,1.61099,0.00559213
1674.98,1.61102,0.00559568
1675.98,1.61106,0.00559923
1676.98,1.61109,0.00560278
1677.97,1.61113,0.00560632
1678.97,1.61116,0.00560986
1679.97,1.6112,0.00561339
1680.97,1.61124,0.00561692
1681.97,1.61127,0.00562044
1682.97,1.61131,0.00562396
1683.96,1.61134,0.00562748
1684.96,1.61138,0.00563099
1685.96,1.61141,0.0056345
1686.96,1.61145,0.00563801
1687.96,1.61148,0.00564151
1688.96,1.61152,0.005645
1689.95,1.61155,0.00564849
1690.95,1.61159,0.00565198
1691.95,1.61162,0.00565547
1692.95,1.61165,0.00565895
1693.95,1.61169,0.00566242
1694.94,1.61172,0.00566589
1695.94,1.61176,0.00566936
1696.94,1.61179,0.00567282
1697.94,1.61183,0.00567628
1698.94,1.61186,0.00567974
1699.94,1.6119,0.00568319
1700.93,1.61193,0.00568663
1701.93,1.61197,0.00569008
1702.93,1.612,0.00569352
1703.93,1.61203,0.00569695
1704.93,1.61207,0.00570038
1705.93,1.6121,0.00570381
1706.92,1.61214,0.00570723
1707.92,1.61217,0.00571065
1708.92,1.61221,0.00571407
1709.92,1.61224,0.00571748
1710.92,1.61227,0.00572088
1711.92,1.61231,0.00572429
1712.91,1.61234,0.00572769
1713.91,1.61238,0.00573108
1714.91,1.61241,0.00573447
1715.91,1.61244,0.00573786
1716.91,1.61248,0.00574124
1717.91,1.61251,0.00574462
1718.9,1.61254,0.005748
1719.9,1.61258,0.00575137
1720.9,1.61261,0.00575474
1721.9,1.61264,0.0057581
1722.9,1.61268,0.00576146
1723.9,1.61271,0.00576482
1724.89,1.61275,0.00576817
1725.89,1.61278,0.00577152
1726.89,1.61281,0.00577486
1727.89,1.61285,0.0057782
1728.89,1.61288,0.00578154
1729.89,1.61291,0.00578487
1730.88,1.61295,0.0057882
1731.88,1.61298,0.00579152
1732.88,1.61301,0.00579485
1733.88,1.61304,0.00579816
1734.88,1.61308,0.00580148
1735.88,1.61311,0.00580479
1736.87,1.61314,0.00580809
1737.87,1.61318,0.00581139
1738.87,1.61321,0.00581469
1739.87,1.61324,0.00581799
1740.87,1.61328,0.00582128
1741.87,1.61331,0.00582457
1742.86,1.61334,0.00582785
1743.86,1.61337,0.00583113
1744.86,1.61341,0.00583441
1745.86,1.61344,0.00583768
1746.86,1.61347,0.00584095
1747.86,1.6135,0.00584421
1748.85,1.61354,0.00584747
1749.85,1.61357,0.00585073
1750.85,1.6136,0.00585398
1751.85,1.61363,0.00585723
1752.85,1.61367,0.00586048
1753.85,1.6137,0.00586372
1754.84,1.61373,0.00586696
1755.84,1.61376,0.0058702
1756.84,1.6138,0.00587343
1757.84,1.61383,0.00587666
1758.84,1.61386,0.00587988
1759.84,1.61389,0.0058831
1760.83,1.61392,0.00588632
1761.83,1.61396,0.00588953
1762.83,1.61399,0.00589274
1763.83,1.61402,0.00589595
1764.83,1.61405,0.00589915
1765.83,1.61408,0.00590235
1766.82,1.61412,0.00590554
1767.82,1.61415,0.00590873
1768.82,1.61418,0.00591192
1769.82,1.61421,0.00591511
1770.82,1.61424,0.00591829
1771.82,1.61428,0.00592146
1772.81,1.61431,0.00592464
1773.81,1.61434,0.00592781
1774.81,1.61437,0.00593097
1775.81,1.6144,0.00593414
1776.81,1.61443,0.0059373
1777.81,1.61446,0.00594045
1778.81,1.6145,0.00594361
1779.8,1.61453,0.00594675
1780.8,1.61456,0.0059499
1781.8,1.61459,0.00595304
1782.8,1.61462,0.00595618
1783.8,1.61465,0.00595931
1784.8,1.61468,0.00596245
1785.79,1.61472,0.00596557
1786.79,1.61475,0.0059687
1787.79,1.61478,0.00597182
1788.79,1.61481,0.00597494
1789.79,1.61484,0.00597805
1790.79,1.61487,0.00598116
1791.79,1.6149,0.00598427
1792.78,1.61493,0.00598737
1793.78,1.61496,0.00599047
1794.78,1.615,0.00599357
1795.78,1.61503,0.00599666
1796.78,1.61506,0.00599975
1797.78,1.61509,0.00600284
1798.77,1.61512,0.00600592
1799.77,1.61515,0.006009
1800.77,1.61518,0.00601208
1801.77,1.61521,0.00601515
1802.77,1.61524,0.00601822
1803.77,1.61527,0.00602128
1804.76,1.6153,0.00602435
1805.76,1.61533,0.0060274
1806.76,1.61536,0.00603046
1807.76,1.61539,0.00603351
1808.76,1.61542,0.00603656
1809.76,1.61545,0.00603961
1810.76,1.61548,0.00604265
1811.75,1.61552,0.00604569
1812.75,1.61555,0.00604872
1813.75,1.61558,0.00605176
1814.75,1.61561,0.00605479
1815.75,1.61564,0.00605781
1816.75,1.61567,0.00606083
1817.75,1.6157,0.00606385
1818.74,1.61573,0.00606687
1819.74,1.61576,0.00606988
1820.74,1.61579,0.00607289
1821.74,1.61582,0.0060759
1822.74,1.61585,0.0060789
1823.74,1.61588,0.0060819
1824.73,1.61591,0.00608489
1825.73,1.61594,0.00608789
1826.73,1.61597,0.00609088
1827.73,1.616,0.00609386
1828.73,1.61603,0.00609685
1829.73,1.61606,0.00609983
1830.73,1.61609,0.0061028
1831.72,1.61611,0.00610578
1832.72,1.61614,0.00610875
1833.72,1.61617,0.00611171
1834.72,1.6162,0.00611468
1835.72,1.61623,0.00611764
1836.72,1.61626,0.00612059
1837.72,1.61629,0.00612355
1838.71,1.61632,0.0061265
1839.71,1.61635,0.00612945
1840.71,1.61638,0.00613239
1841.71,1.61641,0.00613533
1842.71,1.61644,0.00613827
1843.71,1.61647,0.0061412
1844.7,1.6165,0.00614414
1845.7,1.61653,0.00614706
1846.7,1.61656,0.00614999
1847.7,1.61659,0.00615291
1848.7,1.61661,0.00615583
1849.7,1.61664,0.00615875
1850.7,1.61667,0.00616166
1851.69,1.6167,0.00616457
1852.69,1.61673,0.00616748
1853.69,1.61676,0.00617038
1854.69,1.61679,0.00617328
1855.69,1.61682,0.00617618
1856.69,1.61685,0.00617907
1857.69,1.61688,0.00618196
1858.68,1.6169,0.00618485
1859.68,1.61693,0.00618773
1860.68,1.61696,0.00619061
1861.68,1.61699,0.00619349
1862.68,1.61702,0.00619637
1863.68,1.61705,0.00619924
1864.68,1.61708,0.00620211
1865.67,1.6171,0.00620498
1866.67,1.61713,0.00620784
1867.67,1.61716,0.0062107
1868.67,1.61719,0.00621356
1869.67,1.61722,0.00621641
1870.67,1.61725,0.00621926
1871.67,1.61728,0.00622211
1872.66,1.6173,0.00622496
1873.66,1.61733,0.0062278
1874.66,1.61736,0.00623064
1875.66,1.61739,0.00623347
1876.66,1.61742,0.0062363
1877.66,1.61745,0.00623913
1878.66,1.61747,0.00624196
1879.65,1.6175,0.00624479
1880.65,1.61753,0.00624761
1881.65,1.61756,0.00625042
1882.65,1.61759,0.00625324
1883.65,1.61761,0.00625605
1884.65,1.61764,0.00625886
1885.65,1.61767,0.00626167
1886.64,1.6177,0.00626447
1887.64,1.61773,0.00626727
1888.64,1.61775,0.00627007
1889.64,1.61778,0.00627286
1890.64,1.61781,0.00627565
1891.64,1.61784,0.00627844
1892.64,1.61787,0.00628123
1893.63,1.61789,0.00628401
1894.63,1.61792,0.00628679
1895.63,1.61795,0.00628956
1896.63,1.61798,0.00629234
1897.63,1.618,0.00629511
1898.63,1.61803,0.00629788
1899.63,1.61806,0.00630064
1900.63,1.61809,0.0063034
1901.62,1.61811,0.00630616
1902.62,1.61814,0.00630892
1903.62,1.61817,0.00631167
1904.62,1.6182,0.00631442
1905.62,1.61822,0.00631717
1906.62,1.61825,0.00631991
1907.62,1.61828,0.00632266
1908.61,1.61831,0.0063254
1909.61,1.61833,0.00632813
1910.61,1.61836,0.00633086
1911.61,1.61839,0.0063336
1912.61,1.61842,0.00633632
1913.61,1.61844,0.00633905
1914.61,1.61847,0.00634177
1915.6,1.6185,0.00634449
1916.6,1.61852,0.0063472
1917.6,1.61855,0.00634992
1918.6,1.61858,0.00635263
1919.6,1.61861,0.00635534
1920.6,1.61863,0.00635804
1921.6,1.61866,0.00636074
1922.59,1.61869,0.00636344
1923.59,1.61871,0.00636614
1924.59,1.61874,0.00636883
1925.59,1.61877,0.00637152
1926.59,1.61879,0.00637421
1927.59,1.61882,0.0063769
1928.59,1.61885,0.00637958
1929.59,1.61887,0.00638226
1930.58,1.6189,0.00638494
1931.58,1.61893,0.00638761
1932.58,1.61895,0.00639028
1933.58,1.61898,0.00639295
1934.58,1.61901,0.00639562
1935.58,1.61903,0.00639828
1936.58,1.61906,0.00640094
1937.57,1.61909,0.0064036
1938.57,1.61911,0.00640626
1939.57,1.61914,0.00640891
1940.57,1.61917,0.00641156
1941.57,1.61919,0.00641421
1942.57,1.61922,0.00641685
1943.57,1.61925,0.00641949
1944.57,1.61927,0.00642213
1945.56,1.6193,0.00642477
1946.56,1.61932,0.0064274
1947.56,1.61935,0.00643003
1948.56,1.61938,0.00643266
1949.56,1.6194,0.00643528
1950.56,1.61943,0.00643791
1951.56,1.61946,0.00644053
1952.56,1.61948,0.00644314
1953.55,1.61951,0.00644576
1954.55,1.61953,0.00644837
1955.55,1.61956,0.00645098
1956.55,1.61959,0.00645359
1957.55,1.61961,0.00645619
1958.55,1.61964,0.00645879
1959.55,1.61966,0.00646139
1960.54,1.61969,0.00646399
1961.54,1.61971,0.00646658
1962.54,1.61974,0.00646917
1963.54,1.61977,0.00647176
1964.54,1.61979,0.00647435
1965.54,1.61982,0.00647693
1966.54,1.61984,0.00647951
1967.54,1.61987,0.00648209
1968.53,1.6199,0.00648466
1969.53,1.61992,0.00648724
1970.53,1.61995,0.00648981
1971.53,1.61997,0.00649237
1972.53,1.62,0.00649494
1973.53,1.62002,0.0064975
1974.53,1.62005,0.00650006
1975.53,1.62007,0.00650262
1976.52,1.6201,0.00650517
1977.52,1.62013,0.00650772
1978.52,1.62015,0.00651027
1979.52,1.62018,0.00651282
1980.52,1.6202,0.00651536
1981.52,1.62023,0.0065179
1982.52,1.62025,0.00652044
1983.52,1.62028,0.00652298
1984.51,1.6203,0.00652551
1985.51,1.62033,0.00652804
1986.51,1.62035,0.00653057
1987.51,1.62038,0.0065331
1988.51,1.6204,0.00653562
1989.51,1.62043,0.00653815
1990.51,1.62045,0.00654066
1991.5,1.62048,0.00654318
1992.5,1.6205,0.00654569
1993.5,1.62053,0.00654821
1994.5,1.62055,0.00655071
1995.5,1.62058,0.00655322
1996.5,1.6206,0.00655572
1997.5,1.62063,0.00655822
1998.5,1.62065,0.00656072
1999.49,1.62068,0.00656322
2000.49,1.6207,0.00656571
2001.49,1.62073,0.0065682
2002.49,1.62075,0.00657069
2003.49,1.62078,0.00657318
2004.49,1.6208,0.00657566
2005.49,1.62083,0.00657814
2006.49,1.62085,0.00658062
2007.48,1.62088,0.0065831
2008.48,1.6209,0.00658557
2009.48,1.62093,0.00658805
2010.48,1.62095,0.00659051
2011.48,1.62098,0.00659298
2012.48,1.621,0.00659545
2013.48,1.62102,0.00659791
2014.48,1.62105,0.00660037
2015.48,1.62107,0.00660282
2016.47,1.6211,0.00660528
2017.47,1.62112,0.00660773
2018.47,1.62115,0.00661018
2019.47,1.62117,0.00661263
2020.47,1.6212,0.00661507
2021.47,1.62122,0.00661751
2022.47,1.62124,0.00661995
2023.47,1.62127,0.00662239
2024.46,1.62129,0.00662483
2025.46,1.62132,0.00662726
2026.46,1.62134,0.00662969
2027.46,1.62137,0.00663212
2028.46,1.62139,0.00663454
2029.46,1.62141,0.00663697
2030.46,1.62144,0.00663939
2031.46,1.62146,0.00664181
2032.45,1.62149,0.00664422
2033.45,1.62151,0.00664664
2034.45,1.62154,0.00664905
2035.45,1.62156,0.00665146
2036.45,1.62158,0.00665386
2037.45,1.62161,0.00665627
2038.45,1.62163,0.00665867
2039.45,1.62165,0.00666107
2040.44,1.62168,0.00666347
2041.44,1.6217,0.00666586
2042.44,1.62173,0.00666825
2043.44,1.62175,0.00667064
2044.44,1.62177,0.00667303
2045.44,1.6218,0.00667542
2046.44,1.62182,0.0066778
2047.44,1.62185,0.00668018
2048.44,1.62187,0.00668256
2049.43,1.62189,0.00668494
2050.43,1.62192,0.00668731
2051.43,1.62194,0.00668968
2052.43,1.62196,0.00669205
2053.43,1.62199,0.00669442
2054.43,1.62201,0.00669678
2055.43,1.62203,0.00669914
2056.43,1.62206,0.0067015
2057.42,1.62208,0.00670386
2058.42,1.62211,0.00670622
2059.42,1.62213,0.00670857
2060.42,1.62215,0.00671092
2061.42,1.62218,0.00671327
2062.42,1.6222,0.00671562
2063.42,1.62222,0.00671796
2064.42,1.62225,0.0067203
2065.42,1.62227,0.00672264
2066.41,1.62229,0.00672498
2067.41,1.62232,0.00672732
2068.41,1.62234,0.00672965
2069.41,1.62236,0.00673198
2070.41,1.62239,0.00673431
2071.41,1.62241,0.00673664
2072.41,1.62243,0.00673896
2073.41,1.62245,0.00674128
2074.4,1.62248,0.0067436
2075.4,1.6225,0.00674592
2076.4,1.62252,0.00674823
2077.4,1.62255,0.00675055
2078.4,1.62257,0.00675286
2079.4,1.62259,0.00675517
2080.4,1.62262,0.00675747
2081.4,1.62264,0.00675978
2082.4,1.62266,0.00676208
2083.39,1.62269,0.00676438
2084.39,1.62271,0.00676667
2085.39,1.62273,0.00676897
2086.39,1.62275,0.00677126
2087.39,1.62278,0.00677355
2088.39,1.6228,0.00677584
2089.39,1.62282,0.00677813
2090.39,1.62285,0.00678041
2091.38,1.62287,0.0067827
2092.38,1.62289,0.00678498
2093.38,1.62291,0.00678725
2094.38,1.62294,0.00678953
2095.38,1.62296,0.0067918
2096.38,1.62298,0.00679407
2097.38,1.623,0.00679634
2098.38,1.62303,0.00679861
2099.38,1.62305,0.00680087
2100.37,1.62307,0.00680314
2101.37,1.62309,0.0068054
2102.37,1.62312,0.00680766
2103.37,1.62314,0.00680991
2104.37,1.62316,0.00681217
2105.37,1.62318,0.00681442
2106.37,1.62321,0.00681667
2107.37,1.62323,0.00681892
2108.37,1.62325,0.00682116
2109.36,1.62327,0.0068234
2110.36,1.6233,0.00682565
2111.36,1.62332,0.00682789
2112.36,1.62334,0.00683012
2113.36,1.62336,0.00683236
2114.36,1.62339,0.00683459
2115.36,1.62341,0.00683682
2116.36,1.62343,0.00683905
2117.36,1.62345,0.00684128
2118.35,1.62347,0.0068435
2119.35,1.6235,0.00684572
2120.35,1.62352,0.00684794
2121.35,1.62354,0.00685016
2122.35,1.62356,0.00685238
2123.35,1.62358,0.00685459
2124.35,1.62361,0.0068568
2125.35,1.62363,0.00685901
2126.35,1.62365,0.00686122
2127.34,1.62367,0.00686343
2128.34,1.6237,0.00686563
2129.34,1.62372,0.00686783
2130.34,1.62374,0.00687003
2131.34,1.62376,0.00687223
2132.34,1.62378,0.00687443
2133.34,1.6238,0.00687662
2134.34,1.62383,0.00687881
2135.34,1.62385,0.006881
2136.33,1.62387,0.00688319
2137.33,1.62389,0.00688537
2138.33,1.62391,0.00688756
2139.33,1.62394,0.00688974
2140.33,1.62396,0.00689192
2141.33,1.62398,0.00689409
2142.33,1.624,0.00689627
2143.33,1.62402,0.00689844
2144.33,1.62404,0.00690061
2145.32,1.62407,0.00690278
2146.32,1.62409,0.00690495
2147.32,1.62411,0.00690711
2148.32,1.62413,0.00690928
2149.32,1.62415,0.00691144
2150.32,1.62417,0.0069136
2151.32,1.62419,0.00691575
2152.32,1.62422,0.00691791
2153.32,1.62424,0.00692006
2154.32,1.62426,0.00692221
2155.31,1.62428,0.00692436
2156.31,1.6243,0.00692651
2157.31,1.62432,0.00692865
2158.31,1.62434,0.0069308
2159.31,1.62437,0.00693294
2160.31,1.62439,0.00693508
2161.31,1.62441,0.00693721
2162.31,1.62443,0.00693935
2163.31,1.62445,0.00694148
2164.3,1.62447,0.00694361
2165.3,1.62449,0.00694574
2166.3,1.62452,0.00694787
2167.3,1.62454,0.00695
2168.3,1.62456,0.00695212
2169.3,1.62458,0.00695424
2170.3,1.6246,0.00695636
2171.3,1.62462,0.00695848
2172.3,1.62464,0.00696059
2173.29,1.62466,0.00696271
2174.29,1.62468,0.00696482
2175.29,1.62471,0.00696693
2176.29,1.62473,0.00696904
2177.29,1.62475,0.00697114
2178.29,1.62477,0.00697325
2179.29,1.62479,0.00697535
2180.29,1.62481,0.00697745
2181.29,1.62483,0.00697955
2182.29,1.62485,0.00698164
2183.28,1.62487,0.00698374
2184.28,1.62489,0.00698583
2185.28,1.62491,0.00698792
2186.28,1.62494,0.00699001
2187.28,1.62496,0.0069921
2188.28,1.62498,0.00699418
2189.28,1.625,0.00699627
2190.28,1.62502,0.00699835
2191.28,1.62504,0.00700043
2192.27,1.62506,0.0070025
2193.27,1.62508,0.00700458
2194.27,1.6251,0.00700665
2195.27,1.62512,0.00700872
2196.27,1.62514,0.00701079
2197.27,1.62516,0.00701286
2198.27,1.62518,0.00701493
2199.27,1.6252,0.00701699
2200.27,1.62522,0.00701905
2201.27,1.62525,0.00702111
2202.26,1.62527,0.00702317
2203.26,1.62529,0.00702523
2204.26,1.62531,0.00702729
2205.26,1.62533,0.00702934
2206.26,1.62535,0.00703139
2207.26,1.62537,0.00703344
2208.26,1.62539,0.00703549
2209.26,1.62541,0.00703753
2210.26,1.62543,0.00703958
2211.26,1.62545,0.00704162
2212.25,1.62547,0.00704366
2213.25,1.62549,0.0070457
2214.25,1.62551,0.00704773
2215.25,1.62553,0.00704977
2216.25,1.62555,0.0070518
2217.25,1.62557,0.00705383
2218.25,1.62559,0.00705586
2219.25,1.62561,0.00705789
2220.25,1.62563,0.00705991
2221.25,1.62565,0.00706194
2222.24,1.62567,0.00706396
2223.24,1.62569,0.00706598
2224.24,1.62571,0.007068
2225.24,1.62573,0.00707001
2226.24,1.62575,0.00707203
2227.24,1.62577,0.00707404
2228.24,1.62579,0.00707605
2229.24,1.62581,0.00707806
2230.24,1.62583,0.00708007
2231.23,1.62585,0.00708207
2232.23,1.62587,0.00708408
2233.23,1.62589,0.00708608
2234.23,1.62591,0.00708808
2235.23,1.62593,0.00709008
2236.23,1.62595,0.00709207
2237.23,1.62597,0.00709407
2238.23,1.62599,0.00709606
2239.23,1.62601,0.00709805
2240.23,1.62603,0.00710004
2241.22,1.62605,0.00710203
2242.22,1.62607,0.00710402
2243.22,1.62609,0.007106
2244.22,1.62611,0.00710798
2245.22,1.62613,0.00710996
2246.22,1.62615,0.00711194
2247.22,1.62617,0.00711392
2248.22,1.62619,0.0071159
2249.22,1.62621,0.00711787
2250.22,1.62623,0.00711984
2251.22,1.62625,0.00712181
2252.21,1.62627,0.00712378
2253.21,1.62629,0.00712575
2254.21,1.62631,0.00712771
2255.21,1.62633,0.00712968
2256.21,1.62635,0.00713164
2257.21,1.62637,0.0071336
2258.21,1.62639,0.00713555
2259.21,1.62641,0.00713751
2260.21,1.62643,0.00713947
2261.21,1.62644,0.00714142
2262.2,1.62646,0.00714337
2263.2,1.62648,0.00714532
2264.2,1.6265,0.00714727
2265.2,1.62652,0.00714921
2266.2,1.62654,0.00715116
2267.2,1.62656,0.0071531
2268.2,1.62658,0.00715504
2269.2,1.6266,0.00715698
2270.2,1.62662,0.00715892
2271.2,1.62664,0.00716085
2272.19,1.62666,0.00716279
2273.19,1.62668,0.00716472
2274.19,1.6267,0.00716665
2275.19,1.62672,0.00716858
2276.19,1.62673,0.00717051
2277.19,1.62675,0.00717243
2278.19,1.62677,0.00717436
2279.19,1.62679,0.00717628
2280.19,1.62681,0.0071782
2281.19,1.62683,0.00718012
2282.18,1.62685,0.00718204
2283.18,1.62687,0.00718395
2284.18,1.62689,0.00718586
2285.18,1.62691,0.00718778
2286.18,1.62693,0.00718969
2287.18,1.62694,0.0071916
2288.18,1.62696,0.0071935
2289.18,1.62698,0.00719541
2290.18,1.627,0.00719731
2291.18,1.62702,0.00719922
2292.18,1.62704,0.00720112
2293.17,1.62706,0.00720301
2294.17,1.62708,0.00720491
2295.17,1.6271,0.00720681
2296.17,1.62712,0.0072087
2297.17,1.62713,0.00721059
2298.17,1.62715,0.00721248
2299.17,1.62717,0.00721437
2300.17,1.62719,0.00721626
2301.17,1.62721,0.00721815
2302.17,1.62723,0.00722003
2303.16,1.62725,0.00722191
2304.16,1.62727,0.00722379
2305.16,1.62728,0.00722567
2306.16,1.6273,0.00722755
2307.16,1.62732,0.00722943
2308.16,1.62734,0.0072313
2309.16,1.62736,0.00723318
2310.16,1.62738,0.00723505
2311.16,1.6274,0.00723692
2312.16,1.62742,0.00723878
2313.16,1.62743,0.00724065
2314.15,1.62745,0.00724251
2315.15,1.62747,0.00724438
2316.15,1.62749,0.00724624
2317.15,1.62751,0.0072481
2318.15,1.62753,0.00724996
2319.15,1.62755,0.00725181
2320.15,1.62756,0.00725367
2321.15,1.62758,0.00725552
2322.15,1.6276,0.00725738
2323.15,1.62762,0.00725923
2324.15,1.62764,0.00726107
2325.14,1.62766,0.00726292
2326.14,1.62767,0.00726477
2327.14,1.62769,0.00726661
2328.14,1.62771,0.00726845
2329.14,1.62773,0.00727029
2330.14,1.62775,0.00727213
2331.14,1.62777,0.00727397
2332.14,1.62778,0.00727581
2333.14,1.6278,0.00727764
2334.14,1.62782,0.00727948
2335.14,1.62784,0.00728131
2336.13,1.62786,0.00728314
2337.13,1.62788,0.00728497
2338.13,1.62789,0.00728679
2339.13,1.62791,0.00728862
2340.13,1.62793,0.00729044
2341.13,1.62795,0.00729226
2342.13,1.62797,0.00729408
2343.13,1.62798,0.0072959
2344.13,1.628,0.00729772
2345.13,1.62802,0.00729954
2346.13,1.62804,0.00730135
2347.12,1.62806,0.00730316
2348.12,1.62808,0.00730497
2349.12,1.62809,0.00730678
2350.12,1.62811,0.00730859
2351.12,1.62813,0.0073104
2352.12,1.62815,0.0073122
2353.12,1.62817,0.00731401
2354.12,1.62818,0.00731581
2355.12,1.6282,0.00731761
2356.12,1.62822,0.00731941
2357.12,1.62824,0.00732121
2358.11,1.62825,0.007323
2359.11,1.62827,0.0073248
2360.11,1.62829,0.00732659
2361.11,1.62831,0.00732838
2362.11,1.62833,0.00733017
2363.11,1.62834,0.00733196
2364.11,1.62836,0.00733375
2365.11,1.62838,0.00733553
2366.11,1.6284,0.00733732
2367.11,1.62842,0.0073391
2368.11,1.62843,0.00734088
2369.1,1.62845,0.00734266
2370.1,1.62847,0.00734444
2371.1,1.62849,0.00734621
2372.1,1.6285,0.00734799
2373.1,1.62852,0.00734976
2374.1,1.62854,0.00735153
2375.1,1.62856,0.0073533
2376.1,1.62857,0.00735507
2377.1,1.62859,0.00735684
2378.1,1.62861,0.00735861
2379.1,1.62863,0.00736037
2380.09,1.62864,0.00736214
2381.09,1.62866,0.0073639
2382.09,1.62868,0.00736566
2383.09,1.6287,0.00736742
2384.09,1.62871,0.00736917
2385.09,1.62873,0.00737093
2386.09,1.62875,0.00737268
2387.09,1.62877,0.00737444
2388.09,1.62878,0.00737619
2389.09,1.6288,0.00737794
2390.09,1.62882,0.00737969
2391.09,1.62884,0.00738143
2392.08,1.62885,0.00738318
2393.08,1.62887,0.00738492
2394.08,1.62889,0.00738666
2395.08,1.62891,0.00738841
2396.08,1.62892,0.00739014
2397.08,1.62894,0.00739188
2398.08,1.62896,0.00739362
2399.08,1.62898,0.00739536
2400.08,1.62899,0.00739709
2401.08,1.62901,0.00739882
2402.08,1.62903,0.00740055
2403.07,1.62904,0.00740228
2404.07,1.62906,0.00740401
2405.07,1.62908,0.00740574
2406.07,1.6291,0.00740746
2407.07,1.62911,0.00740919
2408.07,1.62913,0.00741091
2409.07,1.62915,0.00741263
2410.07,1.62917,0.00741435
2411.07,1.62918,0.00741607
2412.07,1.6292,0.00741778
2413.07,1.62922,0.0074195
2414.07,1.62923,0.00742121
2415.06,1.62925,0.00742293
2416.06,1.62927,0.00742464
2417.06,1.62928,0.00742635
2418.06,1.6293,0.00742805
2419.06,1.62932,0.00742976
2420.06,1.62934,0.00743147
2421.06,1.62935,0.00743317
2422.06,1.62937,0.00743487
2423.06,1.62939,0.00743658
2424.06,1.6294,0.00743827
2425.06,1.62942,0.00743997
2426.05,1.62944,0.00744167
2427.05,1.62945,0.00744337
2428.05,1.62947,0.00744506
2429.05,1.62949,0.00744675
2430.05,1.6295,0.00744844
2431.05,1.62952,0.00745013
2432.05,1.62954,0.00745182
2433.05,1.62956,0.00745351
2434.05,1.62957,0.0074552
2435.05,1.62959,0.00745688
2436.05,1.62961,0.00745856
2437.05,1.62962,0.00746025
2438.04,1.62964,0.00746193
2439.04,1.62966,0.00746361
2440.04,1.62967,0.00746528
2441.04,1.62969,0.00746696
2442.04,1.62971,0.00746863
2443.04,1.62972,0.00747031
2444.04,1.62974,0.00747198
2445.04,1.62976,0.00747365
2446.04,1.62977,0.00747532
2447.04,1.62979,0.00747699
2448.04,1.62981,0.00747866
2449.04,1.62982,0.00748032
2450.03,1.62984,0.00748199
2451.03,1.62986,0.00748365
2452.03,1.62987,0.00748531
2453.03,1.62989,0.00748697
2454.03,1.62991,0.00748863
2455.03,1.62992,0.00749029
2456.03,1.62994,0.00749194
2457.03,1.62995,0.0074936
2458.03,1.62997,0.00749525
2459.03,1.62999,0.0074969
2460.03,1.63,0.00749855
2461.03,1.63002,0.0075002
2462.02,1.63004,0.00750185
2463.02,1.63005,0.0075035
2464.02,1.63007,0.00750514
2465.02,1.63009,0.00750678
2466.02,1.6301,0.00750843
2467.02,1.63012,0.00751007
2468.02,1.63014,0.00751171
2469.02,1.63015,0.00751335
2470.02,1.63017,0.00751498
2471.02,1.63018,0.00751662
2472.02,1.6302,0.00751826
2473.02,1.63022,0.00751989
2474.01,1.63023,0.00752152
2475.01,1.63025,0.00752315
2476.01,1.63027,0.00752478
2477.01,1.63028,0.00752641
2478.01,1.6303,0.00752804
2479.01,1.63031,0.00752966
2480.01,1.63033,0.00753129
2481.01,1.63035,0.00753291
2482.01,1.63036,0.00753453
2483.01,1.63038,0.00753615
2484.01,1.6304,0.00753777
2485.01,1.63041,0.00753939
2486.01,1.63043,0.007541
2487,1.63044,0.00754262
2488,1.63046,0.00754423
2489,1.63048,0.00754584
2490,1.63049,0.00754746
2491,1.63051,0.00754907
2492,1.63052,0.00755067
2493,1.63054,0.00755228
2494,1.63056,0.00755389
2495,1.63057,0.00755549
2496,1.63059,0.0075571
2497,1.6306,0.0075587
2498,1.63062,0.0075603
2498.99,1.63064,0.0075619
2499.99,1.63065,0.0075635
2500.99,1.63067,0.00756509
2501.99,1.63068,0.00756669
2502.99,1.6307,0.00756828
2503.99,1.63071,0.00756988
2504.99,1.63073,0.00757147
2505.99,1.63075,0.00757306
2506.99,1.63076,0.00757465
2507.99,1.63078,0.00757624
2508.99,1.63079,0.00757782
2509.99,1.63081,0.00757941
2510.99,1.63083,0.00758099
2511.98,1.63084,0.00758258
2512.98,1.63086,0.00758416
2513.98,1.63087,0.00758574
2514.98,1.63089,0.00758732
2515.98,1.6309,0.0075889
2516.98,1.63092,0.00759047
2517.98,1.63094,0.00759205
2518.98,1.63095,0.00759363
2519.98,1.63097,0.0075952
2520.98,1.63098,0.00759677
2521.98,1.631,0.00759834
2522.98,1.63101,0.00759991
2523.97,1.63103,0.00760148
2524.97,1.63105,0.00760305
2525.97,1.63106,0.00760461
2526.97,1.63108,0.00760618
2527.97,1.63109,0.00760774
2528.97,1.63111,0.0076093
2529.97,1.63112,0.00761086
2530.97,1.63114,0.00761242
2531.97,1.63115,0.00761398
2532.97,1.63117,0.00761554
2533.97,1.63119,0.00761709
2534.97,1.6312,0.00761865
2535.97,1.63122,0.0076202
2536.96,1.63123,0.00762175
2537.96,1.63125,0.0076233
2538.96,1.63126,0.00762485
2539.96,1.63128,0.0076264
2540.96,1.63129,0.00762795
2541.96,1.63131,0.0076295
2542.96,1.63132,0.00763104
2543.96,1.63134,0.00763258
2544.96,1.63136,0.00763413
2545.96,1.63137,0.00763567
2546.96,1.63139,0.00763721
2547.96,1.6314,0.00763875
2548.96,1.63142,0.00764028
2549.95,1.63143,0.00764182
2550.95,1.63145,0.00764336
2551.95,1.63146,0.00764489
2552.95,1.63148,0.00764642
2553.95,1.63149,0.00764796
2554.95,1.63151,0.00764949
2555.95,1.63152,0.00765101
2556.95,1.63154,0.00765254
2557.95,1.63155,0.00765407
2558.95,1.63157,0.0076556
2559.95,1.63158,0.00765712
2560.95,1.6316,0.00765864
2561.95,1.63161,0.00766017
2562.94,1.63163,0.00766169
2563.94,1.63164,0.00766321
2564.94,1.63166,0.00766473
2565.94,1.63168,0.00766624
2566.94,1.63169,0.00766776
2567.94,1.63171,0.00766927
2568.94,1.63172,0.00767079
2569.94,1.63174,0.0076723
2570.94,1.63175,0.00767381
2571.94,1.63177,0.00767532
2572.94,1.63178,0.00767683
2573.94,1.6318,0.00767834
2574.94,1.63181,0.00767985
2575.94,1.63183,0.00768135
2576.93,1.63184,0.00768286
2577.93,1.63186,0.00768436
2578.93,1.63187,0.00768586
2579.93,1.63189,0.00768736
2580.93,1.6319,0.00768886
2581.93,1.63192,0.00769036
2582.93,1.63193,0.00769186
2583.93,1.63195,0.00769336
2584.93,1.63196,0.00769485
2585.93,1.63198,0.00769635
2586.93,1.63199,0.00769784
2587.93,1.632,0.00769933
2588.93,1.63202,0.00770082
2589.92,1.63203,0.00770231
2590.92,1.63205,0.0077038
2591.92,1.63206,0.00770529
2592.92,1.63208,0.00770677
2593.92,1.63209,0.00770826
2594.92,1.63211,0.00770974
2595.92,1.63212,0.00771122
2596.92,1.63214,0.0077127
2597.92,1.63215,0.00771419
2598.92,1.63217,0.00771566
2599.92,1.63218,0.00771714
2600.92,1.6322,0.00771862
2601.92,1.63221,0.0077201
2602.91,1.63223,0.00772157
2603.91,1.63224,0.00772304
2604.91,1.63226,0.00772452
2605.91,1.63227,0.00772599
2606.91,1.63228,0.00772746
2607.91,1.6323,0.00772893
2608.91,1.63231,0.00773039
2609.91,1.63233,0.00773186
2610.91,1.63234,0.00773333
2611.91,1.63236,0.00773479
2612.91,1.63237,0.00773626
2613.91,1.63239,0.00773772
2614.91,1.6324,0.00773918
2615.91,1.63242,0.00774064
2616.9,1.63243,0.0077421
2617.9,1.63245,0.00774356
2618.9,1.63246,0.00774501
2619.9,1.63247,0.00774647
2620.9,1.63249,0.00774792
2621.9,1.6325,0.00774938
2622.9,1.63252,0.00775083
2623.9,1.63253,0.00775228
2624.9,1.63255,0.00775373
2625.9,1.63256,0.00775518
2626.9,1.63258,0.00775663
2627.9,1.63259,0.00775807
2628.9,1.6326,0.00775952
2629.9,1.63262,0.00776096
2630.89,1.63263,0.00776241
2631.89,1.63265,0.00776385
2632.89,1.63266,0.00776529
2633.89,1.63268,0.00776673
2634.89,1.63269,0.00776817
2635.89,1.6327,0.00776961
2636.89,1.63272,0.00777105
2637.89,1.63273,0.00777248
2638.89,1.63275,0.00777392
2639.89,1.63276,0.00777535
2640.89,1.63278,0.00777678
2641.89,1.63279,0.00777822
2642.89,1.6328,0.00777965
2643.89,1.63282,0.00778108
2644.88,1.63283,0.0077825
2645.88,1.63285,0.00778393
2646.88,1.63286,0.00778536
2647.88,1.63288,0.00778678
2648.88,1.63289,0.00778821
2649.88,1.6329,0.00778963
2650.88,1.63292,0.00779105
2651.88,1.63293,0.00779247
2652.88,1.63295,0.00779389
2653.88,1.63296,0.00779531
2654.88,1.63298,0.00779673
2655.88,1.63299,0.00779815
2656.88,1.633,0.00779956
2657.88,1.63302,0.00780098
2658.87,1.63303,0.00780239
2659.87,1.63305,0.0078038
2660.87,1.63306,0.00780521
2661.87,1.63307,0.00780662
2662.87,1.63309,0.00780803
2663.87,1.6331,0.00780944
2664.87,1.63312,0.00781085
2665.87,1.63313,0.00781225
2666.87,1.63314,0.00781366
2667.87,1.63316,0.00781506
2668.87,1.63317,0.00781647
2669.87,1.63319,0.00781787
2670.87,1.6332,0.00781927
2671.87,1.63321,0.00782067
2672.86,1.63323,0.00782207
2673.86,1.63324,0.00782346
2674.86,1.63326,0.00782486
2675.86,1.63327,0.00782626
2676.86,1.63328,0.00782765
2677.86,1.6333,0.00782904
2678.86,1.63331,0.00783044
2679.86,1.63332,0.00783183
2680.86,1.63334,0.00783322
2681.86,1.63335,0.00783461
2682.86,1.63337,0.007836
2683.86,1.63338,0.00783738
2684.86,1.63339,0.00783877
2685.86,1.63341,0.00784016
2686.85,1.63342,0.00784154
2687.85,1.63344,0.00784292
2688.85,1.63345,0.0078443
2689.85,1.63346,0.00784569
2690.85,1.63348,0.00784707
2691.85,1.63349,0.00784845
2692.85,1.6335,0.00784982
2693.85,1.63352,0.0078512
2694.85,1.63353,0.00785258
2695.85,1.63354,0.00785395
2696.85,1.63356,0.00785533
2697.85,1.63357,0.0078567
2698.85,1.63359,0.00785807
2699.85,1.6336,0.00785944
2700.85,1.63361,0.00786081
2701.84,1.63363,0.00786218
2702.84,1.63364,0.00786355
2703.84,1.63365,0.00786491
2704.84,1.63367,0.00786628
2705.84,1.63368,0.00786765
2706.84,1.63369,0.00786901
2707.84,1.63371,0.00787037
2708.84,1.63372,0.00787173
2709.84,1.63374,0.00787309
2710.84,1.63375,0.00787445
2711.84,1.63376,0.00787581
2712.84,1.63378,0.00787717
2713.84,1.63379,0.00787853
2714.84,1.6338,0.00787988
2715.83,1.63382,0.00788124
2716.83,1.63383,0.00788259
2717.83,1.63384,0.00788395
2718.83,1.63386,0.0078853
2719.83,1.63387,0.00788665
2720.83,1.63388,0.007888
2721.83,1.6339,0.00788935
2722.83,1.63391,0.0078907
2723.83,1.63392,0.00789204
2724.83,1.63394,0.00789339
2725.83,1.63395,0.00789473
2726.83,1.63396,0.00789608
2727.83,1.63398,0.00789742
2728.83,1.63399,0.00789876
2729.83,1.634,0.0079001
2730.82,1.63402,0.00790144
2731.82,1.63403,0.00790278
2732.82,1.63404,0.00790412
2733.82,1.63406,0.00790546
2734.82,1.63407,0.00790679
2735.82,1.63408,0.00790813
2736.82,1.6341,0.00790946
2737.82,1.63411,0.0079108
2738.82,1.63412,0.00791213
2739.82,1.63414,0.00791346
2740.82,1.63415,0.00791479
2741.82,1.63416,0.00791612
2742.82,1.63418,0.00791745
2743.82,1.63419,0.00791878
2744.82,1.6342,0.0079201
2745.81,1.63422,0.00792143
2746.81,1.63423,0.00792275
2747.81,1.63424,0.00792408
2748.81,1.63426,0.0079254
2749.81,1.63427,0.00792672
2750.81,1.63428,0.00792804
2751.81,1.6343,0.00792936
2752.81,1.63431,0.00793068
2753.81,1.63432,0.007932
2754.81,1.63434,0.00793331
2755.81,1.63435,0.00793463
2756.81,1.63436,0.00793595
2757.81,1.63437,0.00793726
2758.81,1.63439,0.00793857
2759.81,1.6344,0.00793988
2760.8,1.63441,0.0079412
2761.8,1.63443,0.00794251
2762.8,1.63444,0.00794382
2763.8,1.63445,0.00794512
2764.8,1.63447,0.00794643
2765.8,1.63448,0.00794774
2766.8,1.63449,0.00794904
2767.8,1.63451,0.00795035
2768.8,1.63452,0.00795165
2769.8,1.63453,0.00795295
2770.8,1.63454,0.00795426
2771.8,1.63456,0.00795556
2772.8,1.63457,0.00795686
2773.8,1.63458,0.00795816
2774.8,1.6346,0.00795945
2775.8,1.63461,0.00796075
2776.79,1.63462,0.00796205
2777.79,1.63463,0.00796334
2778.79,1.63465,0.00796464
2779.79,1.63466,0.00796593
2780.79,1.63467,0.00796722
2781.79,1.63469,0.00796851
2782.79,1.6347,0.0079698
2783.79,1.63471,0.00797109
2784.79,1.63472,0.00797238
2785.79,1.63474,0.00797367
2786.79,1.63475,0.00797496
2787.79,1.63476,0.00797624
2788.79,1.63478,0.00797753
2789.79,1.63479,0.00797881
2790.79,1.6348,0.0079801
2791.78,1.63481,0.00798138
2792.78,1.63483,0.00798266
2793.78,1.63484,0.00798394
2794.78,1.63485,0.00798522
2795.78,1.63487,0.0079865
2796.78,1.63488,0.00798778
2797.78,1.63489,0.00798905
2798.78,1.6349,0.00799033
2799.78,1.63492,0.0079916
2800.78,1.63493,0.00799288
2801.78,1.63494,0.00799415
2802.78,1.63495,0.00799542
2803.78,1.63497,0.0079967
2804.78,1.63498,0.00799797
2805.78,1.63499,0.00799924
2806.78,1.635,0.0080005
2807.77,1.63502,0.00800177
2808.77,1.63503,0.00800304
2809.77,1.63504,0.0080043
2810.77,1.63506,0.00800557
2811.77,1.63507,0.00800683
2812.77,1.63508,0.0080081
2813.77,1.63509,0.00800936
2814.77,1.63511,0.00801062
2815.77,1.63512,0.00801188
2816.77,1.63513,0.00801314
2817.77,1.63514,0.0080144
2818.77,1.63516,0.00801566
2819.77,1.63517,0.00801692
2820.77,1.63518,0.00801817
2821.77,1.63519,0.00801943
2822.77,1.63521,0.00802068
2823.76,1.63522,0.00802193
2824.76,1.63523,0.00802319
2825.76,1.63524,0.00802444
2826.76,1.63526,0.00802569
2827.76,1.63527,0.00802694
2828.76,1.63528,0.00802819
2829.76,1.63529,0.00802944
2830.76,1.63531,0.00803068
2831.76,1.63532,0.00803193
2832.76,1.63533,0.00803318
2833.76,1.63534,0.00803442
2834.76,1.63535,0.00803566
2835.76,1.63537,0.00803691
2836.76,1.63538,0.00803815
2837.76,1.63539,0.00803939
2838.76,1.6354,0.00804063
2839.75,1.63542,0.00804187
2840.75,1.63543,0.00804311
2841.75,1.63544,0.00804435
2842.75,1.63545,0.00804558
2843.75,1.63547,0.00804682
2844.75,1.63548,0.00804805
2845.75,1.63549,0.00804929
2846.75,1.6355,0.00805052
2847.75,1.63551,0.00805175
2848.75,1.63553,0.00805299
2849.75,1.63554,0.00805422
2850.75,1.63555,0.00805545
2851.75,1.63556,0.00805668
2852.75,1.63558,0.0080579
2853.75,1.63559,0.00805913
2854.75,1.6356,0.00806036
2855.74,1.63561,0.00806158
2856.74,1.63563,0.00806281
2857.74,1.63564,0.00806403
2858.74,1.63565,0.00806526
2859.74,1.63566,0.00806648
2860.74,1.63567,0.0080677
2861.74,1.63569,0.00806892
2862.74,1.6357,0.00807014
2863.74,1.63571,0.00807136
2864.74,1.63572,0.00807258
2865.74,1.63573,0.00807379
2866.74,1.63575,0.00807501
2867.74,1.63576,0.00807623
2868.74,1.63577,0.00807744
2869.74,1.63578,0.00807865
2870.74,1.63579,0.00807987
2871.74,1.63581,0.00808108
2872.73,1.63582,0.00808229
2873.73,1.63583,0.0080835
2874.73,1.63584,0.00808471
2875.73,1.63586,0.00808592
2876.73,1.63587,0.00808713
2877.73,1.63588,0.00808833
2878.73,1.63589,0.00808954
2879.73,1.6359,0.00809074
2880.73,1.63592,0.00809195
2881.73,1.63593,0.00809315
2882.73,1.63594,0.00809436
2883.73,1.63595,0.00809556
2884.73,1.63596,0.00809676
2885.73,1.63598,0.00809796
2886.73,1.63599,0.00809916
2887.73,1.636,0.00810036
2888.72,1.63601,0.00810156
2889.72,1.63602,0.00810275
2890.72,1.63603,0.00810395
2891.72,1.63605,0.00810514
2892.72,1.63606,0.00810634
2893.72,1.63607,0.00810753
2894.72,1.63608,0.00810873
2895.72,1.63609,0.00810992
2896.72,1.63611,0.00811111
2897.72,1.63612,0.0081123
2898.72,1.63613,0.00811349
2899.72,1.63614,0.00811468
2900.72,1.63615,0.00811587
2901.72,1.63617,0.00811705
2902.72,1.63618,0.00811824
2903.72,1.63619,0.00811942
2904.72,1.6362,0.00812061
2905.71,1.63621,0.00812179
2906.71,1.63622,0.00812298
2907.71,1.63624,0.00812416
2908.71,1.63625,0.00812534
2909.71,1.63626,0.00812652
2910.71,1.63627,0.0081277
2911.71,1.63628,0.00812888
2912.71,1.63629,0.00813006
2913.71,1.63631,0.00813124
2914.71,1.63632,0.00813241
2915.71,1.63633,0.00813359
2916.71,1.63634,0.00813476
2917.71,1.63635,0.00813594
2918.71,1.63636,0.00813711
2919.71,1.63638,0.00813828
2920.71,1.63639,0.00813946
2921.71,1.6364,0.00814063
2922.7,1.63641,0.0081418
2923.7,1.63642,0.00814297
2924.7,1.63643,0.00814413
2925.7,1.63645,0.0081453
2926.7,1.63646,0.00814647
2927.7,1.63647,0.00814764
2928.7,1.63648,0.0081488
2929.7,1.63649,0.00814997
2930.7,1.6365,0.00815113
2931.7,1.63652,0.00815229
2932.7,1.63653,0.00815346
2933.7,1.63654,0.00815462
2934.7,1.63655,0.00815578
2935.7,1.63656,0.00815694
2936.7,1.63657,0.0081581
2937.7,1.63659,0.00815925
2938.7,1.6366,0.00816041
2939.69,1.63661,0.00816157
2940.69,1.63662,0.00816273
2941.69,1.63663,0.00816388
2942.69,1.63664,0.00816503
2943.69,1.63665,0.00816619
2944.69,1.63667,0.00816734
2945.69,1.63668,0.00816849
2946.69,1.63669,0.00816964
2947.69,1.6367,0.0081708
2948.69,1.63671,0.00817194
2949.69,1.63672,0.00817309
2950.69,1.63673,0.00817424
2951.69,1.63675,0.00817539
2952.69,1.63676,0.00817654
2953.69,1.63677,0.00817768
2954.69,1.63678,0.00817883
2955.69,1.63679,0.00817997
2956.68,1.6368,0.00818111
2957.68,1.63681,0.00818226
2958.68,1.63683,0.0081834
2959.68,1.63684,0.00818454
2960.68,1.63685,0.00818568
2961.68,1.63686,0.00818682
2962.68,1.63687,0.00818796
2963.68,1.63688,0.0081891
2964.68,1.63689,0.00819024
2965.68,1.63691,0.00819137
2966.68,1.63692,0.00819251
2967.68,1.63693,0.00819364
2968.68,1.63694,0.00819478
2969.68,1.63695,0.00819591
2970.68,1.63696,0.00819704
2971.68,1.63697,0.00819818
2972.68,1.63698,0.00819931
2973.68,1.637,0.00820044
2974.67,1.63701,0.00820157
2975.67,1.63702,0.0082027
2976.67,1.63703,0.00820382
2977.67,1.63704,0.00820495
2978.67,1.63705,0.00820608
2979.67,1.63706,0.00820721
2980.67,1.63707,0.00820833
2981.67,1.63709,0.00820945
2982.67,1.6371,0.00821058
2983.67,1.63711,0.0082117
2984.67,1.63712,0.00821282
2985.67,1.63713,0.00821395
2986.67,1.63714,0.00821507
2987.67,1.63715,0.00821619
2988.67,1.63716,0.00821731
2989.67,1.63717,0.00821842
2990.67,1.63719,0.00821954
2991.67,1.6372,0.00822066
2992.66,1.63721,0.00822177
2993.66,1.63722,0.00822289
2994.66,1.63723,0.00822401
2995.66,1.63724,0.00822512
2996.66,1.63725,0.00822623
