1000,1.5707,0.000574763
1000,1.5706,-0.000421268
1000.01,1.5705,-0.00141729
1000.01,1.5704,-0.00241332
1000.01,1.5703,-0.00340933
1000.02,1.5702,-0.00440533
1000.03,1.5701,-0.00540132
1000.03,1.57,-0.0063973
1000.04,1.5699,-0.00739327
1000.05,1.5698,-0.00838921
1000.06,1.5697,-0.00938514
1000.07,1.5696,-0.010381
1000.08,1.5695,-0.0113769
1000.1,1.5694,-0.0123728
1000.11,1.5693,-0.0133686
1000.13,1.5692,-0.0143644
1000.14,1.5691,-0.0153602
1000.16,1.569,-0.0163559
1000.18,1.5689,-0.0173516
1000.2,1.5688,-0.0183473
1000.22,1.56871,-0.0193429
1000.24,1.56861,-0.0203385
1000.26,1.56851,-0.021334
1000.29,1.56841,-0.0223295
1000.31,1.56831,-0.0233249
1000.34,1.56821,-0.0243203
1000.36,1.56811,-0.0253157
1000.39,1.56801,-0.026311
1000.42,1.56791,-0.0273062
1000.45,1.56781,-0.0283014
1000.48,1.56771,-0.0292965
1000.51,1.56761,-0.0302916
1000.54,1.56751,-0.0312866
1000.58,1.56741,-0.0322815
1000.61,1.56731,-0.0332764
1000.64,1.56721,-0.0342712
1000.68,1.56711,-0.0352659
1000.72,1.56701,-0.0362606
1000.76,1.56691,-0.0372552
1000.8,1.56682,-0.0382497
1000.84,1.56672,-0.0392441
1000.88,1.56662,-0.0402384
1000.92,1.56652,-0.0412327
1000.96,1.56642,-0.0422269
1001.01,1.56632,-0.043221
1001.05,1.56622,-0.044215
1001.1,1.56612,-0.0452089
1001.15,1.56602,-0.0462027
1001.19,1.56592,-0.0471965
1001.24,1.56582,-0.0481901
1001.29,1.56572,-0.0491836
1001.35,1.56562,-0.0501771
1001.4,1.56552,-0.0511704
1001.45,1.56543,-0.0521636
1001.51,1.56533,-0.0531568
1001.56,1.56523,-0.0541498
1001.62,1.56513,-0.0551427
1001.67,1.56503,-0.0561355
1001.73,1.56493,-0.0571282
1001.79,1.56483,-0.0581207
1001.85,1.56473,-0.0591132
1001.91,1.56463,-0.0601055
1001.98,1.56453,-0.0610977
1002.04,1.56443,-0.0620898
1002.1,1.56434,-0.0630818
1002.17,1.56424,-0.0640736
1002.23,1.56414,-0.0650653
1002.3,1.56404,-0.0660569
1002.37,1.56394,-0.0670483
1002.44,1.56384,-0.0680397
1002.51,1.56374,-0.0690308
1002.58,1.56364,-0.0700219
1002.65,1.56354,-0.0710128
1002.73,1.56345,-0.0720035
1002.8,1.56335,-0.0729941
1002.87,1.56325,-0.0739846
1002.95,1.56315,-0.0749749
1003.03,1.56305,-0.0759651
1003.11,1.56295,-0.0769551
1003.19,1.56285,-0.0779449
1003.27,1.56275,-0.0789346
1003.35,1.56266,-0.0799242
1003.43,1.56256,-0.0809136
1003.51,1.56246,-0.0819028
1003.6,1.56236,-0.0828919
1003.68,1.56226,-0.0838808
1003.77,1.56216,-0.0848695
1003.85,1.56206,-0.0858581
1003.94,1.56197,-0.0868465
1004.03,1.56187,-0.0878347
1004.12,1.56177,-0.0888227
1004.21,1.56167,-0.0898106
1004.3,1.56157,-0.0907983
1004.4,1.56147,-0.0917858
1004.49,1.56138,-0.0927731
1004.58,1.56128,-0.0937603
1004.68,1.56118,-0.0947472
1004.78,1.56108,-0.095734
1004.88,1.56098,-0.0967206
1004.97,1.56089,-0.097707
1005.07,1.56079,-0.0986932
1005.17,1.56069,-0.0996792
1005.28,1.56059,-0.100665
1005.38,1.56049,-0.101651
1005.48,1.56039,-0.102636
1005.59,1.5603,-0.103621
1005.69,1.5602,-0.104606
1005.8,1.5601,-0.105591
1005.91,1.56,-0.106576
1006.02,1.55991,-0.10756
1006.13,1.55981,-0.108544
1006.24,1.55971,-0.109528
1006.35,1.55961,-0.110512
1006.46,1.55951,-0.111495
1006.57,1.55942,-0.112479
1006.69,1.55932,-0.113462
1006.8,1.55922,-0.114445
1006.92,1.55912,-0.115427
1007.04,1.55903,-0.11641
1007.16,1.55893,-0.117392
1007.28,1.55883,-0.118374
1007.4,1.55873,-0.119356
1007.52,1.55864,-0.120337
1007.64,1.55854,-0.121318
1007.76,1.55844,-0.122299
1007.89,1.55834,-0.12328
1008.01,1.55825,-0.124261
1008.14,1.55815,-0.125241
1008.27,1.55805,-0.126221
1008.39,1.55796,-0.127201
1008.52,1.55786,-0.12818
1008.65,1.55776,-0.12916
1008.79,1.55766,-0.130139
1008.92,1.55757,-0.131117
1009.05,1.55747,-0.132096
1009.18,1.55737,-0.133074
1009.32,1.55728,-0.134052
1009.46,1.55718,-0.13503
1009.59,1.55708,-0.136008
1009.73,1.55699,-0.136985
1009.87,1.55689,-0.137962
1010.01,1.55679,-0.138939
1010.15,1.5567,-0.139915
1010.29,1.5566,-0.140891
1010.43,1.5565,-0.141867
1010.58,1.55641,-0.142843
1010.72,1.55631,-0.143818
1010.87,1.55621,-0.144793
1011.02,1.55612,-0.145768
1011.16,1.55602,-0.146743
1011.31,1.55592,-0.147717
1011.46,1.55583,-0.148691
1011.61,1.55573,-0.149664
1011.76,1.55564,-0.150638
1011.92,1.55554,-0.151611
1012.07,1.55544,-0.152584
1012.22,1.55535,-0.153556
1012.38,1.55525,-0.154528
1012.53,1.55516,-0.1555
1012.69,1.55506,-0.156472
1012.85,1.55496,-0.157443
1013.01,1.55487,-0.158414
1013.17,1.55477,-0.159385
1013.33,1.55468,-0.160355
1013.49,1.55458,-0.161325
1013.66,1.55448,-0.162295
1013.82,1.55439,-0.163265
1013.98,1.55429,-0.164234
1014.15,1.5542,-0.165203
1014.32,1.5541,-0.166171
1014.49,1.55401,-0.167139
1014.65,1.55391,-0.168107
1014.82,1.55382,-0.169075
1014.99,1.55372,-0.170042
1015.17,1.55363,-0.171009
1015.34,1.55353,-0.171976
1015.51,1.55344,-0.172942
1015.69,1.55334,-0.173908
1015.86,1.55325,-0.174874
1016.04,1.55315,-0.175839
1016.22,1.55306,-0.176804
1016.39,1.55296,-0.177769
1016.57,1.55287,-0.178733
1016.75,1.55277,-0.179697
1016.94,1.55268,-0.18066
1017.12,1.55258,-0.181624
1017.3,1.55249,-0.182587
1017.48,1.55239,-0.183549
1017.67,1.5523,-0.184512
1017.86,1.5522,-0.185473
1018.04,1.55211,-0.186435
1018.23,1.55201,-0.187396
1018.42,1.55192,-0.188357
1018.61,1.55183,-0.189318
1018.8,1.55173,-0.190278
1018.99,1.55164,-0.191237
1019.18,1.55154,-0.192197
1019.38,1.55145,-0.193156
1019.57,1.55135,-0.194115
1019.77,1.55126,-0.195073
1019.96,1.55117,-0.196031
1020.16,1.55107,-0.196989
1020.36,1.55098,-0.197946
1020.56,1.55089,-0.198903
1020.76,1.55079,-0.199859
1020.96,1.5507,-0.200815
1021.16,1.5506,-0.201771
1021.36,1.55051,-0.202727
1021.57,1.55042,-0.203682
1021.77,1.55032,-0.204636
1021.98,1.55023,-0.20559
1022.18,1.55014,-0.206544
1022.39,1.55004,-0.207498
1022.6,1.54995,-0.208451
1022.81,1.54986,-0.209404
1023.02,1.54977,-0.210356
1023.23,1.54967,-0.211308
1023.44,1.54958,-0.212259
1023.66,1.54949,-0.213211
1023.87,1.54939,-0.214161
1024.09,1.5493,-0.215112
1024.3,1.54921,-0.216062
1024.52,1.54912,-0.217011
1024.74,1.54902,-0.21796
1024.96,1.54893,-0.218909
1025.18,1.54884,-0.219858
1025.4,1.54875,-0.220806
1025.62,1.54865,-0.221753
1025.84,1.54856,-0.2227
1026.06,1.54847,-0.223647
1026.29,1.54838,-0.224593
1026.51,1.54828,-0.225539
1026.74,1.54819,-0.226485
1026.97,1.5481,-0.22743
1027.19,1.54801,-0.228375
1027.42,1.54792,-0.229319
1027.65,1.54782,-0.230263
1027.88,1.54773,-0.231206
1028.12,1.54764,-0.232149
1028.35,1.54755,-0.233092
1028.58,1.54746,-0.234034
1028.82,1.54737,-0.234976
1029.05,1.54727,-0.235917
1029.29,1.54718,-0.236858
1029.52,1.54709,-0.237798
1029.76,1.547,-0.238738
1030,1.54691,-0.239678
1030.24,1.54682,-0.240617
1030.48,1.54673,-0.241556
1030.72,1.54664,-0.242494
1030.97,1.54655,-0.243432
1031.21,1.54645,-0.24437
1031.45,1.54636,-0.245307
1031.7,1.54627,-0.246243
1031.95,1.54618,-0.247179
1032.19,1.54609,-0.248115
1032.44,1.546,-0.24905
1032.69,1.54591,-0.249985
1032.94,1.54582,-0.250919
1033.19,1.54573,-0.251853
1033.44,1.54564,-0.252787
1033.7,1.54555,-0.25372
1033.95,1.54546,-0.254652
1034.2,1.54537,-0.255584
1034.46,1.54528,-0.256516
1034.72,1.54519,-0.257447
1034.97,1.5451,-0.258378
1035.23,1.54501,-0.259308
1035.49,1.54492,-0.260238
1035.75,1.54483,-0.261167
1036.01,1.54474,-0.262096
1036.27,1.54465,-0.263024
1036.54,1.54456,-0.263952
1036.8,1.54447,-0.26488
1037.06,1.54438,-0.265807
1037.33,1.54429,-0.266733
1037.59,1.5442,-0.267659
1037.86,1.54411,-0.268585
1038.13,1.54403,-0.26951
1038.4,1.54394,-0.270435
1038.67,1.54385,-0.271359
1038.94,1.54376,-0.272282
1039.21,1.54367,-0.273206
1039.48,1.54358,-0.274128
1039.76,1.54349,-0.275051
1040.03,1.5434,-0.275972
1040.31,1.54332,-0.276894
1040.58,1.54323,-0.277814
1040.86,1.54314,-0.278735
1041.14,1.54305,-0.279655
1041.41,1.54296,-0.280574
1041.69,1.54287,-0.281493
1041.97,1.54279,-0.282411
1042.26,1.5427,-0.283329
1042.54,1.54261,-0.284246
1042.82,1.54252,-0.285163
1043.1,1.54243,-0.28608
1043.39,1.54235,-0.286996
1043.68,1.54226,-0.287911
1043.96,1.54217,-0.288826
1044.25,1.54208,-0.28974
1044.54,1.542,-0.290654
1044.83,1.54191,-0.291568
1045.12,1.54182,-0.292481
1045.41,1.54173,-0.293393
1045.7,1.54165,-0.294305
1045.99,1.54156,-0.295216
1046.29,1.54147,-0.296127
1046.58,1.54139,-0.297038
1046.88,1.5413,-0.297947
1047.17,1.54121,-0.298857
1047.47,1.54113,-0.299766
1047.77,1.54104,-0.300674
1048.07,1.54095,-0.301582
1048.37,1.54087,-0.302489
1048.67,1.54078,-0.303396
1048.97,1.54069,-0.304302
1049.27,1.54061,-0.305208
1049.57,1.54052,-0.306113
1049.88,1.54043,-0.307018
1050.18,1.54035,-0.307922
1050.49,1.54026,-0.308826
1050.79,1.54018,-0.309729
1051.1,1.54009,-0.310632
1051.41,1.54,-0.311534
1051.72,1.53992,-0.312436
1052.03,1.53983,-0.313337
1052.34,1.53975,-0.314237
1052.65,1.53966,-0.315137
1052.96,1.53958,-0.316037
1053.28,1.53949,-0.316936
1053.59,1.53941,-0.317834
1053.91,1.53932,-0.318732
1054.22,1.53924,-0.319629
1054.54,1.53915,-0.320526
1054.86,1.53907,-0.321423
1055.18,1.53898,-0.322318
1055.5,1.5389,-0.323213
1055.82,1.53881,-0.324108
1056.14,1.53873,-0.325002
1056.46,1.53864,-0.325896
1056.78,1.53856,-0.326789
1057.1,1.53847,-0.327682
1057.43,1.53839,-0.328574
1057.75,1.53831,-0.329465
1058.08,1.53822,-0.330356
1058.41,1.53814,-0.331246
1058.74,1.53805,-0.332136
1059.06,1.53797,-0.333025
1059.39,1.53789,-0.333914
1059.72,1.5378,-0.334802
1060.06,1.53772,-0.33569
1060.39,1.53763,-0.336577
1060.72,1.53755,-0.337463
1061.05,1.53747,-0.338349
1061.39,1.53738,-0.339235
1061.72,1.5373,-0.34012
1062.06,1.53722,-0.341004
1062.4,1.53713,-0.341888
1062.74,1.53705,-0.342771
1063.07,1.53697,-0.343654
1063.41,1.53689,-0.344536
1063.75,1.5368,-0.345417
1064.1,1.53672,-0.346298
1064.44,1.53664,-0.347179
1064.78,1.53655,-0.348058
1065.12,1.53647,-0.348938
1065.47,1.53639,-0.349816
1065.81,1.53631,-0.350694
1066.16,1.53623,-0.351572
1066.51,1.53614,-0.352449
1066.86,1.53606,-0.353326
1067.2,1.53598,-0.354201
1067.55,1.5359,-0.355077
1067.9,1.53582,-0.355951
1068.26,1.53573,-0.356826
1068.61,1.53565,-0.357699
1068.96,1.53557,-0.358572
1069.31,1.53549,-0.359445
1069.67,1.53541,-0.360317
1070.02,1.53533,-0.361188
1070.38,1.53524,-0.362059
1070.74,1.53516,-0.362929
1071.09,1.53508,-0.363799
1071.45,1.535,-0.364668
1071.81,1.53492,-0.365536
1072.17,1.53484,-0.366404
1072.53,1.53476,-0.367271
1072.89,1.53468,-0.368138
1073.26,1.5346,-0.369004
1073.62,1.53452,-0.369869
1073.98,1.53444,-0.370734
1074.35,1.53436,-0.371599
1074.72,1.53428,-0.372463
1075.08,1.5342,-0.373326
1075.45,1.53411,-0.374188
1075.82,1.53403,-0.375051
1076.19,1.53395,-0.375912
1076.56,1.53387,-0.376773
1076.93,1.5338,-0.377633
1077.3,1.53372,-0.378493
1077.67,1.53364,-0.379352
1078.04,1.53356,-0.380211
1078.42,1.53348,-0.381068
1078.79,1.5334,-0.381926
1079.17,1.53332,-0.382783
1079.54,1.53324,-0.383639
1079.92,1.53316,-0.384494
1080.3,1.53308,-0.385349
1080.68,1.533,-0.386204
1081.06,1.53292,-0.387057
1081.44,1.53284,-0.387911
1081.82,1.53276,-0.388763
1082.2,1.53269,-0.389615
1082.58,1.53261,-0.390467
1082.96,1.53253,-0.391317
1083.35,1.53245,-0.392168
1083.73,1.53237,-0.393017
1084.12,1.53229,-0.393866
1084.51,1.53222,-0.394715
1084.89,1.53214,-0.395563
1085.28,1.53206,-0.39641
1085.67,1.53198,-0.397256
1086.06,1.5319,-0.398102
1086.45,1.53183,-0.398948
1086.84,1.53175,-0.399793
1087.23,1.53167,-0.400637
1087.63,1.53159,-0.40148
1088.02,1.53152,-0.402323
1088.41,1.53144,-0.403166
1088.81,1.53136,-0.404008
1089.2,1.53128,-0.404849
1089.6,1.53121,-0.405689
1090,1.53113,-0.406529
1090.4,1.53105,-0.407369
1090.79,1.53098,-0.408208
1091.19,1.5309,-0.409046
1091.59,1.53082,-0.409883
1092,1.53075,-0.41072
1092.4,1.53067,-0.411556
1092.8,1.53059,-0.412392
1093.2,1.53052,-0.413227
1093.61,1.53044,-0.414062
1094.01,1.53037,-0.414896
1094.42,1.53029,-0.415729
1094.83,1.53021,-0.416562
1095.23,1.53014,-0.417394
1095.64,1.53006,-0.418225
1096.05,1.52999,-0.419056
1096.46,1.52991,-0.419886
1096.87,1.52983,-0.420716
1097.28,1.52976,-0.421544
1097.69,1.52968,-0.422373
1098.11,1.52961,-0.423201
1098.52,1.52953,-0.424028
1098.93,1.52946,-0.424854
1099.35,1.52938,-0.42568
1099.76,1.52931,-0.426505
1100.18,1.52923,-0.42733
1100.6,1.52916,-0.428154
1101.01,1.52908,-0.428977
1101.43,1.52901,-0.4298
1101.85,1.52893,-0.430622
1102.27,1.52886,-0.431444
1102.69,1.52879,-0.432265
1103.12,1.52871,-0.433085
1103.54,1.52864,-0.433905
1103.96,1.52856,-0.434724
1104.38,1.52849,-0.435542
1104.81,1.52842,-0.43636
1105.23,1.52834,-0.437177
1105.66,1.52827,-0.437994
1106.09,1.52819,-0.43881
1106.51,1.52812,-0.439625
1106.94,1.52805,-0.44044
1107.37,1.52797,-0.441254
1107.8,1.5279,-0.442067
1108.23,1.52783,-0.44288
1108.66,1.52775,-0.443692
1109.1,1.52768,-0.444504
1109.53,1.52761,-0.445314
1109.96,1.52753,-0.446125
1110.4,1.52746,-0.446934
1110.83,1.52739,-0.447743
1111.27,1.52732,-0.448552
1111.7,1.52724,-0.44936
1112.14,1.52717,-0.450167
1112.58,1.5271,-0.450973
1113.02,1.52703,-0.451779
1113.45,1.52695,-0.452584
1113.89,1.52688,-0.453389
1114.34,1.52681,-0.454193
1114.78,1.52674,-0.454996
1115.22,1.52667,-0.455799
1115.66,1.52659,-0.456601
1116.11,1.52652,-0.457403
1116.55,1.52645,-0.458204
1116.99,1.52638,-0.459004
1117.44,1.52631,-0.459803
1117.89,1.52624,-0.460602
1118.33,1.52617,-0.461401
1118.78,1.52609,-0.462198
1119.23,1.52602,-0.462995
1119.68,1.52595,-0.463792
1120.13,1.52588,-0.464587
1120.58,1.52581,-0.465383
1121.03,1.52574,-0.466177
1121.48,1.52567,-0.466971
1121.94,1.5256,-0.467764
1122.39,1.52553,-0.468557
1122.84,1.52546,-0.469349
1123.3,1.52539,-0.47014
1123.76,1.52532,-0.470931
1124.21,1.52525,-0.471721
1124.67,1.52518,-0.47251
1125.13,1.52511,-0.473299
1125.58,1.52504,-0.474087
1126.04,1.52497,-0.474875
1126.5,1.5249,-0.475661
1126.96,1.52483,-0.476448
1127.43,1.52476,-0.477233
1127.89,1.52469,-0.478018
1128.35,1.52462,-0.478803
1128.81,1.52455,-0.479586
1129.28,1.52448,-0.480369
1129.74,1.52441,-0.481152
1130.21,1.52434,-0.481933
1130.67,1.52427,-0.482715
1131.14,1.5242,-0.483495
1131.61,1.52413,-0.484275
1132.08,1.52407,-0.485054
1132.55,1.524,-0.485833
1133.02,1.52393,-0.486611
1133.49,1.52386,-0.487388
1133.96,1.52379,-0.488164
1134.43,1.52372,-0.48894
1134.9,1.52366,-0.489716
1135.37,1.52359,-0.490491
1135.85,1.52352,-0.491265
1136.32,1.52345,-0.492038
1136.8,1.52338,-0.492811
1137.27,1.52332,-0.493583
1137.75,1.52325,-0.494355
1138.23,1.52318,-0.495125
1138.7,1.52311,-0.495896
1139.18,1.52304,-0.496665
1139.66,1.52298,-0.497434
1140.14,1.52291,-0.498203
1140.62,1.52284,-0.49897
1141.1,1.52278,-0.499737
1141.58,1.52271,-0.500504
1142.07,1.52264,-0.501269
1142.55,1.52258,-0.502034
1143.03,1.52251,-0.502799
1143.52,1.52244,-0.503563
1144,1.52238,-0.504326
1144.49,1.52231,-0.505088
1144.98,1.52224,-0.50585
1145.46,1.52218,-0.506612
1145.95,1.52211,-0.507372
1146.44,1.52204,-0.508132
1146.93,1.52198,-0.508891
1147.42,1.52191,-0.50965
1147.91,1.52185,-0.510408
1148.4,1.52178,-0.511165
1148.89,1.52171,-0.511922
1149.38,1.52165,-0.512678
1149.88,1.52158,-0.513434
1150.37,1.52152,-0.514189
1150.87,1.52145,-0.514943
1151.36,1.52139,-0.515696
1151.86,1.52132,-0.516449
1152.35,1.52126,-0.517201
1152.85,1.52119,-0.517953
1153.35,1.52113,-0.518704
1153.85,1.52106,-0.519454
1154.35,1.521,-0.520204
1154.84,1.52093,-0.520953
1155.35,1.52087,-0.521701
1155.85,1.5208,-0.522449
1156.35,1.52074,-0.523196
1156.85,1.52067,-0.523943
1157.35,1.52061,-0.524688
1157.86,1.52054,-0.525434
1158.36,1.52048,-0.526178
1158.87,1.52042,-0.526922
1159.37,1.52035,-0.527665
1159.88,1.52029,-0.528408
1160.38,1.52022,-0.52915
1160.89,1.52016,-0.529891
1161.4,1.5201,-0.530632
1161.91,1.52003,-0.531372
1162.42,1.51997,-0.532111
1162.93,1.51991,-0.53285
1163.44,1.51984,-0.533588
1163.95,1.51978,-0.534325
1164.46,1.51972,-0.535062
1164.97,1.51965,-0.535798
1165.49,1.51959,-0.536534
1166,1.51953,-0.537269
1166.51,1.51946,-0.538003
1167.03,1.5194,-0.538736
1167.55,1.51934,-0.539469
1168.06,1.51928,-0.540202
1168.58,1.51921,-0.540933
1169.1,1.51915,-0.541664
1169.61,1.51909,-0.542395
1170.13,1.51903,-0.543124
1170.65,1.51896,-0.543854
1171.17,1.5189,-0.544582
1171.69,1.51884,-0.54531
1172.21,1.51878,-0.546037
1172.74,1.51872,-0.546763
1173.26,1.51866,-0.547489
1173.78,1.51859,-0.548215
1174.31,1.51853,-0.548939
1174.83,1.51847,-0.549663
1175.35,1.51841,-0.550386
1175.88,1.51835,-0.551109
1176.41,1.51829,-0.551831
1176.93,1.51823,-0.552552
1177.46,1.51816,-0.553273
1177.99,1.5181,-0.553993
1178.52,1.51804,-0.554713
1179.05,1.51798,-0.555432
1179.58,1.51792,-0.55615
1180.11,1.51786,-0.556867
1180.64,1.5178,-0.557584
1181.17,1.51774,-0.5583
1181.7,1.51768,-0.559016
1182.23,1.51762,-0.559731
1182.77,1.51756,-0.560445
1183.3,1.5175,-0.561159
1183.84,1.51744,-0.561872
1184.37,1.51738,-0.562584
1184.91,1.51732,-0.563296
1185.44,1.51726,-0.564007
1185.98,1.5172,-0.564718
1186.52,1.51714,-0.565428
1187.06,1.51708,-0.566137
1187.6,1.51702,-0.566846
1188.14,1.51696,-0.567554
1188.68,1.5169,-0.568261
1189.22,1.51684,-0.568967
1189.76,1.51678,-0.569673
1190.3,1.51672,-0.570379
1190.84,1.51666,-0.571084
1191.39,1.5166,-0.571788
1191.93,1.51654,-0.572491
1192.47,1.51649,-0.573194
1193.02,1.51643,-0.573896
1193.56,1.51637,-0.574598
1194.11,1.51631,-0.575299
1194.66,1.51625,-0.575999
1195.2,1.51619,-0.576699
1195.75,1.51613,-0.577398
1196.3,1.51608,-0.578096
1196.85,1.51602,-0.578794
1197.4,1.51596,-0.579491
1197.95,1.5159,-0.580187
1198.5,1.51584,-0.580883
1199.05,1.51579,-0.581578
1199.6,1.51573,-0.582273
1200.16,1.51567,-0.582967
1200.71,1.51561,-0.58366
1201.26,1.51556,-0.584353
1201.82,1.5155,-0.585045
1202.37,1.51544,-0.585736
1202.93,1.51538,-0.586427
1203.48,1.51533,-0.587117
1204.04,1.51527,-0.587807
1204.6,1.51521,-0.588496
1205.15,1.51516,-0.589184
1205.71,1.5151,-0.589871
1206.27,1.51504,-0.590558
1206.83,1.51498,-0.591245
1207.39,1.51493,-0.59193
1207.95,1.51487,-0.592616
1208.51,1.51481,-0.5933
1209.07,1.51476,-0.593984
1209.63,1.5147,-0.594667
1210.2,1.51465,-0.59535
1210.76,1.51459,-0.596031
1211.32,1.51453,-0.596713
1211.89,1.51448,-0.597393
1212.45,1.51442,-0.598073
1213.02,1.51437,-0.598753
1213.59,1.51431,-0.599432
1214.15,1.51425,-0.60011
1214.72,1.5142,-0.600787
1215.29,1.51414,-0.601464
1215.86,1.51409,-0.60214
1216.42,1.51403,-0.602816
1216.99,1.51398,-0.603491
1217.56,1.51392,-0.604165
1218.13,1.51387,-0.604839
1218.71,1.51381,-0.605512
1219.28,1.51376,-0.606185
1219.85,1.5137,-0.606857
1220.42,1.51365,-0.607528
1221,1.51359,-0.608198
1221.57,1.51354,-0.608868
1222.14,1.51348,-0.609538
1222.72,1.51343,-0.610207
1223.29,1.51337,-0.610875
1223.87,1.51332,-0.611542
1224.45,1.51326,-0.612209
1225.02,1.51321,-0.612875
1225.6,1.51316,-0.613541
1226.18,1.5131,-0.614206
1226.76,1.51305,-0.61487
1227.34,1.51299,-0.615534
1227.92,1.51294,-0.616197
1228.5,1.51289,-0.61686
1229.08,1.51283,-0.617521
1229.66,1.51278,-0.618183
1230.24,1.51272,-0.618843
1230.82,1.51267,-0.619503
1231.41,1.51262,-0.620163
1231.99,1.51256,-0.620822
1232.58,1.51251,-0.62148
1233.16,1.51246,-0.622137
1233.75,1.5124,-0.622794
1234.33,1.51235,-0.62345
1234.92,1.5123,-0.624106
1235.5,1.51225,-0.624761
1236.09,1.51219,-0.625416
1236.68,1.51214,-0.626069
1237.27,1.51209,-0.626723
1237.86,1.51203,-0.627375
1238.45,1.51198,-0.628027
1239.04,1.51193,-0.628679
1239.63,1.51188,-0.629329
1240.22,1.51183,-0.629979
1240.81,1.51177,-0.630629
1241.4,1.51172,-0.631278
1241.99,1.51167,-0.631926
1242.59,1.51162,-0.632574
1243.18,1.51156,-0.633221
1243.77,1.51151,-0.633867
1244.37,1.51146,-0.634513
1244.96,1.51141,-0.635158
1245.56,1.51136,-0.635803
1246.16,1.51131,-0.636447
1246.75,1.51125,-0.63709
1247.35,1.5112,-0.637733
1247.95,1.51115,-0.638375
1248.55,1.5111,-0.639017
1249.15,1.51105,-0.639658
1249.74,1.511,-0.640298
1250.34,1.51095,-0.640938
1250.94,1.5109,-0.641577
1251.55,1.51085,-0.642215
1252.15,1.51079,-0.642853
1252.75,1.51074,-0.64349
1253.35,1.51069,-0.644127
1253.95,1.51064,-0.644763
1254.56,1.51059,-0.645398
1255.16,1.51054,-0.646033
1255.77,1.51049,-0.646668
1256.37,1.51044,-0.647301
1256.98,1.51039,-0.647934
1257.58,1.51034,-0.648567
1258.19,1.51029,-0.649198
1258.8,1.51024,-0.64983
1259.4,1.51019,-0.65046
1260.01,1.51014,-0.65109
1260.62,1.51009,-0.65172
1261.23,1.51004,-0.652348
1261.84,1.50999,-0.652977
1262.45,1.50994,-0.653604
1263.06,1.50989,-0.654231
1263.67,1.50984,-0.654857
1264.28,1.50979,-0.655483
1264.89,1.50974,-0.656108
1265.5,1.50969,-0.656733
1266.12,1.50965,-0.657357
1266.73,1.5096,-0.65798
1267.34,1.50955,-0.658603
1267.96,1.5095,-0.659225
1268.57,1.50945,-0.659847
1269.19,1.5094,-0.660468
1269.8,1.50935,-0.661088
1270.42,1.5093,-0.661708
1271.04,1.50925,-0.662327
1271.66,1.50921,-0.662946
1272.27,1.50916,-0.663564
1272.89,1.50911,-0.664181
1273.51,1.50906,-0.664798
1274.13,1.50901,-0.665414
1274.75,1.50896,-0.66603
1275.37,1.50892,-0.666645
1275.99,1.50887,-0.667259
1276.61,1.50882,-0.667873
1277.23,1.50877,-0.668486
1277.85,1.50873,-0.669099
1278.48,1.50868,-0.669711
1279.1,1.50863,-0.670322
1279.72,1.50858,-0.670933
1280.35,1.50853,-0.671543
1280.97,1.50849,-0.672153
1281.6,1.50844,-0.672762
1282.22,1.50839,-0.67337
1282.85,1.50835,-0.673978
1283.48,1.5083,-0.674586
1284.1,1.50825,-0.675192
1284.73,1.5082,-0.675798
1285.36,1.50816,-0.676404
1285.99,1.50811,-0.677009
1286.61,1.50806,-0.677613
1287.24,1.50802,-0.678217
1287.87,1.50797,-0.67882
1288.5,1.50792,-0.679423
1289.13,1.50788,-0.680025
1289.77,1.50783,-0.680626
1290.4,1.50778,-0.681227
1291.03,1.50774,-0.681827
1291.66,1.50769,-0.682427
1292.29,1.50764,-0.683026
1292.93,1.5076,-0.683625
1293.56,1.50755,-0.684223
1294.2,1.50751,-0.68482
1294.83,1.50746,-0.685417
1295.47,1.50741,-0.686013
1296.1,1.50737,-0.686609
1296.74,1.50732,-0.687204
1297.37,1.50728,-0.687798
1298.01,1.50723,-0.688392
1298.65,1.50719,-0.688985
1299.29,1.50714,-0.689578
1299.93,1.50709,-0.69017
1300.56,1.50705,-0.690762
1301.2,1.507,-0.691353
1301.84,1.50696,-0.691943
1302.48,1.50691,-0.692533
1303.13,1.50687,-0.693122
1303.77,1.50682,-0.693711
1304.41,1.50678,-0.694299
1305.05,1.50673,-0.694886
1305.69,1.50669,-0.695473
1306.34,1.50664,-0.69606
1306.98,1.5066,-0.696645
1307.62,1.50655,-0.697231
1308.27,1.50651,-0.697815
1308.91,1.50647,-0.698399
1309.56,1.50642,-0.698983
1310.2,1.50638,-0.699566
1310.85,1.50633,-0.700148
1311.5,1.50629,-0.70073
1312.14,1.50624,-0.701311
1312.79,1.5062,-0.701892
1313.44,1.50616,-0.702472
1314.09,1.50611,-0.703051
1314.74,1.50607,-0.70363
1315.38,1.50602,-0.704209
1316.03,1.50598,-0.704786
1316.68,1.50594,-0.705364
1317.33,1.50589,-0.70594
1317.99,1.50585,-0.706516
1318.64,1.50581,-0.707092
1319.29,1.50576,-0.707667
1319.94,1.50572,-0.708241
1320.59,1.50568,-0.708815
1321.25,1.50563,-0.709388
1321.9,1.50559,-0.709961
1322.55,1.50555,-0.710533
1323.21,1.5055,-0.711105
1323.86,1.50546,-0.711676
1324.52,1.50542,-0.712246
1325.18,1.50537,-0.712816
1325.83,1.50533,-0.713386
1326.49,1.50529,-0.713954
1327.14,1.50525,-0.714523
1327.8,1.5052,-0.71509
1328.46,1.50516,-0.715657
1329.12,1.50512,-0.716224
1329.78,1.50508,-0.71679
1330.44,1.50503,-0.717355
1331.1,1.50499,-0.71792
1331.76,1.50495,-0.718485
1332.42,1.50491,-0.719048
1333.08,1.50486,-0.719612
1333.74,1.50482,-0.720174
1334.4,1.50478,-0.720736
1335.06,1.50474,-0.721298
1335.72,1.5047,-0.721859
1336.39,1.50466,-0.722419
1337.05,1.50461,-0.722979
1337.72,1.50457,-0.723538
1338.38,1.50453,-0.724097
1339.04,1.50449,-0.724655
1339.71,1.50445,-0.725213
1340.37,1.50441,-0.72577
1341.04,1.50436,-0.726327
1341.71,1.50432,-0.726883
1342.37,1.50428,-0.727438
1343.04,1.50424,-0.727993
1343.71,1.5042,-0.728548
1344.38,1.50416,-0.729101
1345.04,1.50412,-0.729655
1345.71,1.50408,-0.730207
1346.38,1.50404,-0.73076
1347.05,1.50399,-0.731311
1347.72,1.50395,-0.731862
1348.39,1.50391,-0.732413
1349.06,1.50387,-0.732963
1349.73,1.50383,-0.733512
1350.41,1.50379,-0.734061
1351.08,1.50375,-0.73461
1351.75,1.50371,-0.735158
1352.42,1.50367,-0.735705
1353.1,1.50363,-0.736252
1353.77,1.50359,-0.736798
1354.44,1.50355,-0.737344
1355.12,1.50351,-0.737889
1355.79,1.50347,-0.738433
1356.47,1.50343,-0.738977
1357.14,1.50339,-0.739521
1357.82,1.50335,-0.740064
1358.5,1.50331,-0.740606
1359.17,1.50327,-0.741148
1359.85,1.50323,-0.74169
1360.53,1.50319,-0.74223
1361.21,1.50315,-0.742771
1361.89,1.50311,-0.74331
1362.56,1.50307,-0.74385
1363.24,1.50303,-0.744388
1363.92,1.50299,-0.744926
1364.6,1.50295,-0.745464
1365.28,1.50291,-0.746001
1365.96,1.50288,-0.746538
1366.65,1.50284,-0.747074
1367.33,1.5028,-0.747609
1368.01,1.50276,-0.748144
1368.69,1.50272,-0.748679
1369.37,1.50268,-0.749213
1370.06,1.50264,-0.749746
1370.74,1.5026,-0.750279
1371.42,1.50256,-0.750811
1372.11,1.50253,-0.751343
1372.79,1.50249,-0.751874
1373.48,1.50245,-0.752405
1374.16,1.50241,-0.752935
1374.85,1.50237,-0.753465
1375.54,1.50233,-0.753994
1376.22,1.5023,-0.754523
1376.91,1.50226,-0.755051
1377.6,1.50222,-0.755578
1378.29,1.50218,-0.756105
1378.97,1.50214,-0.756632
1379.66,1.5021,-0.757158
1380.35,1.50207,-0.757683
1381.04,1.50203,-0.758208
1381.73,1.50199,-0.758733
1382.42,1.50195,-0.759257
1383.11,1.50192,-0.75978
1383.8,1.50188,-0.760303
1384.49,1.50184,-0.760825
1385.18,1.5018,-0.761347
1385.88,1.50177,-0.761869
1386.57,1.50173,-0.762389
1387.26,1.50169,-0.76291
1387.95,1.50165,-0.763429
1388.65,1.50162,-0.763949
1389.34,1.50158,-0.764467
1390.04,1.50154,-0.764986
1390.73,1.5015,-0.765503
1391.42,1.50147,-0.766021
1392.12,1.50143,-0.766537
1392.82,1.50139,-0.767053
1393.51,1.50136,-0.767569
1394.21,1.50132,-0.768084
1394.91,1.50128,-0.768599
1395.6,1.50125,-0.769113
1396.3,1.50121,-0.769627
1397,1.50117,-0.77014
1397.7,1.50114,-0.770652
1398.39,1.5011,-0.771164
1399.09,1.50106,-0.771676
1399.79,1.50103,-0.772187
1400.49,1.50099,-0.772698
1401.19,1.50095,-0.773208
1401.89,1.50092,-0.773717
1402.59,1.50088,-0.774226
1403.3,1.50085,-0.774735
1404,1.50081,-0.775243
1404.7,1.50077,-0.77575
1405.4,1.50074,-0.776257
1406.1,1.5007,-0.776764
1406.81,1.50067,-0.77727
1407.51,1.50063,-0.777775
1408.21,1.50059,-0.77828
1408.92,1.50056,-0.778785
1409.62,1.50052,-0.779289
1410.33,1.50049,-0.779792
1411.03,1.50045,-0.780295
1411.74,1.50042,-0.780798
1412.44,1.50038,-0.7813
1413.15,1.50035,-0.781801
1413.86,1.50031,-0.782302
1414.56,1.50028,-0.782803
1415.27,1.50024,-0.783303
1415.98,1.5002,-0.783802
1416.69,1.50017,-0.784301
1417.39,1.50013,-0.7848
1418.1,1.5001,-0.785298
1418.81,1.50006,-0.785795
1419.52,1.50003,-0.786293
1420.23,1.5,-0.786789
1420.94,1.49996,-0.787285
1421.65,1.49993,-0.787781
1422.36,1.49989,-0.788276
1423.07,1.49986,-0.78877
1423.78,1.49982,-0.789264
1424.5,1.49979,-0.789758
1425.21,1.49975,-0.790251
1425.92,1.49972,-0.790744
1426.63,1.49968,-0.791236
1427.35,1.49965,-0.791727
1428.06,1.49962,-0.792218
1428.77,1.49958,-0.792709
1429.49,1.49955,-0.793199
1430.2,1.49951,-0.793689
1430.92,1.49948,-0.794178
1431.63,1.49944,-0.794667
1432.35,1.49941,-0.795155
1433.06,1.49938,-0.795643
1433.78,1.49934,-0.79613
1434.5,1.49931,-0.796617
1435.21,1.49928,-0.797103
1435.93,1.49924,-0.797589
1436.65,1.49921,-0.798074
1437.37,1.49917,-0.798559
1438.09,1.49914,-0.799043
1438.8,1.49911,-0.799527
1439.52,1.49907,-0.800011
1440.24,1.49904,-0.800493
1440.96,1.49901,-0.800976
1441.68,1.49897,-0.801458
1442.4,1.49894,-0.801939
1443.12,1.49891,-0.80242
1443.84,1.49887,-0.802901
1444.57,1.49884,-0.803381
1445.29,1.49881,-0.80386
1446.01,1.49877,-0.804339
1446.73,1.49874,-0.804818
1447.45,1.49871,-0.805296
1448.18,1.49868,-0.805774
1448.9,1.49864,-0.806251
1449.62,1.49861,-0.806728
1450.35,1.49858,-0.807204
1451.07,1.49855,-0.80768
1451.8,1.49851,-0.808155
1452.52,1.49848,-0.80863
1453.25,1.49845,-0.809104
1453.97,1.49842,-0.809578
1454.7,1.49838,-0.810051
1455.42,1.49835,-0.810524
1456.15,1.49832,-0.810997
1456.88,1.49829,-0.811469
1457.6,1.49825,-0.81194
1458.33,1.49822,-0.812411
1459.06,1.49819,-0.812882
1459.79,1.49816,-0.813352
1460.52,1.49813,-0.813822
1461.25,1.49809,-0.814291
1461.97,1.49806,-0.81476
1462.7,1.49803,-0.815228
1463.43,1.498,-0.815696
1464.16,1.49797,-0.816163
1464.89,1.49793,-0.81663
1465.62,1.4979,-0.817096
1466.36,1.49787,-0.817562
1467.09,1.49784,-0.818028
1467.82,1.49781,-0.818493
1468.55,1.49778,-0.818957
1469.28,1.49774,-0.819421
1470.02,1.49771,-0.819885
1470.75,1.49768,-0.820348
1471.48,1.49765,-0.820811
1472.22,1.49762,-0.821273
1472.95,1.49759,-0.821735
1473.68,1.49756,-0.822196
1474.42,1.49753,-0.822657
1475.15,1.49749,-0.823117
1475.89,1.49746,-0.823577
1476.62,1.49743,-0.824037
1477.36,1.4974,-0.824496
1478.1,1.49737,-0.824954
1478.83,1.49734,-0.825413
1479.57,1.49731,-0.82587
1480.31,1.49728,-0.826328
1481.04,1.49725,-0.826784
1481.78,1.49722,-0.827241
1482.52,1.49719,-0.827696
1483.26,1.49716,-0.828152
1483.99,1.49712,-0.828607
1484.73,1.49709,-0.829061
1485.47,1.49706,-0.829515
1486.21,1.49703,-0.829969
1486.95,1.497,-0.830422
1487.69,1.49697,-0.830875
1488.43,1.49694,-0.831327
1489.17,1.49691,-0.831779
1489.91,1.49688,-0.83223
1490.65,1.49685,-0.832681
1491.4,1.49682,-0.833132
1492.14,1.49679,-0.833582
1492.88,1.49676,-0.834032
1493.62,1.49673,-0.834481
1494.37,1.4967,-0.834929
1495.11,1.49667,-0.835378
1495.85,1.49664,-0.835825
1496.6,1.49661,-0.836273
1497.34,1.49658,-0.83672
1498.08,1.49655,-0.837166
1498.83,1.49652,-0.837612
1499.57,1.49649,-0.838058
1500.32,1.49646,-0.838503
1501.06,1.49643,-0.838948
1501.81,1.49641,-0.839392
1502.56,1.49638,-0.839836
1503.3,1.49635,-0.840279
1504.05,1.49632,-0.840722
1504.8,1.49629,-0.841165
1505.54,1.49626,-0.841607
1506.29,1.49623,-0.842049
1507.04,1.4962,-0.84249
1507.79,1.49617,-0.842931
1508.53,1.49614,-0.843371
1509.28,1.49611,-0.843811
1510.03,1.49608,-0.84425
1510.78,1.49606,-0.844689
1511.53,1.49603,-0.845128
1512.28,1.496,-0.845566
1513.03,1.49597,-0.846004
1513.78,1.49594,-0.846441
1514.53,1.49591,-0.846878
1515.28,1.49588,-0.847315
1516.03,1.49585,-0.847751
1516.79,1.49583,-0.848186
1517.54,1.4958,-0.848621
1518.29,1.49577,-0.849056
1519.04,1.49574,-0.849491
1519.79,1.49571,-0.849924
1520.55,1.49568,-0.850358
1521.3,1.49565,-0.850791
1522.05,1.49563,-0.851223
1522.81,1.4956,-0.851656
1523.56,1.49557,-0.852087
1524.32,1.49554,-0.852519
1525.07,1.49551,-0.85295
1525.83,1.49549,-0.85338
1526.58,1.49546,-0.85381
1527.34,1.49543,-0.85424
1528.09,1.4954,-0.854669
1528.85,1.49537,-0.855098
1529.61,1.49535,-0.855526
1530.36,1.49532,-0.855954
1531.12,1.49529,-0.856382
1531.88,1.49526,-0.856809
1532.63,1.49523,-0.857235
1533.39,1.49521,-0.857662
1534.15,1.49518,-0.858087
1534.91,1.49515,-0.858513
1535.67,1.49512,-0.858938
1536.43,1.4951,-0.859362
1537.18,1.49507,-0.859787
1537.94,1.49504,-0.86021
1538.7,1.49501,-0.860634
1539.46,1.49499,-0.861056
1540.22,1.49496,-0.861479
1540.98,1.49493,-0.861901
1541.75,1.4949,-0.862323
1542.51,1.49488,-0.862744
1543.27,1.49485,-0.863165
1544.03,1.49482,-0.863585
1544.79,1.4948,-0.864005
1545.55,1.49477,-0.864425
1546.32,1.49474,-0.864844
1547.08,1.49472,-0.865263
1547.84,1.49469,-0.865681
1548.6,1.49466,-0.866099
1549.37,1.49463,-0.866517
1550.13,1.49461,-0.866934
1550.9,1.49458,-0.867351
1551.66,1.49455,-0.867767
1552.42,1.49453,-0.868183
1553.19,1.4945,-0.868598
1553.95,1.49447,-0.869013
1554.72,1.49445,-0.869428
1555.49,1.49442,-0.869842
1556.25,1.49439,-0.870256
1557.02,1.49437,-0.87067
1557.78,1.49434,-0.871083
1558.55,1.49432,-0.871495
1559.32,1.49429,-0.871908
1560.08,1.49426,-0.872319
1560.85,1.49424,-0.872731
1561.62,1.49421,-0.873142
1562.39,1.49418,-0.873553
1563.16,1.49416,-0.873963
1563.93,1.49413,-0.874373
1564.69,1.49411,-0.874782
1565.46,1.49408,-0.875191
1566.23,1.49405,-0.8756
1567,1.49403,-0.876008
1567.77,1.494,-0.876416
1568.54,1.49398,-0.876823
1569.31,1.49395,-0.87723
1570.08,1.49392,-0.877637
1570.85,1.4939,-0.878043
1571.62,1.49387,-0.878449
1572.4,1.49385,-0.878854
1573.17,1.49382,-0.87926
1573.94,1.4938,-0.879664
1574.71,1.49377,-0.880068
1575.48,1.49375,-0.880472
1576.26,1.49372,-0.880876
1577.03,1.49369,-0.881279
1577.8,1.49367,-0.881682
1578.58,1.49364,-0.882084
1579.35,1.49362,-0.882486
1580.12,1.49359,-0.882887
1580.9,1.49357,-0.883288
1581.67,1.49354,-0.883689
1582.45,1.49352,-0.884089
1583.22,1.49349,-0.884489
1584,1.49347,-0.884889
1584.77,1.49344,-0.885288
1585.55,1.49342,-0.885687
1586.32,1.49339,-0.886085
1587.1,1.49337,-0.886483
1587.88,1.49334,-0.886881
1588.65,1.49332,-0.887278
1589.43,1.49329,-0.887675
1590.21,1.49327,-0.888071
1590.99,1.49324,-0.888467
1591.76,1.49322,-0.888863
1592.54,1.49319,-0.889258
1593.32,1.49317,-0.889653
1594.1,1.49314,-0.890048
1594.88,1.49312,-0.890442
1595.66,1.49309,-0.890836
1596.44,1.49307,-0.891229
1597.21,1.49305,-0.891622
1597.99,1.49302,-0.892015
1598.77,1.493,-0.892407
1599.55,1.49297,-0.892799
1600.33,1.49295,-0.89319
1601.12,1.49292,-0.893581
1601.9,1.4929,-0.893972
1602.68,1.49288,-0.894362
1603.46,1.49285,-0.894752
1604.24,1.49283,-0.895142
1605.02,1.4928,-0.895531
1605.8,1.49278,-0.89592
1606.59,1.49275,-0.896308
1607.37,1.49273,-0.896696
1608.15,1.49271,-0.897084
1608.94,1.49268,-0.897471
1609.72,1.49266,-0.897858
1610.5,1.49263,-0.898245
1611.29,1.49261,-0.898631
1612.07,1.49259,-0.899017
1612.85,1.49256,-0.899402
1613.64,1.49254,-0.899787
1614.42,1.49252,-0.900172
1615.21,1.49249,-0.900557
1615.99,1.49247,-0.90094
1616.78,1.49244,-0.901324
1617.57,1.49242,-0.901707
1618.35,1.4924,-0.90209
1619.14,1.49237,-0.902473
1619.92,1.49235,-0.902855
1620.71,1.49233,-0.903236
1621.5,1.4923,-0.903618
1622.28,1.49228,-0.903999
1623.07,1.49226,-0.904379
1623.86,1.49223,-0.90476
1624.65,1.49221,-0.905139
1625.44,1.49219,-0.905519
1626.22,1.49216,-0.905898
1627.01,1.49214,-0.906277
1627.8,1.49212,-0.906655
1628.59,1.49209,-0.907033
1629.38,1.49207,-0.907411
1630.17,1.49205,-0.907788
1630.96,1.49203,-0.908165
1631.75,1.492,-0.908542
1632.54,1.49198,-0.908918
1633.33,1.49196,-0.909294
1634.12,1.49193,-0.90967
1634.91,1.49191,-0.910045
1635.7,1.49189,-0.910419
1636.49,1.49187,-0.910794
1637.28,1.49184,-0.911168
1638.08,1.49182,-0.911542
1638.87,1.4918,-0.911915
1639.66,1.49177,-0.912288
1640.45,1.49175,-0.912661
1641.24,1.49173,-0.913033
1642.04,1.49171,-0.913405
1642.83,1.49168,-0.913776
1643.62,1.49166,-0.914148
1644.42,1.49164,-0.914518
1645.21,1.49162,-0.914889
1646.01,1.49159,-0.915259
1646.8,1.49157,-0.915629
1647.59,1.49155,-0.915998
1648.39,1.49153,-0.916367
1649.18,1.49151,-0.916736
1649.98,1.49148,-0.917104
1650.77,1.49146,-0.917472
1651.57,1.49144,-0.91784
1652.37,1.49142,-0.918207
1653.16,1.49139,-0.918574
1653.96,1.49137,-0.918941
1654.75,1.49135,-0.919307
1655.55,1.49133,-0.919673
1656.35,1.49131,-0.920038
1657.14,1.49128,-0.920404
1657.94,1.49126,-0.920768
1658.74,1.49124,-0.921133
1659.54,1.49122,-0.921497
1660.34,1.4912,-0.921861
1661.13,1.49118,-0.922224
1661.93,1.49115,-0.922587
1662.73,1.49113,-0.92295
1663.53,1.49111,-0.923312
1664.33,1.49109,-0.923675
1665.13,1.49107,-0.924036
1665.93,1.49105,-0.924398
1666.73,1.49102,-0.924759
1667.53,1.491,-0.925119
1668.33,1.49098,-0.92548
1669.13,1.49096,-0.92584
1669.93,1.49094,-0.926199
1670.73,1.49092,-0.926558
1671.53,1.4909,-0.926917
1672.33,1.49087,-0.927276
1673.13,1.49085,-0.927634
1673.93,1.49083,-0.927992
1674.74,1.49081,-0.92835
1675.54,1.49079,-0.928707
1676.34,1.49077,-0.929064
1677.14,1.49075,-0.92942
1677.95,1.49073,-0.929777
1678.75,1.4907,-0.930133
1679.55,1.49068,-0.930488
1680.36,1.49066,-0.930843
1681.16,1.49064,-0.931198
1681.96,1.49062,-0.931553
1682.77,1.4906,-0.931907
1683.57,1.49058,-0.932261
1684.38,1.49056,-0.932614
1685.18,1.49054,-0.932967
1685.98,1.49052,-0.93332
1686.79,1.4905,-0.933673
1687.6,1.49047,-0.934025
1688.4,1.49045,-0.934377
1689.21,1.49043,-0.934728
1690.01,1.49041,-0.935079
1690.82,1.49039,-0.93543
1691.62,1.49037,-0.935781
1692.43,1.49035,-0.936131
1693.24,1.49033,-0.936481
1694.04,1.49031,-0.93683
1694.85,1.49029,-0.937179
1695.66,1.49027,-0.937528
1696.47,1.49025,-0.937877
1697.27,1.49023,-0.938225
1698.08,1.49021,-0.938573
1698.89,1.49019,-0.93892
1699.7,1.49017,-0.939267
1700.51,1.49015,-0.939614
1701.32,1.49013,-0.939961
1702.12,1.49011,-0.940307
1702.93,1.49009,-0.940653
1703.74,1.49007,-0.940998
1704.55,1.49004,-0.941344
1705.36,1.49002,-0.941689
1706.17,1.49,-0.942033
1706.98,1.48998,-0.942377
1707.79,1.48996,-0.942721
1708.6,1.48994,-0.943065
1709.41,1.48992,-0.943408
1710.23,1.4899,-0.943751
1711.04,1.48988,-0.944094
1711.85,1.48986,-0.944436
1712.66,1.48984,-0.944778
1713.47,1.48983,-0.94512
1714.28,1.48981,-0.945461
1715.1,1.48979,-0.945802
1715.91,1.48977,-0.946143
1716.72,1.48975,-0.946483
1717.53,1.48973,-0.946823
1718.35,1.48971,-0.947163
1719.16,1.48969,-0.947502
1719.97,1.48967,-0.947841
1720.79,1.48965,-0.94818
1721.6,1.48963,-0.948518
1722.41,1.48961,-0.948857
1723.23,1.48959,-0.949194
1724.04,1.48957,-0.949532
1724.86,1.48955,-0.949869
1725.67,1.48953,-0.950206
1726.49,1.48951,-0.950542
1727.3,1.48949,-0.950879
1728.12,1.48947,-0.951214
1728.93,1.48945,-0.95155
1729.75,1.48943,-0.951885
1730.56,1.48941,-0.95222
1731.38,1.4894,-0.952555
1732.2,1.48938,-0.952889
1733.01,1.48936,-0.953223
1733.83,1.48934,-0.953557
1734.65,1.48932,-0.95389
1735.46,1.4893,-0.954223
1736.28,1.48928,-0.954556
1737.1,1.48926,-0.954889
1737.92,1.48924,-0.955221
1738.73,1.48922,-0.955553
1739.55,1.4892,-0.955884
1740.37,1.48919,-0.956215
1741.19,1.48917,-0.956546
1742.01,1.48915,-0.956877
1742.83,1.48913,-0.957207
1743.64,1.48911,-0.957537
1744.46,1.48909,-0.957867
1745.28,1.48907,-0.958196
1746.1,1.48905,-0.958525
1746.92,1.48904,-0.958854
1747.74,1.48902,-0.959182
1748.56,1.489,-0.95951
1749.38,1.48898,-0.959838
1750.2,1.48896,-0.960166
1751.02,1.48894,-0.960493
1751.84,1.48892,-0.96082
1752.66,1.48891,-0.961146
1753.49,1.48889,-0.961473
1754.31,1.48887,-0.961799
1755.13,1.48885,-0.962124
1755.95,1.48883,-0.96245
1756.77,1.48881,-0.962775
1757.59,1.48879,-0.963099
1758.42,1.48878,-0.963424
1759.24,1.48876,-0.963748
1760.06,1.48874,-0.964072
1760.88,1.48872,-0.964395
1761.71,1.4887,-0.964719
1762.53,1.48868,-0.965042
1763.35,1.48867,-0.965364
1764.18,1.48865,-0.965687
1765,1.48863,-0.966009
1765.83,1.48861,-0.96633
1766.65,1.48859,-0.966652
1767.47,1.48858,-0.966973
1768.3,1.48856,-0.967294
1769.12,1.48854,-0.967614
1769.95,1.48852,-0.967935
1770.77,1.4885,-0.968255
1771.6,1.48849,-0.968574
1772.42,1.48847,-0.968894
1773.25,1.48845,-0.969213
1774.07,1.48843,-0.969531
1774.9,1.48841,-0.96985
1775.73,1.4884,-0.970168
1776.55,1.48838,-0.970486
1777.38,1.48836,-0.970804
1778.21,1.48834,-0.971121
1779.03,1.48833,-0.971438
1779.86,1.48831,-0.971755
1780.69,1.48829,-0.972071
1781.51,1.48827,-0.972387
1782.34,1.48825,-0.972703
1783.17,1.48824,-0.973019
1784,1.48822,-0.973334
1784.83,1.4882,-0.973649
1785.65,1.48818,-0.973963
1786.48,1.48817,-0.974278
1787.31,1.48815,-0.974592
1788.14,1.48813,-0.974906
1788.97,1.48811,-0.975219
1789.8,1.4881,-0.975532
1790.63,1.48808,-0.975845
1791.46,1.48806,-0.976158
1792.29,1.48805,-0.97647
1793.12,1.48803,-0.976782
1793.95,1.48801,-0.977094
1794.78,1.48799,-0.977406
1795.61,1.48798,-0.977717
1796.44,1.48796,-0.978028
1797.27,1.48794,-0.978338
1798.1,1.48792,-0.978649
1798.93,1.48791,-0.978959
1799.76,1.48789,-0.979268
1800.59,1.48787,-0.979578
1801.42,1.48786,-0.979887
1802.26,1.48784,-0.980196
1803.09,1.48782,-0.980505
1803.92,1.48781,-0.980813
1804.75,1.48779,-0.981121
1805.58,1.48777,-0.981429
1806.42,1.48775,-0.981736
1807.25,1.48774,-0.982044
1808.08,1.48772,-0.982351
1808.91,1.4877,-0.982657
1809.75,1.48769,-0.982964
1810.58,1.48767,-0.98327
1811.42,1.48765,-0.983575
1812.25,1.48764,-0.983881
1813.08,1.48762,-0.984186
1813.92,1.4876,-0.984491
1814.75,1.48759,-0.984796
1815.59,1.48757,-0.9851
1816.42,1.48755,-0.985404
1817.25,1.48754,-0.985708
1818.09,1.48752,-0.986012
1818.92,1.4875,-0.986315
1819.76,1.48749,-0.986618
1820.6,1.48747,-0.986921
1821.43,1.48745,-0.987223
1822.27,1.48744,-0.987525
1823.1,1.48742,-0.987827
1823.94,1.4874,-0.988129
1824.77,1.48739,-0.98843
1825.61,1.48737,-0.988731
1826.45,1.48735,-0.989032
1827.28,1.48734,-0.989333
1828.12,1.48732,-0.989633
1828.96,1.48731,-0.989933
1829.8,1.48729,-0.990233
1830.63,1.48727,-0.990532
1831.47,1.48726,-0.990831
1832.31,1.48724,-0.99113
1833.15,1.48722,-0.991429
1833.98,1.48721,-0.991727
1834.82,1.48719,-0.992025
1835.66,1.48718,-0.992323
1836.5,1.48716,-0.992621
1837.34,1.48714,-0.992918
1838.18,1.48713,-0.993215
1839.02,1.48711,-0.993512
1839.85,1.4871,-0.993808
1840.69,1.48708,-0.994104
1841.53,1.48706,-0.9944
1842.37,1.48705,-0.994696
1843.21,1.48703,-0.994991
1844.05,1.48702,-0.995286
1844.89,1.487,-0.995581
1845.73,1.48698,-0.995876
1846.57,1.48697,-0.99617
1847.41,1.48695,-0.996464
1848.26,1.48694,-0.996758
1849.1,1.48692,-0.997051
1849.94,1.48691,-0.997344
1850.78,1.48689,-0.997637
1851.62,1.48687,-0.99793
1852.46,1.48686,-0.998223
1853.3,1.48684,-0.998515
1854.14,1.48683,-0.998807
1854.99,1.48681,-0.999098
1855.83,1.4868,-0.99939
1856.67,1.48678,-0.999681
1857.51,1.48676,-0.999972
1858.36,1.48675,-1.00026
1859.2,1.48673,-1.00055
1860.04,1.48672,-1.00084
1860.89,1.4867,-1.00113
1861.73,1.48669,-1.00142
1862.57,1.48667,-1.00171
1863.42,1.48666,-1.002
1864.26,1.48664,-1.00229
1865.1,1.48663,-1.00258
1865.95,1.48661,-1.00287
1866.79,1.48659,-1.00315
1867.64,1.48658,-1.00344
1868.48,1.48656,-1.00373
1869.32,1.48655,-1.00402
1870.17,1.48653,-1.0043
1871.01,1.48652,-1.00459
1871.86,1.4865,-1.00488
1872.71,1.48649,-1.00516
1873.55,1.48647,-1.00545
1874.4,1.48646,-1.00573
1875.24,1.48644,-1.00602
1876.09,1.48643,-1.0063
1876.93,1.48641,-1.00659
1877.78,1.4864,-1.00687
1878.63,1.48638,-1.00716
1879.47,1.48637,-1.00744
1880.32,1.48635,-1.00773
1881.17,1.48634,-1.00801
1882.01,1.48632,-1.00829
1882.86,1.48631,-1.00858
1883.71,1.48629,-1.00886
1884.55,1.48628,-1.00914
1885.4,1.48626,-1.00942
1886.25,1.48625,-1.00971
1887.1,1.48623,-1.00999
1887.95,1.48622,-1.01027
1888.79,1.4862,-1.01055
1889.64,1.48619,-1.01083
1890.49,1.48617,-1.01111
1891.34,1.48616,-1.01139
1892.19,1.48614,-1.01167
1893.04,1.48613,-1.01195
1893.89,1.48611,-1.01223
1894.73,1.4861,-1.01251
1895.58,1.48609,-1.01279
1896.43,1.48607,-1.01307
1897.28,1.48606,-1.01335
1898.13,1.48604,-1.01363
1898.98,1.48603,-1.01391
1899.83,1.48601,-1.01419
1900.68,1.486,-1.01446
1901.53,1.48598,-1.01474
1902.38,1.48597,-1.01502
1903.23,1.48595,-1.0153
1904.09,1.48594,-1.01557
1904.94,1.48593,-1.01585
1905.79,1.48591,-1.01613
1906.64,1.4859,-1.0164
1907.49,1.48588,-1.01668
1908.34,1.48587,-1.01695
1909.19,1.48585,-1.01723
1910.04,1.48584,-1.0175
1910.9,1.48582,-1.01778
1911.75,1.48581,-1.01805
1912.6,1.4858,-1.01833
1913.45,1.48578,-1.0186
1914.31,1.48577,-1.01888
1915.16,1.48575,-1.01915
1916.01,1.48574,-1.01942
1916.86,1.48573,-1.0197
1917.72,1.48571,-1.01997
1918.57,1.4857,-1.02024
1919.42,1.48568,-1.02051
1920.28,1.48567,-1.02079
1921.13,1.48565,-1.02106
1921.98,1.48564,-1.02133
1922.84,1.48563,-1.0216
1923.69,1.48561,-1.02187
1924.55,1.4856,-1.02214
1925.4,1.48558,-1.02241
1926.26,1.48557,-1.02268
1927.11,1.48556,-1.02295
1927.96,1.48554,-1.02322
1928.82,1.48553,-1.02349
1929.67,1.48551,-1.02376
1930.53,1.4855,-1.02403
1931.38,1.48549,-1.0243
1932.24,1.48547,-1.02457
1933.1,1.48546,-1.02484
1933.95,1.48545,-1.02511
1934.81,1.48543,-1.02538
1935.66,1.48542,-1.02564
1936.52,1.4854,-1.02591
1937.38,1.48539,-1.02618
1938.23,1.48538,-1.02645
1939.09,1.48536,-1.02671
1939.95,1.48535,-1.02698
1940.8,1.48534,-1.02725
1941.66,1.48532,-1.02751
1942.52,1.48531,-1.02778
1943.37,1.4853,-1.02804
1944.23,1.48528,-1.02831
1945.09,1.48527,-1.02858
1945.95,1.48525,-1.02884
1946.8,1.48524,-1.02911
1947.66,1.48523,-1.02937
1948.52,1.48521,-1.02963
1949.38,1.4852,-1.0299
1950.24,1.48519,-1.03016
1951.09,1.48517,-1.03043
1951.95,1.48516,-1.03069
1952.81,1.48515,-1.03095
1953.67,1.48513,-1.03122
1954.53,1.48512,-1.03148
1955.39,1.48511,-1.03174
1956.25,1.48509,-1.032
1957.11,1.48508,-1.03227
1957.97,1.48507,-1.03253
1958.83,1.48505,-1.03279
1959.69,1.48504,-1.03305
1960.55,1.48503,-1.03331
1961.41,1.48501,-1.03357
1962.27,1.485,-1.03383
1963.13,1.48499,-1.03409
1963.99,1.48497,-1.03435
1964.85,1.48496,-1.03461
1965.71,1.48495,-1.03487
1966.57,1.48493,-1.03513
1967.43,1.48492,-1.03539
1968.29,1.48491,-1.03565
1969.15,1.4849,-1.03591
1970.01,1.48488,-1.03617
1970.88,1.48487,-1.03643
1971.74,1.48486,-1.03669
1972.6,1.48484,-1.03694
1973.46,1.48483,-1.0372
1974.32,1.48482,-1.03746
1975.19,1.4848,-1.03772
1976.05,1.48479,-1.03797
1976.91,1.48478,-1.03823
1977.77,1.48477,-1.03849
1978.64,1.48475,-1.03874
1979.5,1.48474,-1.039
1980.36,1.48473,-1.03926
1981.22,1.48471,-1.03951
1982.09,1.4847,-1.03977
1982.95,1.48469,-1.04002
1983.81,1.48468,-1.04028
1984.68,1.48466,-1.04053
1985.54,1.48465,-1.04079
1986.41,1.48464,-1.04104
1987.27,1.48463,-1.0413
1988.13,1.48461,-1.04155
1989,1.4846,-1.0418
1989.86,1.48459,-1.04206
1990.73,1.48457,-1.04231
1991.59,1.48456,-1.04256
1992.46,1.48455,-1.04282
1993.32,1.48454,-1.04307
1994.19,1.48452,-1.04332
1995.05,1.48451,-1.04357
1995.92,1.4845,-1.04383
1996.78,1.48449,-1.04408
1997.65,1.48447,-1.04433
1998.51,1.48446,-1.04458
1999.38,1.48445,-1.04483
2000.24,1.48444,-1.04508
2001.11,1.48442,-1.04533
2001.98,1.48441,-1.04558
2002.84,1.4844,-1.04583
2003.71,1.48439,-1.04608
2004.58,1.48437,-1.04633
2005.44,1.48436,-1.04658
2006.31,1.48435,-1.04683
2007.18,1.48434,-1.04708
2008.04,1.48432,-1.04733
2008.91,1.48431,-1.04758
2009.78,1.4843,-1.04783
2010.64,1.48429,-1.04808
2011.51,1.48428,-1.04832
2012.38,1.48426,-1.04857
2013.25,1.48425,-1.04882
2014.11,1.48424,-1.04907
2014.98,1.48423,-1.04932
2015.85,1.48421,-1.04956
2016.72,1.4842,-1.04981
2017.59,1.48419,-1.05006
2018.46,1.48418,-1.0503
2019.32,1.48417,-1.05055
2020.19,1.48415,-1.05079
2021.06,1.48414,-1.05104
2021.93,1.48413,-1.05129
2022.8,1.48412,-1.05153
2023.67,1.48411,-1.05178
2024.54,1.48409,-1.05202
2025.41,1.48408,-1.05227
2026.28,1.48407,-1.05251
2027.15,1.48406,-1.05275
2028.02,1.48405,-1.053
2028.89,1.48403,-1.05324
2029.76,1.48402,-1.05349
2030.63,1.48401,-1.05373
2031.5,1.484,-1.05397
2032.37,1.48399,-1.05422
2033.24,1.48397,-1.05446
2034.11,1.48396,-1.0547
2034.98,1.48395,-1.05494
2035.85,1.48394,-1.05519
2036.72,1.48393,-1.05543
2037.59,1.48392,-1.05567
2038.46,1.4839,-1.05591
2039.33,1.48389,-1.05615
2040.21,1.48388,-1.05639
2041.08,1.48387,-1.05664
2041.95,1.48386,-1.05688
2042.82,1.48384,-1.05712
2043.69,1.48383,-1.05736
2044.56,1.48382,-1.0576
2045.44,1.48381,-1.05784
2046.31,1.4838,-1.05808
2047.18,1.48379,-1.05832
2048.05,1.48377,-1.05856
2048.93,1.48376,-1.0588
2049.8,1.48375,-1.05903
2050.67,1.48374,-1.05927
2051.55,1.48373,-1.05951
2052.42,1.48372,-1.05975
2053.29,1.48371,-1.05999
2054.16,1.48369,-1.06023
2055.04,1.48368,-1.06046
2055.91,1.48367,-1.0607
2056.79,1.48366,-1.06094
2057.66,1.48365,-1.06118
2058.53,1.48364,-1.06141
2059.41,1.48363,-1.06165
2060.28,1.48361,-1.06189
2061.16,1.4836,-1.06212
2062.03,1.48359,-1.06236
2062.9,1.48358,-1.06259
2063.78,1.48357,-1.06283
2064.65,1.48356,-1.06307
2065.53,1.48355,-1.0633
2066.4,1.48353,-1.06354
2067.28,1.48352,-1.06377
2068.15,1.48351,-1.06401
2069.03,1.4835,-1.06424
2069.9,1.48349,-1.06448
2070.78,1.48348,-1.06471
2071.66,1.48347,-1.06494
2072.53,1.48346,-1.06518
2073.41,1.48344,-1.06541
2074.28,1.48343,-1.06564
2075.16,1.48342,-1.06588
2076.03,1.48341,-1.06611
2076.91,1.4834,-1.06634
2077.79,1.48339,-1.06658
2078.66,1.48338,-1.06681
2079.54,1.48337,-1.06704
2080.42,1.48336,-1.06727
2081.29,1.48334,-1.0675
2082.17,1.48333,-1.06774
2083.05,1.48332,-1.06797
2083.93,1.48331,-1.0682
2084.8,1.4833,-1.06843
2085.68,1.48329,-1.06866
2086.56,1.48328,-1.06889
2087.43,1.48327,-1.06912
2088.31,1.48326,-1.06935
2089.19,1.48325,-1.06958
2090.07,1.48323,-1.06981
2090.95,1.48322,-1.07004
2091.82,1.48321,-1.07027
2092.7,1.4832,-1.0705
2093.58,1.48319,-1.07073
2094.46,1.48318,-1.07096
2095.34,1.48317,-1.07119
2096.22,1.48316,-1.07141
2097.1,1.48315,-1.07164
2097.97,1.48314,-1.07187
2098.85,1.48313,-1.0721
2099.73,1.48312,-1.07233
2100.61,1.4831,-1.07255
2101.49,1.48309,-1.07278
2102.37,1.48308,-1.07301
2103.25,1.48307,-1.07324
2104.13,1.48306,-1.07346
2105.01,1.48305,-1.07369
2105.89,1.48304,-1.07392
2106.77,1.48303,-1.07414
2107.65,1.48302,-1.07437
2108.53,1.48301,-1.07459
2109.41,1.483,-1.07482
2110.29,1.48299,-1.07505
2111.17,1.48298,-1.07527
2112.05,1.48297,-1.0755
2112.93,1.48296,-1.07572
2113.81,1.48294,-1.07595
2114.69,1.48293,-1.07617
2115.58,1.48292,-1.07639
2116.46,1.48291,-1.07662
2117.34,1.4829,-1.07684
2118.22,1.48289,-1.07707
2119.1,1.48288,-1.07729
2119.98,1.48287,-1.07751
2120.86,1.48286,-1.07774
2121.75,1.48285,-1.07796
2122.63,1.48284,-1.07818
2123.51,1.48283,-1.07841
2124.39,1.48282,-1.07863
2125.27,1.48281,-1.07885
2126.16,1.4828,-1.07907
2127.04,1.48279,-1.07929
2127.92,1.48278,-1.07952
2128.8,1.48277,-1.07974
2129.69,1.48276,-1.07996
2130.57,1.48275,-1.08018
2131.45,1.48274,-1.0804
2132.33,1.48273,-1.08062
2133.22,1.48272,-1.08084
2134.1,1.48271,-1.08106
2134.98,1.4827,-1.08128
2135.87,1.48268,-1.0815
2136.75,1.48267,-1.08172
2137.64,1.48266,-1.08194
2138.52,1.48265,-1.08216
2139.4,1.48264,-1.08238
2140.29,1.48263,-1.0826
2141.17,1.48262,-1.08282
2142.06,1.48261,-1.08304
2142.94,1.4826,-1.08326
2143.82,1.48259,-1.08348
2144.71,1.48258,-1.08369
2145.59,1.48257,-1.08391
2146.48,1.48256,-1.08413
2147.36,1.48255,-1.08435
2148.25,1.48254,-1.08457
2149.13,1.48253,-1.08478
2150.02,1.48252,-1.085
2150.9,1.48251,-1.08522
2151.79,1.4825,-1.08544
2152.67,1.48249,-1.08565
2153.56,1.48248,-1.08587
2154.44,1.48247,-1.08608
2155.33,1.48246,-1.0863
2156.22,1.48245,-1.08652
2157.1,1.48244,-1.08673
2157.99,1.48243,-1.08695
2158.87,1.48242,-1.08716
2159.76,1.48241,-1.08738
2160.65,1.4824,-1.08759
2161.53,1.48239,-1.08781
2162.42,1.48238,-1.08802
2163.31,1.48237,-1.08824
2164.19,1.48236,-1.08845
2165.08,1.48235,-1.08867
2165.97,1.48234,-1.08888
2166.85,1.48233,-1.0891
2167.74,1.48232,-1.08931
2168.63,1.48231,-1.08952
2169.51,1.4823,-1.08974
2170.4,1.4823,-1.08995
2171.29,1.48229,-1.09016
2172.18,1.48228,-1.09037
2173.06,1.48227,-1.09059
2173.95,1.48226,-1.0908
2174.84,1.48225,-1.09101
2175.73,1.48224,-1.09122
2176.62,1.48223,-1.09144
2177.5,1.48222,-1.09165
2178.39,1.48221,-1.09186
2179.28,1.4822,-1.09207
2180.17,1.48219,-1.09228
2181.06,1.48218,-1.09249
2181.95,1.48217,-1.0927
2182.83,1.48216,-1.09292
2183.72,1.48215,-1.09313
2184.61,1.48214,-1.09334
2185.5,1.48213,-1.09355
2186.39,1.48212,-1.09376
2187.28,1.48211,-1.09397
2188.17,1.4821,-1.09418
2189.06,1.48209,-1.09439
2189.95,1.48208,-1.0946
2190.84,1.48207,-1.0948
2191.73,1.48206,-1.09501
2192.62,1.48206,-1.09522
2193.51,1.48205,-1.09543
2194.4,1.48204,-1.09564
2195.29,1.48203,-1.09585
2196.18,1.48202,-1.09606
2197.07,1.48201,-1.09626
2197.96,1.482,-1.09647
2198.85,1.48199,-1.09668
2199.74,1.48198,-1.09689
2200.63,1.48197,-1.0971
2201.52,1.48196,-1.0973
2202.41,1.48195,-1.09751
2203.3,1.48194,-1.09772
2204.19,1.48193,-1.09792
2205.08,1.48192,-1.09813
2205.97,1.48191,-1.09834
2206.87,1.48191,-1.09854
2207.76,1.4819,-1.09875
2208.65,1.48189,-1.09895
2209.54,1.48188,-1.09916
2210.43,1.48187,-1.09937
2211.32,1.48186,-1.09957
2212.22,1.48185,-1.09978
2213.11,1.48184,-1.09998
2214,1.48183,-1.10019
2214.89,1.48182,-1.10039
2215.78,1.48181,-1.1006
2216.68,1.4818,-1.1008
2217.57,1.48179,-1.101
2218.46,1.48179,-1.10121
2219.35,1.48178,-1.10141
2220.25,1.48177,-1.10162
2221.14,1.48176,-1.10182
2222.03,1.48175,-1.10202
2222.92,1.48174,-1.10223
2223.82,1.48173,-1.10243
2224.71,1.48172,-1.10263
2225.6,1.48171,-1.10284
2226.5,1.4817,-1.10304
2227.39,1.48169,-1.10324
2228.28,1.48169,-1.10344
2229.18,1.48168,-1.10364
2230.07,1.48167,-1.10385
2230.97,1.48166,-1.10405
2231.86,1.48165,-1.10425
2232.75,1.48164,-1.10445
2233.65,1.48163,-1.10465
2234.54,1.48162,-1.10485
2235.44,1.48161,-1.10505
