1000,1.5708,0.000569795
1000,1.5708,-0.000431203
1000.01,1.5708,-0.0014322
1000.01,1.5708,-0.00243319
1000.01,1.5708,-0.00343417
1000.02,1.5708,-0.00443514
1000.03,1.5708,-0.0054361
1000.03,1.5708,-0.00643704
1000.04,1.5708,-0.00743797
1000.05,1.5708,-0.00843888
1000.06,1.5708,-0.00943978
1000.07,1.5708,-0.0104406
1000.08,1.5708,-0.0114415
1000.1,1.5708,-0.0124423
1000.11,1.5708,-0.0134431
1000.13,1.5708,-0.0144439
1000.14,1.5708,-0.0154446
1000.16,1.5708,-0.0164453
1000.18,1.5708,-0.017446
1000.2,1.5708,-0.0184466
1000.22,1.5708,-0.0194472
1000.24,1.5708,-0.0204477
1000.26,1.5708,-0.0214482
1000.29,1.5708,-0.0224487
1000.31,1.5708,-0.0234491
1000.34,1.5708,-0.0244494
1000.36,1.5708,-0.0254497
1000.39,1.5708,-0.02645
1000.42,1.5708,-0.0274502
1000.45,1.5708,-0.0284503
1000.48,1.5708,-0.0294504
1000.51,1.5708,-0.0304504
1000.54,1.5708,-0.0314504
1000.58,1.5708,-0.0324502
1000.61,1.5708,-0.0334501
1000.64,1.5708,-0.0344498
1000.68,1.5708,-0.0354495
1000.72,1.5708,-0.0364491
1000.76,1.5708,-0.0374486
1000.8,1.5708,-0.0384481
1000.84,1.5708,-0.0394474
1000.88,1.5708,-0.0404467
1000.92,1.5708,-0.0414459
1000.96,1.5708,-0.042445
1001.01,1.5708,-0.0434441
1001.05,1.5708,-0.044443
1001.1,1.5708,-0.0454419
1001.15,1.5708,-0.0464406
1001.19,1.5708,-0.0474393
1001.24,1.5708,-0.0484379
1001.29,1.5708,-0.0494363
1001.35,1.5708,-0.0504347
1001.4,1.5708,-0.051433
1001.45,1.5708,-0.0524311
1001.51,1.5708,-0.0534292
1001.56,1.5708,-0.0544271
1001.62,1.5708,-0.0554249
1001.67,1.5708,-0.0564226
1001.73,1.5708,-0.0574203
1001.79,1.5708,-0.0584177
1001.85,1.5708,-0.0594151
1001.91,1.5708,-0.0604123
1001.98,1.5708,-0.0614095
1002.04,1.5708,-0.0624065
1002.1,1.5708,-0.0634033
1002.17,1.5708,-0.0644001
1002.23,1.5708,-0.0653967
1002.3,1.5708,-0.0663932
1002.37,1.5708,-0.0673895
1002.44,1.5708,-0.0683857
1002.51,1.5708,-0.0693818
1002.58,1.5708,-0.0703777
1002.65,1.5708,-0.0713735
1002.73,1.5708,-0.0723691
1002.8,1.5708,-0.0733646
1002.87,1.5708,-0.07436
1002.95,1.5708,-0.0753552
1003.03,1.5708,-0.0763502
1003.11,1.5708,-0.0773451
1003.18,1.5708,-0.0783398
1003.27,1.5708,-0.0793344
1003.35,1.5708,-0.0803288
1003.43,1.5708,-0.0813231
1003.51,1.5708,-0.0823172
1003.6,1.5708,-0.0833111
1003.68,1.5708,-0.0843049
1003.77,1.5708,-0.0852985
1003.85,1.5708,-0.0862919
1003.94,1.5708,-0.0872851
1004.03,1.5708,-0.0882782
1004.12,1.5708,-0.0892711
1004.21,1.5708,-0.0902638
1004.3,1.5708,-0.0912564
1004.4,1.5708,-0.0922487
1004.49,1.5708,-0.0932409
1004.58,1.5708,-0.0942329
1004.68,1.5708,-0.0952246
1004.78,1.5708,-0.0962162
1004.88,1.5708,-0.0972077
1004.97,1.5708,-0.0981989
1005.07,1.5708,-0.0991899
1005.17,1.5708,-0.100181
1005.28,1.5708,-0.101171
1005.38,1.5708,-0.102162
1005.48,1.5708,-0.103152
1005.59,1.5708,-0.104142
1005.69,1.5708,-0.105132
1005.8,1.5708,-0.106121
1005.91,1.5708,-0.107111
1006.02,1.5708,-0.1081
1006.13,1.5708,-0.109089
1006.24,1.5708,-0.110078
1006.35,1.5708,-0.111066
1006.46,1.5708,-0.112054
1006.57,1.5708,-0.113043
1006.69,1.5708,-0.11403
1006.8,1.5708,-0.115018
1006.92,1.5708,-0.116005
1007.04,1.5708,-0.116993
1007.16,1.5708,-0.11798
1007.28,1.5708,-0.118966
1007.4,1.5708,-0.119953
1007.52,1.5708,-0.120939
1007.64,1.5708,-0.121925
1007.76,1.5708,-0.122911
1007.89,1.5708,-0.123896
1008.01,1.5708,-0.124882
1008.14,1.5708,-0.125867
1008.27,1.5708,-0.126851
1008.39,1.5708,-0.127836
1008.52,1.5708,-0.12882
1008.65,1.5708,-0.129804
1008.79,1.5708,-0.130788
1008.92,1.5708,-0.131771
1009.05,1.5708,-0.132755
1009.18,1.5708,-0.133738
1009.32,1.5708,-0.13472
1009.46,1.5708,-0.135703
1009.59,1.5708,-0.136685
1009.73,1.5708,-0.137667
1009.87,1.5708,-0.138649
1010.01,1.5708,-0.13963
1010.15,1.5708,-0.140611
1010.29,1.5708,-0.141592
1010.43,1.5708,-0.142573
1010.58,1.5708,-0.143553
1010.72,1.5708,-0.144533
1010.87,1.5708,-0.145513
1011.02,1.5708,-0.146492
1011.16,1.5708,-0.147471
1011.31,1.5708,-0.14845
1011.46,1.5708,-0.149429
1011.61,1.5708,-0.150407
1011.76,1.5708,-0.151385
1011.92,1.5708,-0.152363
1012.07,1.5708,-0.15334
1012.22,1.5708,-0.154317
1012.38,1.5708,-0.155294
1012.53,1.5708,-0.156271
1012.69,1.5708,-0.157247
1012.85,1.5708,-0.158223
1013.01,1.5708,-0.159199
1013.17,1.5708,-0.160174
1013.33,1.5708,-0.161149
1013.49,1.5708,-0.162124
1013.66,1.5708,-0.163098
1013.82,1.5708,-0.164072
1013.98,1.5708,-0.165046
1014.15,1.5708,-0.166019
1014.32,1.5708,-0.166992
1014.49,1.5708,-0.167965
1014.65,1.5708,-0.168937
1014.82,1.5708,-0.16991
1014.99,1.5708,-0.170881
1015.17,1.5708,-0.171853
1015.34,1.5708,-0.172824
1015.51,1.5708,-0.173795
1015.69,1.5708,-0.174765
1015.86,1.5708,-0.175735
1016.04,1.5708,-0.176705
1016.22,1.5708,-0.177675
1016.39,1.5708,-0.178644
1016.57,1.5708,-0.179613
1016.75,1.5708,-0.180581
1016.93,1.5708,-0.181549
1017.12,1.5708,-0.182517
1017.3,1.5708,-0.183484
1017.48,1.5708,-0.184452
1017.67,1.5708,-0.185418
1017.85,1.5708,-0.186385
1018.04,1.5708,-0.187351
1018.23,1.5708,-0.188316
1018.42,1.5708,-0.189282
1018.61,1.5708,-0.190247
1018.8,1.5708,-0.191211
1018.99,1.5708,-0.192175
1019.18,1.5708,-0.193139
1019.38,1.5708,-0.194103
1019.57,1.5708,-0.195066
1019.77,1.5708,-0.196029
1019.96,1.5708,-0.196991
1020.16,1.5708,-0.197953
1020.36,1.5708,-0.198915
1020.56,1.5708,-0.199876
1020.76,1.5708,-0.200837
1020.96,1.5708,-0.201797
1021.16,1.5708,-0.202757
1021.36,1.5708,-0.203717
1021.57,1.5708,-0.204677
1021.77,1.5708,-0.205636
1021.98,1.5708,-0.206594
1022.18,1.5708,-0.207552
1022.39,1.5708,-0.20851
1022.6,1.5708,-0.209468
1022.81,1.5708,-0.210425
1023.02,1.5708,-0.211381
1023.23,1.5708,-0.212338
1023.44,1.5708,-0.213294
1023.66,1.5708,-0.214249
1023.87,1.5708,-0.215204
1024.09,1.5708,-0.216159
1024.3,1.5708,-0.217113
1024.52,1.5708,-0.218067
1024.74,1.5708,-0.21902
1024.95,1.5708,-0.219973
1025.17,1.5708,-0.220926
1025.4,1.5708,-0.221878
1025.62,1.5708,-0.22283
1025.84,1.5708,-0.223782
1026.06,1.5708,-0.224733
1026.29,1.5708,-0.225683
1026.51,1.5708,-0.226633
1026.74,1.5708,-0.227583
1026.97,1.5708,-0.228532
1027.19,1.5708,-0.229481
1027.42,1.5708,-0.23043
1027.65,1.5708,-0.231378
1027.88,1.5708,-0.232326
1028.11,1.5708,-0.233273
1028.35,1.5708,-0.23422
1028.58,1.5708,-0.235166
1028.81,1.5708,-0.236112
1029.05,1.5708,-0.237057
1029.29,1.5708,-0.238002
1029.52,1.5708,-0.238947
1029.76,1.5708,-0.239891
1030,1.5708,-0.240835
1030.24,1.5708,-0.241778
1030.48,1.5708,-0.242721
1030.72,1.5708,-0.243664
1030.97,1.5708,-0.244606
1031.21,1.5708,-0.245547
1031.45,1.5708,-0.246488
1031.7,1.5708,-0.247429
1031.95,1.5708,-0.248369
1032.19,1.5708,-0.249309
1032.44,1.5708,-0.250248
1032.69,1.5708,-0.251187
1032.94,1.5708,-0.252125
1033.19,1.5708,-0.253063
1033.44,1.5708,-0.254001
1033.7,1.5708,-0.254938
1033.95,1.5708,-0.255875
1034.2,1.5708,-0.256811
1034.46,1.5708,-0.257746
1034.72,1.5708,-0.258682
1034.97,1.5708,-0.259616
1035.23,1.5708,-0.260551
1035.49,1.5708,-0.261484
1035.75,1.5708,-0.262418
1036.01,1.5708,-0.26335
1036.27,1.5708,-0.264283
1036.53,1.5708,-0.265215
1036.8,1.5708,-0.266146
1037.06,1.5708,-0.267077
1037.33,1.5708,-0.268008
1037.59,1.5708,-0.268938
1037.86,1.5708,-0.269867
1038.13,1.5708,-0.270796
1038.4,1.5708,-0.271725
1038.67,1.5708,-0.272653
1038.94,1.5708,-0.273581
1039.21,1.5708,-0.274508
1039.48,1.5708,-0.275434
1039.76,1.5708,-0.276361
1040.03,1.5708,-0.277286
1040.3,1.5708,-0.278211
1040.58,1.5708,-0.279136
1040.86,1.5708,-0.28006
1041.13,1.5708,-0.280984
1041.41,1.5708,-0.281907
1041.69,1.5708,-0.28283
1041.97,1.5708,-0.283752
1042.25,1.5708,-0.284674
1042.54,1.5708,-0.285595
1042.82,1.5708,-0.286516
1043.1,1.5708,-0.287436
1043.39,1.5708,-0.288356
1043.67,1.5708,-0.289275
1043.96,1.5708,-0.290194
1044.25,1.5708,-0.291112
1044.54,1.5708,-0.29203
1044.83,1.5708,-0.292947
1045.12,1.5708,-0.293864
1045.41,1.5708,-0.29478
1045.7,1.5708,-0.295696
1045.99,1.5708,-0.296611
1046.28,1.5708,-0.297525
1046.58,1.5708,-0.29844
1046.87,1.5708,-0.299353
1047.17,1.5708,-0.300266
1047.47,1.5708,-0.301179
1047.77,1.5708,-0.302091
1048.06,1.5708,-0.303002
1048.36,1.5708,-0.303914
1048.66,1.5708,-0.304824
1048.97,1.5708,-0.305734
1049.27,1.5708,-0.306644
1049.57,1.5708,-0.307552
1049.88,1.5708,-0.308461
1050.18,1.5708,-0.309369
1050.49,1.5708,-0.310276
1050.79,1.5708,-0.311183
1051.1,1.5708,-0.312089
1051.41,1.5708,-0.312995
1051.72,1.5708,-0.3139
1052.03,1.5708,-0.314805
1052.34,1.5708,-0.315709
1052.65,1.5708,-0.316613
1052.96,1.5708,-0.317516
1053.28,1.5708,-0.318418
1053.59,1.5708,-0.319321
1053.91,1.5708,-0.320222
1054.22,1.5708,-0.321123
1054.54,1.5708,-0.322023
1054.86,1.5708,-0.322923
1055.17,1.5708,-0.323823
1055.49,1.5708,-0.324721
1055.81,1.5708,-0.32562
1056.14,1.5708,-0.326517
1056.46,1.5708,-0.327414
1056.78,1.5708,-0.328311
1057.1,1.5708,-0.329207
1057.43,1.5708,-0.330103
1057.75,1.5708,-0.330998
1058.08,1.5708,-0.331892
1058.41,1.5708,-0.332786
1058.73,1.5708,-0.333679
1059.06,1.5708,-0.334572
1059.39,1.5708,-0.335464
1059.72,1.5708,-0.336356
1060.05,1.5708,-0.337247
1060.39,1.5708,-0.338137
1060.72,1.5708,-0.339027
1061.05,1.5708,-0.339917
1061.39,1.5708,-0.340805
1061.72,1.5708,-0.341694
1062.06,1.5708,-0.342581
1062.4,1.5708,-0.343469
1062.73,1.5708,-0.344355
1063.07,1.5708,-0.345241
1063.41,1.5708,-0.346127
1063.75,1.5708,-0.347012
1064.09,1.5708,-0.347896
1064.44,1.5708,-0.34878
1064.78,1.5708,-0.349663
1065.12,1.5708,-0.350545
1065.47,1.5708,-0.351428
1065.81,1.5708,-0.352309
1066.16,1.5708,-0.35319
1066.51,1.5708,-0.35407
1066.85,1.5708,-0.35495
1067.2,1.5708,-0.355829
1067.55,1.5708,-0.356708
1067.9,1.5708,-0.357586
1068.25,1.5708,-0.358463
1068.61,1.5708,-0.35934
1068.96,1.5708,-0.360217
1069.31,1.5708,-0.361092
1069.67,1.5708,-0.361967
1070.02,1.5708,-0.362842
1070.38,1.5708,-0.363716
1070.73,1.5708,-0.364589
1071.09,1.5708,-0.365462
1071.45,1.5708,-0.366334
1071.81,1.5708,-0.367206
1072.17,1.5708,-0.368077
1072.53,1.5708,-0.368948
1072.89,1.5708,-0.369818
1073.26,1.5708,-0.370687
1073.62,1.5708,-0.371556
1073.98,1.5708,-0.372424
1074.35,1.5708,-0.373291
1074.71,1.5708,-0.374158
1075.08,1.5708,-0.375025
1075.45,1.5708,-0.37589
1075.82,1.5708,-0.376756
1076.18,1.5708,-0.37762
1076.55,1.5708,-0.378484
1076.93,1.5708,-0.379348
1077.3,1.5708,-0.38021
1077.67,1.5708,-0.381073
1078.04,1.5708,-0.381934
1078.42,1.5708,-0.382795
1078.79,1.5708,-0.383656
1079.17,1.5708,-0.384515
1079.54,1.5708,-0.385375
1079.92,1.5708,-0.386233
1080.3,1.5708,-0.387091
1080.68,1.5708,-0.387949
1081.05,1.5708,-0.388806
1081.43,1.5708,-0.389662
1081.82,1.5708,-0.390517
1082.2,1.5708,-0.391372
1082.58,1.5708,-0.392227
1082.96,1.5708,-0.393081
1083.35,1.5708,-0.393934
1083.73,1.5708,-0.394787
1084.12,1.5708,-0.395638
1084.5,1.5708,-0.39649
1084.89,1.5708,-0.397341
1085.28,1.5708,-0.398191
1085.67,1.5708,-0.39904
1086.06,1.5708,-0.399889
1086.45,1.5708,-0.400738
1086.84,1.5708,-0.401585
1087.23,1.5708,-0.402433
1087.62,1.5708,-0.403279
1088.02,1.5708,-0.404125
1088.41,1.5708,-0.40497
1088.81,1.5708,-0.405815
1089.2,1.5708,-0.406659
1089.6,1.5708,-0.407502
1090,1.5708,-0.408345
1090.39,1.5708,-0.409188
1090.79,1.5708,-0.410029
1091.19,1.5708,-0.41087
1091.59,1.5708,-0.411711
1091.99,1.5708,-0.41255
1092.4,1.5708,-0.413389
1092.8,1.5708,-0.414228
1093.2,1.5708,-0.415066
1093.61,1.5708,-0.415903
1094.01,1.5708,-0.41674
1094.42,1.5708,-0.417576
1094.82,1.5708,-0.418411
1095.23,1.5708,-0.419246
1095.64,1.5708,-0.42008
1096.05,1.5708,-0.420914
1096.46,1.5708,-0.421747
1096.87,1.5708,-0.422579
1097.28,1.5708,-0.423411
1097.69,1.5708,-0.424242
1098.1,1.5708,-0.425072
1098.52,1.5708,-0.425902
1098.93,1.5708,-0.426731
1099.35,1.5708,-0.42756
1099.76,1.5708,-0.428388
1100.18,1.5708,-0.429215
1100.59,1.5708,-0.430042
1101.01,1.5708,-0.430868
1101.43,1.5708,-0.431693
1101.85,1.5708,-0.432518
1102.27,1.5708,-0.433342
1102.69,1.5708,-0.434166
1103.11,1.5708,-0.434989
1103.54,1.5708,-0.435811
1103.96,1.5708,-0.436633
1104.38,1.5708,-0.437454
1104.81,1.5708,-0.438274
1105.23,1.5708,-0.439094
1105.66,1.5708,-0.439913
1106.08,1.5708,-0.440732
1106.51,1.5708,-0.44155
1106.94,1.5708,-0.442367
1107.37,1.5708,-0.443183
1107.8,1.5708,-0.443999
1108.23,1.5708,-0.444815
1108.66,1.5708,-0.445629
1109.09,1.5708,-0.446444
1109.53,1.5708,-0.447257
1109.96,1.5708,-0.44807
1110.39,1.5708,-0.448882
1110.83,1.5708,-0.449694
1111.26,1.5708,-0.450504
1111.7,1.5708,-0.451315
1112.14,1.5708,-0.452124
1112.57,1.5708,-0.452933
1113.01,1.5708,-0.453742
1113.45,1.5708,-0.454549
1113.89,1.5708,-0.455357
1114.33,1.5708,-0.456163
1114.77,1.5708,-0.456969
1115.22,1.5708,-0.457774
1115.66,1.5708,-0.458579
1116.1,1.5708,-0.459382
1116.55,1.5708,-0.460186
1116.99,1.5708,-0.460988
1117.44,1.5708,-0.46179
1117.88,1.5708,-0.462592
1118.33,1.5708,-0.463392
1118.78,1.5708,-0.464192
1119.23,1.5708,-0.464992
1119.68,1.5708,-0.465791
1120.13,1.5708,-0.466589
1120.58,1.5708,-0.467386
1121.03,1.5708,-0.468183
1121.48,1.5708,-0.468979
1121.93,1.5708,-0.469775
1122.39,1.5708,-0.47057
1122.84,1.5708,-0.471364
1123.3,1.5708,-0.472158
1123.75,1.5708,-0.472951
1124.21,1.5708,-0.473743
1124.67,1.5708,-0.474535
1125.12,1.5708,-0.475326
1125.58,1.5708,-0.476116
1126.04,1.5708,-0.476906
1126.5,1.5708,-0.477695
1126.96,1.5708,-0.478484
1127.42,1.5708,-0.479271
1127.89,1.5708,-0.480059
1128.35,1.5708,-0.480845
1128.81,1.5708,-0.481631
1129.28,1.5708,-0.482416
1129.74,1.5708,-0.483201
1130.21,1.5708,-0.483985
1130.67,1.5708,-0.484768
1131.14,1.5708,-0.485551
1131.61,1.5708,-0.486333
1132.07,1.5708,-0.487114
1132.54,1.5708,-0.487895
1133.01,1.5708,-0.488675
1133.48,1.5708,-0.489455
1133.95,1.5708,-0.490233
1134.43,1.5708,-0.491012
1134.9,1.5708,-0.491789
1135.37,1.5708,-0.492566
1135.84,1.5708,-0.493342
1136.32,1.5708,-0.494118
1136.79,1.5708,-0.494893
1137.27,1.5708,-0.495667
1137.75,1.5708,-0.49644
1138.22,1.5708,-0.497213
1138.7,1.5708,-0.497986
1139.18,1.5708,-0.498757
1139.66,1.5708,-0.499528
1140.14,1.5708,-0.500299
1140.62,1.5708,-0.501069
1141.1,1.5708,-0.501838
1141.58,1.5708,-0.502606
1142.06,1.5708,-0.503374
1142.55,1.5708,-0.504141
1143.03,1.5708,-0.504907
1143.52,1.5708,-0.505673
1144,1.5708,-0.506438
1144.49,1.5708,-0.507203
1144.97,1.5708,-0.507967
1145.46,1.5708,-0.50873
1145.95,1.5708,-0.509493
1146.44,1.5708,-0.510255
1146.93,1.5708,-0.511016
1147.42,1.5708,-0.511777
1147.91,1.5708,-0.512537
1148.4,1.5708,-0.513296
1148.89,1.5708,-0.514055
1149.38,1.5708,-0.514813
1149.87,1.5708,-0.51557
1150.37,1.5708,-0.516327
1150.86,1.5708,-0.517083
1151.36,1.5708,-0.517838
1151.85,1.5708,-0.518593
1152.35,1.5708,-0.519347
1152.85,1.5708,-0.520101
1153.34,1.5708,-0.520854
1153.84,1.5708,-0.521606
1154.34,1.5708,-0.522357
1154.84,1.5708,-0.523108
1155.34,1.5708,-0.523858
1155.84,1.5708,-0.524608
1156.34,1.5708,-0.525357
1156.85,1.5708,-0.526105
1157.35,1.5708,-0.526853
1157.85,1.5708,-0.5276
1158.36,1.5708,-0.528346
1158.86,1.5708,-0.529092
1159.37,1.5708,-0.529837
1159.87,1.5708,-0.530581
1160.38,1.5708,-0.531325
1160.89,1.5708,-0.532068
1161.4,1.5708,-0.532811
1161.9,1.5708,-0.533552
1162.41,1.5708,-0.534294
1162.92,1.5708,-0.535034
1163.43,1.5708,-0.535774
1163.95,1.5708,-0.536513
1164.46,1.5708,-0.537252
1164.97,1.5708,-0.53799
1165.48,1.5708,-0.538727
1166,1.5708,-0.539463
1166.51,1.5708,-0.540199
1167.03,1.5708,-0.540935
1167.54,1.5708,-0.541669
1168.06,1.5708,-0.542403
1168.58,1.5708,-0.543137
1169.09,1.5708,-0.543869
1169.61,1.5708,-0.544601
1170.13,1.5708,-0.545333
1170.65,1.5708,-0.546064
1171.17,1.5708,-0.546794
1171.69,1.5708,-0.547523
1172.21,1.5708,-0.548252
1172.73,1.5708,-0.54898
1173.26,1.5708,-0.549708
1173.78,1.5708,-0.550435
1174.3,1.5708,-0.551161
1174.83,1.5708,-0.551886
1175.35,1.5708,-0.552611
1175.88,1.5708,-0.553336
1176.4,1.5708,-0.554059
1176.93,1.5708,-0.554782
1177.46,1.5708,-0.555505
1177.99,1.5708,-0.556226
1178.51,1.5708,-0.556947
1179.04,1.5708,-0.557668
1179.57,1.5708,-0.558387
1180.1,1.5708,-0.559107
1180.63,1.5708,-0.559825
1181.17,1.5708,-0.560543
1181.7,1.5708,-0.56126
1182.23,1.5708,-0.561976
1182.77,1.5708,-0.562692
1183.3,1.5708,-0.563408
1183.83,1.5708,-0.564122
1184.37,1.5708,-0.564836
1184.91,1.5708,-0.565549
1185.44,1.5708,-0.566262
1185.98,1.5708,-0.566974
1186.52,1.5708,-0.567685
1187.05,1.5708,-0.568396
1187.59,1.5708,-0.569106
1188.13,1.5708,-0.569816
1188.67,1.5708,-0.570524
1189.21,1.5708,-0.571232
1189.76,1.5708,-0.57194
1190.3,1.5708,-0.572647
1190.84,1.5708,-0.573353
1191.38,1.5708,-0.574059
1191.93,1.5708,-0.574763
1192.47,1.5708,-0.575468
1193.02,1.5708,-0.576171
1193.56,1.5708,-0.576874
1194.11,1.5708,-0.577577
1194.65,1.5708,-0.578278
1195.2,1.5708,-0.578979
1195.75,1.5708,-0.57968
1196.3,1.5708,-0.58038
1196.85,1.5708,-0.581079
1197.4,1.5708,-0.581777
1197.95,1.5708,-0.582475
1198.5,1.5708,-0.583172
1199.05,1.5708,-0.583869
1199.6,1.5708,-0.584565
1200.15,1.5708,-0.58526
1200.7,1.5708,-0.585955
1201.26,1.5708,-0.586649
1201.81,1.5708,-0.587342
1202.37,1.5708,-0.588035
1202.92,1.5708,-0.588727
1203.48,1.5708,-0.589418
1204.03,1.5708,-0.590109
1204.59,1.5708,-0.590799
1205.15,1.5708,-0.591489
1205.71,1.5708,-0.592178
1206.27,1.5708,-0.592866
1206.83,1.5708,-0.593554
1207.39,1.5708,-0.594241
1207.95,1.5708,-0.594927
1208.51,1.5708,-0.595613
1209.07,1.5708,-0.596298
1209.63,1.5708,-0.596982
1210.19,1.5708,-0.597666
1210.76,1.5708,-0.598349
1211.32,1.5708,-0.599032
1211.88,1.5708,-0.599714
1212.45,1.5708,-0.600395
1213.02,1.5708,-0.601075
1213.58,1.5708,-0.601755
1214.15,1.5708,-0.602435
1214.72,1.5708,-0.603113
1215.28,1.5708,-0.603792
1215.85,1.5708,-0.604469
1216.42,1.5708,-0.605146
1216.99,1.5708,-0.605822
1217.56,1.5708,-0.606498
1218.13,1.5708,-0.607172
1218.7,1.5708,-0.607847
1219.27,1.5708,-0.60852
1219.85,1.5708,-0.609193
1220.42,1.5708,-0.609866
1220.99,1.5708,-0.610538
1221.57,1.5708,-0.611209
1222.14,1.5708,-0.611879
1222.71,1.5708,-0.612549
1223.29,1.5708,-0.613218
1223.87,1.5708,-0.613887
1224.44,1.5708,-0.614555
1225.02,1.5708,-0.615222
1225.6,1.5708,-0.615889
1226.18,1.5708,-0.616555
1226.75,1.5708,-0.617221
1227.33,1.5708,-0.617885
1227.91,1.5708,-0.61855
1228.49,1.5708,-0.619213
1229.07,1.5708,-0.619876
1229.66,1.5708,-0.620538
1230.24,1.5708,-0.6212
1230.82,1.5708,-0.621861
1231.4,1.5708,-0.622522
1231.99,1.5708,-0.623181
1232.57,1.5708,-0.623841
1233.16,1.5708,-0.624499
1233.74,1.5708,-0.625157
1234.33,1.5708,-0.625815
1234.91,1.5708,-0.626471
1235.5,1.5708,-0.627127
1236.09,1.5708,-0.627783
1236.68,1.5708,-0.628438
1237.26,1.5708,-0.629092
1237.85,1.5708,-0.629745
1238.44,1.5708,-0.630398
1239.03,1.5708,-0.631051
1239.62,1.5708,-0.631702
1240.21,1.5708,-0.632354
1240.81,1.5708,-0.633004
1241.4,1.5708,-0.633654
1241.99,1.5708,-0.634303
1242.58,1.5708,-0.634952
1243.18,1.5708,-0.6356
1243.77,1.5708,-0.636247
1244.37,1.5708,-0.636894
1244.96,1.5708,-0.63754
1245.56,1.5708,-0.638186
1246.15,1.5708,-0.63883
1246.75,1.5708,-0.639475
1247.35,1.5708,-0.640118
1247.94,1.5708,-0.640762
1248.54,1.5708,-0.641404
1249.14,1.5708,-0.642046
1249.74,1.5708,-0.642687
1250.34,1.5708,-0.643328
1250.94,1.5708,-0.643968
1251.54,1.5708,-0.644607
1252.14,1.5708,-0.645246
1252.74,1.5708,-0.645884
1253.35,1.5708,-0.646521
1253.95,1.5708,-0.647158
1254.55,1.5708,-0.647795
1255.16,1.5708,-0.64843
1255.76,1.5708,-0.649065
1256.37,1.5708,-0.6497
1256.97,1.5708,-0.650334
1257.58,1.5708,-0.650967
1258.18,1.5708,-0.6516
1258.79,1.5708,-0.652232
1259.4,1.5708,-0.652863
1260.01,1.5708,-0.653494
1260.61,1.5708,-0.654124
1261.22,1.5708,-0.654754
1261.83,1.5708,-0.655383
1262.44,1.5708,-0.656011
1263.05,1.5708,-0.656639
1263.66,1.5708,-0.657266
1264.28,1.5708,-0.657893
1264.89,1.5708,-0.658519
1265.5,1.5708,-0.659144
1266.11,1.5708,-0.659769
1266.73,1.5708,-0.660393
1267.34,1.5708,-0.661016
1267.95,1.5708,-0.661639
1268.57,1.5708,-0.662262
1269.18,1.5708,-0.662883
1269.8,1.5708,-0.663504
1270.42,1.5708,-0.664125
1271.03,1.5708,-0.664745
1271.65,1.5708,-0.665364
1272.27,1.5708,-0.665983
1272.89,1.5708,-0.666601
1273.51,1.5708,-0.667218
1274.12,1.5708,-0.667835
1274.74,1.5708,-0.668452
1275.36,1.5708,-0.669067
1275.99,1.5708,-0.669682
1276.61,1.5708,-0.670297
1277.23,1.5708,-0.670911
1277.85,1.5708,-0.671524
1278.47,1.5708,-0.672137
1279.1,1.5708,-0.672749
1279.72,1.5708,-0.673361
1280.34,1.5708,-0.673972
1280.97,1.5708,-0.674582
1281.59,1.5708,-0.675192
1282.22,1.5708,-0.675801
1282.84,1.5708,-0.676409
1283.47,1.5708,-0.677017
1284.1,1.5708,-0.677625
1284.73,1.5708,-0.678231
1285.35,1.5708,-0.678838
1285.98,1.5708,-0.679443
1286.61,1.5708,-0.680048
1287.24,1.5708,-0.680653
1287.87,1.5708,-0.681256
1288.5,1.5708,-0.68186
1289.13,1.5708,-0.682462
1289.76,1.5708,-0.683064
1290.39,1.5708,-0.683666
1291.02,1.5708,-0.684267
1291.66,1.5708,-0.684867
1292.29,1.5708,-0.685467
1292.92,1.5708,-0.686066
1293.56,1.5708,-0.686664
1294.19,1.5708,-0.687262
1294.83,1.5708,-0.68786
1295.46,1.5708,-0.688456
1296.1,1.5708,-0.689052
1296.73,1.5708,-0.689648
1297.37,1.5708,-0.690243
1298.01,1.5708,-0.690837
1298.64,1.5708,-0.691431
1299.28,1.5708,-0.692025
1299.92,1.5708,-0.692617
1300.56,1.5708,-0.693209
1301.2,1.5708,-0.693801
1301.84,1.5708,-0.694392
1302.48,1.5708,-0.694982
1303.12,1.5708,-0.695572
1303.76,1.5708,-0.696161
1304.4,1.5708,-0.69675
1305.05,1.5708,-0.697338
1305.69,1.5708,-0.697925
1306.33,1.5708,-0.698512
1306.97,1.5708,-0.699098
1307.62,1.5708,-0.699684
1308.26,1.5708,-0.700269
1308.91,1.5708,-0.700854
1309.55,1.5708,-0.701438
1310.2,1.5708,-0.702021
1310.84,1.5708,-0.702604
1311.49,1.5708,-0.703186
1312.14,1.5708,-0.703768
1312.79,1.5708,-0.704349
1313.43,1.5708,-0.70493
1314.08,1.5708,-0.70551
1314.73,1.5708,-0.706089
1315.38,1.5708,-0.706668
1316.03,1.5708,-0.707246
1316.68,1.5708,-0.707824
1317.33,1.5708,-0.708401
1317.98,1.5708,-0.708977
1318.63,1.5708,-0.709553
1319.28,1.5708,-0.710129
1319.94,1.5708,-0.710704
1320.59,1.5708,-0.711278
1321.24,1.5708,-0.711852
1321.9,1.5708,-0.712425
1322.55,1.5708,-0.712997
1323.2,1.5708,-0.713569
1323.86,1.5708,-0.714141
1324.51,1.5708,-0.714712
1325.17,1.5708,-0.715282
1325.83,1.5708,-0.715852
1326.48,1.5708,-0.716421
1327.14,1.5708,-0.716989
1327.8,1.5708,-0.717557
1328.46,1.5708,-0.718125
1329.11,1.5708,-0.718692
1329.77,1.5708,-0.719258
1330.43,1.5708,-0.719824
1331.09,1.5708,-0.720389
1331.75,1.5708,-0.720954
1332.41,1.5708,-0.721518
1333.07,1.5708,-0.722082
1333.73,1.5708,-0.722645
1334.4,1.5708,-0.723207
1335.06,1.5708,-0.723769
1335.72,1.5708,-0.72433
1336.38,1.5708,-0.724891
1337.05,1.5708,-0.725451
1337.71,1.5708,-0.726011
1338.37,1.5708,-0.72657
1339.04,1.5708,-0.727129
1339.7,1.5708,-0.727687
1340.37,1.5708,-0.728244
1341.04,1.5708,-0.728801
1341.7,1.5708,-0.729357
1342.37,1.5708,-0.729913
1343.04,1.5708,-0.730468
1343.7,1.5708,-0.731023
1344.37,1.5708,-0.731577
1345.04,1.5708,-0.732131
1345.71,1.5708,-0.732684
1346.38,1.5708,-0.733236
1347.05,1.5708,-0.733788
1347.72,1.5708,-0.73434
1348.39,1.5708,-0.73489
1349.06,1.5708,-0.735441
1349.73,1.5708,-0.73599
1350.4,1.5708,-0.73654
1351.07,1.5708,-0.737088
1351.75,1.5708,-0.737636
1352.42,1.5708,-0.738184
1353.09,1.5708,-0.738731
1353.76,1.5708,-0.739277
1354.44,1.5708,-0.739823
1355.11,1.5708,-0.740369
1355.79,1.5708,-0.740914
1356.46,1.5708,-0.741458
1357.14,1.5708,-0.742002
1357.82,1.5708,-0.742545
1358.49,1.5708,-0.743087
1359.17,1.5708,-0.74363
1359.85,1.5708,-0.744171
1360.52,1.5708,-0.744712
1361.2,1.5708,-0.745253
1361.88,1.5708,-0.745793
1362.56,1.5708,-0.746332
1363.24,1.5708,-0.746871
1363.92,1.5708,-0.747409
1364.6,1.5708,-0.747947
1365.28,1.5708,-0.748485
1365.96,1.5708,-0.749021
1366.64,1.5708,-0.749558
1367.32,1.5708,-0.750093
1368,1.5708,-0.750628
1368.69,1.5708,-0.751163
1369.37,1.5708,-0.751697
1370.05,1.5708,-0.752231
1370.74,1.5708,-0.752764
1371.42,1.5708,-0.753296
1372.1,1.5708,-0.753828
1372.79,1.5708,-0.75436
1373.47,1.5708,-0.75489
1374.16,1.5708,-0.755421
1374.84,1.5708,-0.755951
1375.53,1.5708,-0.75648
1376.22,1.5708,-0.757009
1376.9,1.5708,-0.757537
1377.59,1.5708,-0.758065
1378.28,1.5708,-0.758592
1378.97,1.5708,-0.759119
1379.66,1.5708,-0.759645
1380.35,1.5708,-0.76017
1381.03,1.5708,-0.760695
1381.72,1.5708,-0.76122
1382.41,1.5708,-0.761744
1383.1,1.5708,-0.762268
1383.8,1.5708,-0.762791
1384.49,1.5708,-0.763313
1385.18,1.5708,-0.763835
1385.87,1.5708,-0.764357
1386.56,1.5708,-0.764877
1387.26,1.5708,-0.765398
1387.95,1.5708,-0.765918
1388.64,1.5708,-0.766437
1389.34,1.5708,-0.766956
1390.03,1.5708,-0.767474
1390.72,1.5708,-0.767992
1391.42,1.5708,-0.768509
1392.11,1.5708,-0.769026
1392.81,1.5708,-0.769542
1393.51,1.5708,-0.770058
1394.2,1.5708,-0.770573
1394.9,1.5708,-0.771088
1395.6,1.5708,-0.771602
1396.29,1.5708,-0.772116
1396.99,1.5708,-0.772629
1397.69,1.5708,-0.773142
1398.39,1.5708,-0.773654
1399.09,1.5708,-0.774166
1399.79,1.5708,-0.774677
1400.49,1.5708,-0.775187
1401.19,1.5708,-0.775697
1401.89,1.5708,-0.776207
1402.59,1.5708,-0.776716
1403.29,1.5708,-0.777225
1403.99,1.5708,-0.777733
1404.69,1.5708,-0.77824
1405.4,1.5708,-0.778747
1406.1,1.5708,-0.779254
1406.8,1.5708,-0.77976
1407.5,1.5708,-0.780266
1408.21,1.5708,-0.780771
1408.91,1.5708,-0.781275
1409.62,1.5708,-0.781779
1410.32,1.5708,-0.782283
1411.03,1.5708,-0.782786
1411.73,1.5708,-0.783288
1412.44,1.5708,-0.78379
1413.14,1.5708,-0.784292
1413.85,1.5708,-0.784793
1414.56,1.5708,-0.785293
1415.26,1.5708,-0.785793
1415.97,1.5708,-0.786293
1416.68,1.5708,-0.786792
1417.39,1.5708,-0.78729
1418.1,1.5708,-0.787788
1418.81,1.5708,-0.788286
1419.52,1.5708,-0.788783
1420.22,1.5708,-0.789279
1420.93,1.5708,-0.789775
1421.65,1.5708,-0.790271
1422.36,1.5708,-0.790766
1423.07,1.5708,-0.79126
1423.78,1.5708,-0.791754
1424.49,1.5708,-0.792248
1425.2,1.5708,-0.792741
1425.91,1.5708,-0.793234
1426.63,1.5708,-0.793726
1427.34,1.5708,-0.794217
1428.05,1.5708,-0.794708
1428.77,1.5708,-0.795199
1429.48,1.5708,-0.795689
1430.2,1.5708,-0.796179
1430.91,1.5708,-0.796668
1431.63,1.5708,-0.797157
1432.34,1.5708,-0.797645
1433.06,1.5708,-0.798132
1433.77,1.5708,-0.79862
1434.49,1.5708,-0.799106
1435.21,1.5708,-0.799592
1435.93,1.5708,-0.800078
1436.64,1.5708,-0.800563
1437.36,1.5708,-0.801048
1438.08,1.5708,-0.801532
1438.8,1.5708,-0.802016
1439.52,1.5708,-0.8025
1440.24,1.5708,-0.802982
1440.96,1.5708,-0.803465
1441.68,1.5708,-0.803947
1442.4,1.5708,-0.804428
1443.12,1.5708,-0.804909
1443.84,1.5708,-0.805389
1444.56,1.5708,-0.805869
1445.28,1.5708,-0.806349
1446,1.5708,-0.806828
1446.72,1.5708,-0.807306
1447.45,1.5708,-0.807784
1448.17,1.5708,-0.808262
1448.89,1.5708,-0.808739
1449.62,1.5708,-0.809215
1450.34,1.5708,-0.809691
1451.07,1.5708,-0.810167
1451.79,1.5708,-0.810642
1452.51,1.5708,-0.811117
1453.24,1.5708,-0.811591
1453.97,1.5708,-0.812065
1454.69,1.5708,-0.812538
1455.42,1.5708,-0.813011
1456.14,1.5708,-0.813483
1456.87,1.5708,-0.813955
1457.6,1.5708,-0.814427
1458.33,1.5708,-0.814897
1459.05,1.5708,-0.815368
1459.78,1.5708,-0.815838
1460.51,1.5708,-0.816307
1461.24,1.5708,-0.816776
1461.97,1.5708,-0.817245
1462.7,1.5708,-0.817713
1463.43,1.5708,-0.818181
1464.16,1.5708,-0.818648
1464.89,1.5708,-0.819115
1465.62,1.5708,-0.819581
1466.35,1.5708,-0.820047
1467.08,1.5708,-0.820512
1467.81,1.5708,-0.820977
1468.54,1.5708,-0.821441
1469.28,1.5708,-0.821905
1470.01,1.5708,-0.822369
1470.74,1.5708,-0.822832
1471.48,1.5708,-0.823294
1472.21,1.5708,-0.823756
1472.94,1.5708,-0.824218
1473.68,1.5708,-0.824679
1474.41,1.5708,-0.82514
1475.15,1.5708,-0.8256
1475.88,1.5708,-0.82606
1476.62,1.5708,-0.826519
1477.35,1.5708,-0.826978
1478.09,1.5708,-0.827436
1478.83,1.5708,-0.827894
1479.56,1.5708,-0.828352
1480.3,1.5708,-0.828809
1481.04,1.5708,-0.829265
1481.77,1.5708,-0.829721
1482.51,1.5708,-0.830177
1483.25,1.5708,-0.830632
1483.99,1.5708,-0.831087
1484.73,1.5708,-0.831541
1485.47,1.5708,-0.831995
1486.21,1.5708,-0.832449
1486.95,1.5708,-0.832902
1487.69,1.5708,-0.833354
1488.43,1.5708,-0.833806
1489.17,1.5708,-0.834258
1489.91,1.5708,-0.834709
1490.65,1.5708,-0.83516
1491.39,1.5708,-0.83561
1492.13,1.5708,-0.83606
1492.87,1.5708,-0.836509
1493.62,1.5708,-0.836958
1494.36,1.5708,-0.837407
1495.1,1.5708,-0.837855
1495.85,1.5708,-0.838302
1496.59,1.5708,-0.838749
1497.33,1.5708,-0.839196
1498.08,1.5708,-0.839642
1498.82,1.5708,-0.840088
1499.57,1.5708,-0.840533
1500.31,1.5708,-0.840978
1501.06,1.5708,-0.841423
1501.8,1.5708,-0.841867
1502.55,1.5708,-0.84231
1503.3,1.5708,-0.842754
1504.04,1.5708,-0.843196
1504.79,1.5708,-0.843639
1505.54,1.5708,-0.84408
1506.28,1.5708,-0.844522
1507.03,1.5708,-0.844963
1507.78,1.5708,-0.845403
1508.53,1.5708,-0.845843
1509.28,1.5708,-0.846283
1510.03,1.5708,-0.846722
1510.77,1.5708,-0.847161
1511.52,1.5708,-0.847599
1512.27,1.5708,-0.848037
1513.02,1.5708,-0.848475
1513.77,1.5708,-0.848912
1514.53,1.5708,-0.849349
1515.28,1.5708,-0.849785
1516.03,1.5708,-0.85022
1516.78,1.5708,-0.850656
1517.53,1.5708,-0.851091
1518.28,1.5708,-0.851525
1519.04,1.5708,-0.851959
1519.79,1.5708,-0.852393
1520.54,1.5708,-0.852826
1521.29,1.5708,-0.853259
1522.05,1.5708,-0.853691
1522.8,1.5708,-0.854123
1523.56,1.5708,-0.854554
1524.31,1.5708,-0.854985
1525.06,1.5708,-0.855416
1525.82,1.5708,-0.855846
1526.57,1.5708,-0.856276
1527.33,1.5708,-0.856705
1528.09,1.5708,-0.857134
1528.84,1.5708,-0.857563
1529.6,1.5708,-0.857991
1530.36,1.5708,-0.858418
1531.11,1.5708,-0.858845
1531.87,1.5708,-0.859272
1532.63,1.5708,-0.859699
1533.38,1.5708,-0.860125
1534.14,1.5708,-0.86055
1534.9,1.5708,-0.860975
1535.66,1.5708,-0.8614
1536.42,1.5708,-0.861824
1537.18,1.5708,-0.862248
1537.94,1.5708,-0.862671
1538.7,1.5708,-0.863094
1539.46,1.5708,-0.863517
1540.22,1.5708,-0.863939
1540.98,1.5708,-0.864361
1541.74,1.5708,-0.864782
1542.5,1.5708,-0.865203
1543.26,1.5708,-0.865624
1544.02,1.5708,-0.866044
1544.78,1.5708,-0.866463
1545.55,1.5708,-0.866883
1546.31,1.5708,-0.867301
1547.07,1.5708,-0.86772
1547.83,1.5708,-0.868138
1548.6,1.5708,-0.868556
1549.36,1.5708,-0.868973
1550.12,1.5708,-0.86939
1550.89,1.5708,-0.869806
1551.65,1.5708,-0.870222
1552.42,1.5708,-0.870637
1553.18,1.5708,-0.871053
1553.95,1.5708,-0.871467
1554.71,1.5708,-0.871882
1555.48,1.5708,-0.872296
1556.24,1.5708,-0.872709
1557.01,1.5708,-0.873122
1557.78,1.5708,-0.873535
1558.54,1.5708,-0.873947
1559.31,1.5708,-0.874359
1560.08,1.5708,-0.874771
1560.85,1.5708,-0.875182
1561.61,1.5708,-0.875592
1562.38,1.5708,-0.876003
1563.15,1.5708,-0.876413
1563.92,1.5708,-0.876822
1564.69,1.5708,-0.877231
1565.46,1.5708,-0.87764
1566.23,1.5708,-0.878048
1566.99,1.5708,-0.878456
1567.76,1.5708,-0.878863
1568.53,1.5708,-0.87927
1569.3,1.5708,-0.879677
1570.08,1.5708,-0.880083
1570.85,1.5708,-0.880489
1571.62,1.5708,-0.880895
1572.39,1.5708,-0.8813
1573.16,1.5708,-0.881704
1573.93,1.5708,-0.882109
1574.7,1.5708,-0.882512
1575.48,1.5708,-0.882916
1576.25,1.5708,-0.883319
1577.02,1.5708,-0.883722
1577.8,1.5708,-0.884124
1578.57,1.5708,-0.884526
1579.34,1.5708,-0.884927
1580.12,1.5708,-0.885329
1580.89,1.5708,-0.885729
1581.67,1.5708,-0.88613
1582.44,1.5708,-0.88653
1583.22,1.5708,-0.886929
1583.99,1.5708,-0.887328
1584.77,1.5708,-0.887727
1585.54,1.5708,-0.888125
1586.32,1.5708,-0.888523
1587.09,1.5708,-0.888921
1587.87,1.5708,-0.889318
1588.65,1.5708,-0.889715
1589.42,1.5708,-0.890111
1590.2,1.5708,-0.890508
1590.98,1.5708,-0.890903
1591.76,1.5708,-0.891298
1592.53,1.5708,-0.891693
1593.31,1.5708,-0.892088
1594.09,1.5708,-0.892482
1594.87,1.5708,-0.892876
1595.65,1.5708,-0.893269
1596.43,1.5708,-0.893662
1597.21,1.5708,-0.894055
1597.99,1.5708,-0.894447
1598.77,1.5708,-0.894839
1599.55,1.5708,-0.89523
1600.33,1.5708,-0.895621
1601.11,1.5708,-0.896012
1601.89,1.5708,-0.896402
1602.67,1.5708,-0.896792
1603.45,1.5708,-0.897181
1604.23,1.5708,-0.897571
1605.02,1.5708,-0.897959
1605.8,1.5708,-0.898348
1606.58,1.5708,-0.898736
1607.36,1.5708,-0.899123
1608.14,1.5708,-0.899511
1608.93,1.5708,-0.899897
1609.71,1.5708,-0.900284
1610.49,1.5708,-0.90067
1611.28,1.5708,-0.901056
1612.06,1.5708,-0.901441
1612.85,1.5708,-0.901826
1613.63,1.5708,-0.902211
1614.42,1.5708,-0.902595
1615.2,1.5708,-0.902979
1615.99,1.5708,-0.903362
1616.77,1.5708,-0.903746
1617.56,1.5708,-0.904128
1618.34,1.5708,-0.904511
1619.13,1.5708,-0.904893
1619.92,1.5708,-0.905274
1620.7,1.5708,-0.905656
1621.49,1.5708,-0.906037
1622.28,1.5708,-0.906417
1623.06,1.5708,-0.906797
1623.85,1.5708,-0.907177
1624.64,1.5708,-0.907557
1625.43,1.5708,-0.907936
1626.22,1.5708,-0.908314
1627,1.5708,-0.908693
1627.79,1.5708,-0.909071
1628.58,1.5708,-0.909448
1629.37,1.5708,-0.909825
1630.16,1.5708,-0.910202
1630.95,1.5708,-0.910579
1631.74,1.5708,-0.910955
1632.53,1.5708,-0.911331
1633.32,1.5708,-0.911706
1634.11,1.5708,-0.912081
1634.9,1.5708,-0.912456
1635.69,1.5708,-0.91283
1636.48,1.5708,-0.913204
1637.28,1.5708,-0.913578
1638.07,1.5708,-0.913951
1638.86,1.5708,-0.914324
1639.65,1.5708,-0.914696
1640.44,1.5708,-0.915068
1641.24,1.5708,-0.91544
1642.03,1.5708,-0.915812
1642.82,1.5708,-0.916183
1643.62,1.5708,-0.916553
1644.41,1.5708,-0.916924
1645.2,1.5708,-0.917294
1646,1.5708,-0.917663
1646.79,1.5708,-0.918033
1647.59,1.5708,-0.918402
1648.38,1.5708,-0.91877
1649.18,1.5708,-0.919139
1649.97,1.5708,-0.919506
1650.77,1.5708,-0.919874
1651.56,1.5708,-0.920241
1652.36,1.5708,-0.920608
1653.15,1.5708,-0.920974
1653.95,1.5708,-0.92134
1654.75,1.5708,-0.921706
1655.54,1.5708,-0.922072
1656.34,1.5708,-0.922437
1657.14,1.5708,-0.922801
1657.93,1.5708,-0.923166
1658.73,1.5708,-0.92353
1659.53,1.5708,-0.923893
1660.33,1.5708,-0.924257
1661.13,1.5708,-0.92462
1661.92,1.5708,-0.924982
1662.72,1.5708,-0.925344
1663.52,1.5708,-0.925706
1664.32,1.5708,-0.926068
1665.12,1.5708,-0.926429
1665.92,1.5708,-0.92679
1666.72,1.5708,-0.92715
1667.52,1.5708,-0.927511
1668.32,1.5708,-0.92787
1669.12,1.5708,-0.92823
1669.92,1.5708,-0.928589
1670.72,1.5708,-0.928948
1671.52,1.5708,-0.929306
1672.32,1.5708,-0.929664
1673.13,1.5708,-0.930022
1673.93,1.5708,-0.930379
1674.73,1.5708,-0.930737
1675.53,1.5708,-0.931093
1676.33,1.5708,-0.93145
1677.14,1.5708,-0.931806
1677.94,1.5708,-0.932161
1678.74,1.5708,-0.932517
1679.54,1.5708,-0.932872
1680.35,1.5708,-0.933226
1681.15,1.5708,-0.933581
1681.95,1.5708,-0.933935
1682.76,1.5708,-0.934288
1683.56,1.5708,-0.934642
1684.37,1.5708,-0.934995
1685.17,1.5708,-0.935347
1685.98,1.5708,-0.9357
1686.78,1.5708,-0.936052
1687.59,1.5708,-0.936403
1688.39,1.5708,-0.936755
1689.2,1.5708,-0.937106
1690,1.5708,-0.937456
1690.81,1.5708,-0.937807
1691.62,1.5708,-0.938157
1692.42,1.5708,-0.938506
1693.23,1.5708,-0.938856
1694.04,1.5708,-0.939205
1694.84,1.5708,-0.939553
1695.65,1.5708,-0.939902
1696.46,1.5708,-0.94025
1697.27,1.5708,-0.940597
1698.07,1.5708,-0.940944
1698.88,1.5708,-0.941291
1699.69,1.5708,-0.941638
1700.5,1.5708,-0.941984
1701.31,1.5708,-0.94233
1702.12,1.5708,-0.942676
1702.93,1.5708,-0.943021
1703.74,1.5708,-0.943367
1704.55,1.5708,-0.943711
1705.35,1.5708,-0.944056
1706.16,1.5708,-0.9444
1706.97,1.5708,-0.944743
1707.79,1.5708,-0.945087
1708.6,1.5708,-0.94543
1709.41,1.5708,-0.945772
1710.22,1.5708,-0.946115
1711.03,1.5708,-0.946457
1711.84,1.5708,-0.946799
1712.65,1.5708,-0.94714
1713.46,1.5708,-0.947481
1714.28,1.5708,-0.947822
1715.09,1.5708,-0.948162
1715.9,1.5708,-0.948503
1716.71,1.5708,-0.948842
1717.53,1.5708,-0.949182
1718.34,1.5708,-0.949521
1719.15,1.5708,-0.94986
1719.96,1.5708,-0.950198
1720.78,1.5708,-0.950537
1721.59,1.5708,-0.950875
1722.41,1.5708,-0.951212
1723.22,1.5708,-0.951549
1724.03,1.5708,-0.951886
1724.85,1.5708,-0.952223
1725.66,1.5708,-0.952559
1726.48,1.5708,-0.952895
1727.29,1.5708,-0.953231
1728.11,1.5708,-0.953566
1728.92,1.5708,-0.953901
1729.74,1.5708,-0.954236
1730.56,1.5708,-0.95457
1731.37,1.5708,-0.954905
1732.19,1.5708,-0.955238
1733,1.5708,-0.955572
1733.82,1.5708,-0.955905
1734.64,1.5708,-0.956238
1735.46,1.5708,-0.95657
1736.27,1.5708,-0.956902
1737.09,1.5708,-0.957234
1737.91,1.5708,-0.957566
1738.73,1.5708,-0.957897
1739.54,1.5708,-0.958228
1740.36,1.5708,-0.958559
1741.18,1.5708,-0.958889
1742,1.5708,-0.959219
1742.82,1.5708,-0.959549
1743.64,1.5708,-0.959878
1744.45,1.5708,-0.960207
1745.27,1.5708,-0.960536
1746.09,1.5708,-0.960865
1746.91,1.5708,-0.961193
1747.73,1.5708,-0.961521
1748.55,1.5708,-0.961848
1749.37,1.5708,-0.962175
1750.19,1.5708,-0.962502
1751.01,1.5708,-0.962829
1751.84,1.5708,-0.963155
1752.66,1.5708,-0.963481
1753.48,1.5708,-0.963807
1754.3,1.5708,-0.964132
1755.12,1.5708,-0.964458
1755.94,1.5708,-0.964782
1756.76,1.5708,-0.965107
1757.59,1.5708,-0.965431
1758.41,1.5708,-0.965755
1759.23,1.5708,-0.966079
1760.05,1.5708,-0.966402
1760.88,1.5708,-0.966725
1761.7,1.5708,-0.967048
1762.52,1.5708,-0.96737
1763.35,1.5708,-0.967692
1764.17,1.5708,-0.968014
1764.99,1.5708,-0.968335
1765.82,1.5708,-0.968656
1766.64,1.5708,-0.968977
1767.47,1.5708,-0.969298
1768.29,1.5708,-0.969618
1769.11,1.5708,-0.969938
1769.94,1.5708,-0.970258
1770.76,1.5708,-0.970577
1771.59,1.5708,-0.970896
1772.42,1.5708,-0.971215
1773.24,1.5708,-0.971534
1774.07,1.5708,-0.971852
1774.89,1.5708,-0.97217
1775.72,1.5708,-0.972487
1776.54,1.5708,-0.972805
1777.37,1.5708,-0.973122
1778.2,1.5708,-0.973438
1779.02,1.5708,-0.973755
1779.85,1.5708,-0.974071
1780.68,1.5708,-0.974387
1781.51,1.5708,-0.974702
1782.33,1.5708,-0.975018
1783.16,1.5708,-0.975332
1783.99,1.5708,-0.975647
1784.82,1.5708,-0.975962
1785.65,1.5708,-0.976276
1786.47,1.5708,-0.976589
1787.3,1.5708,-0.976903
1788.13,1.5708,-0.977216
1788.96,1.5708,-0.977529
1789.79,1.5708,-0.977842
1790.62,1.5708,-0.978154
1791.45,1.5708,-0.978466
1792.28,1.5708,-0.978778
1793.11,1.5708,-0.979089
1793.94,1.5708,-0.9794
1794.77,1.5708,-0.979711
1795.6,1.5708,-0.980022
1796.43,1.5708,-0.980332
1797.26,1.5708,-0.980642
1798.09,1.5708,-0.980952
1798.92,1.5708,-0.981262
1799.75,1.5708,-0.981571
1800.58,1.5708,-0.98188
1801.41,1.5708,-0.982188
1802.25,1.5708,-0.982497
1803.08,1.5708,-0.982805
1803.91,1.5708,-0.983112
1804.74,1.5708,-0.98342
1805.58,1.5708,-0.983727
1806.41,1.5708,-0.984034
1807.24,1.5708,-0.984341
1808.07,1.5708,-0.984647
1808.91,1.5708,-0.984953
1809.74,1.5708,-0.985259
1810.57,1.5708,-0.985564
1811.41,1.5708,-0.985869
1812.24,1.5708,-0.986174
1813.07,1.5708,-0.986479
1813.91,1.5708,-0.986783
1814.74,1.5708,-0.987087
1815.58,1.5708,-0.987391
1816.41,1.5708,-0.987695
1817.25,1.5708,-0.987998
1818.08,1.5708,-0.988301
1818.92,1.5708,-0.988604
1819.75,1.5708,-0.988906
1820.59,1.5708,-0.989208
1821.42,1.5708,-0.98951
1822.26,1.5708,-0.989812
1823.09,1.5708,-0.990113
1823.93,1.5708,-0.990414
1824.77,1.5708,-0.990715
1825.6,1.5708,-0.991015
1826.44,1.5708,-0.991316
1827.28,1.5708,-0.991616
1828.11,1.5708,-0.991915
1828.95,1.5708,-0.992215
1829.79,1.5708,-0.992514
1830.62,1.5708,-0.992813
1831.46,1.5708,-0.993111
1832.3,1.5708,-0.993409
1833.14,1.5708,-0.993707
1833.98,1.5708,-0.994005
1834.81,1.5708,-0.994303
1835.65,1.5708,-0.9946
1836.49,1.5708,-0.994897
1837.33,1.5708,-0.995193
1838.17,1.5708,-0.99549
1839.01,1.5708,-0.995786
1839.85,1.5708,-0.996082
1840.69,1.5708,-0.996377
1841.52,1.5708,-0.996673
1842.36,1.5708,-0.996968
1843.2,1.5708,-0.997262
1844.04,1.5708,-0.997557
1844.88,1.5708,-0.997851
1845.72,1.5708,-0.998145
1846.57,1.5708,-0.998439
1847.41,1.5708,-0.998732
1848.25,1.5708,-0.999025
1849.09,1.5708,-0.999318
1849.93,1.5708,-0.999611
1850.77,1.5708,-0.999903
1851.61,1.5708,-1.0002
1852.45,1.5708,-1.00049
1853.29,1.5708,-1.00078
1854.14,1.5708,-1.00107
1854.98,1.5708,-1.00136
1855.82,1.5708,-1.00165
1856.66,1.5708,-1.00194
1857.51,1.5708,-1.00223
1858.35,1.5708,-1.00252
1859.19,1.5708,-1.00281
1860.03,1.5708,-1.0031
1860.88,1.5708,-1.00339
1861.72,1.5708,-1.00368
1862.56,1.5708,-1.00397
1863.41,1.5708,-1.00426
1864.25,1.5708,-1.00455
1865.09,1.5708,-1.00483
1865.94,1.5708,-1.00512
1866.78,1.5708,-1.00541
1867.63,1.5708,-1.0057
1868.47,1.5708,-1.00598
1869.32,1.5708,-1.00627
1870.16,1.5708,-1.00656
1871.01,1.5708,-1.00684
1871.85,1.5708,-1.00713
1872.7,1.5708,-1.00741
1873.54,1.5708,-1.0077
1874.39,1.5708,-1.00798
1875.23,1.5708,-1.00827
1876.08,1.5708,-1.00855
1876.92,1.5708,-1.00884
1877.77,1.5708,-1.00912
1878.62,1.5708,-1.0094
1879.46,1.5708,-1.00969
1880.31,1.5708,-1.00997
1881.16,1.5708,-1.01025
1882,1.5708,-1.01054
1882.85,1.5708,-1.01082
1883.7,1.5708,-1.0111
1884.55,1.5708,-1.01138
1885.39,1.5708,-1.01167
1886.24,1.5708,-1.01195
1887.09,1.5708,-1.01223
1887.94,1.5708,-1.01251
1888.78,1.5708,-1.01279
1889.63,1.5708,-1.01307
1890.48,1.5708,-1.01335
1891.33,1.5708,-1.01363
1892.18,1.5708,-1.01391
1893.03,1.5708,-1.01419
1893.88,1.5708,-1.01447
1894.73,1.5708,-1.01475
1895.57,1.5708,-1.01503
1896.42,1.5708,-1.0153
1897.27,1.5708,-1.01558
1898.12,1.5708,-1.01586
1898.97,1.5708,-1.01614
1899.82,1.5708,-1.01642
1900.67,1.5708,-1.01669
1901.52,1.5708,-1.01697
1902.37,1.5708,-1.01725
1903.23,1.5708,-1.01752
1904.08,1.5708,-1.0178
1904.93,1.5708,-1.01808
1905.78,1.5708,-1.01835
1906.63,1.5708,-1.01863
1907.48,1.5708,-1.0189
1908.33,1.5708,-1.01918
1909.18,1.5708,-1.01945
1910.04,1.5708,-1.01973
1910.89,1.5708,-1.02
1911.74,1.5708,-1.02027
1912.59,1.5708,-1.02055
1913.44,1.5708,-1.02082
1914.3,1.5708,-1.0211
1915.15,1.5708,-1.02137
1916,1.5708,-1.02164
1916.85,1.5708,-1.02191
1917.71,1.5708,-1.02219
1918.56,1.5708,-1.02246
1919.41,1.5708,-1.02273
1920.27,1.5708,-1.023
1921.12,1.5708,-1.02327
1921.98,1.5708,-1.02354
1922.83,1.5708,-1.02381
1923.68,1.5708,-1.02409
1924.54,1.5708,-1.02436
1925.39,1.5708,-1.02463
1926.25,1.5708,-1.0249
1927.1,1.5708,-1.02517
1927.96,1.5708,-1.02543
1928.81,1.5708,-1.0257
1929.67,1.5708,-1.02597
1930.52,1.5708,-1.02624
1931.38,1.5708,-1.02651
1932.23,1.5708,-1.02678
1933.09,1.5708,-1.02705
1933.94,1.5708,-1.02731
1934.8,1.5708,-1.02758
1935.65,1.5708,-1.02785
1936.51,1.5708,-1.02812
1937.37,1.5708,-1.02838
1938.22,1.5708,-1.02865
1939.08,1.5708,-1.02892
1939.94,1.5708,-1.02918
1940.79,1.5708,-1.02945
1941.65,1.5708,-1.02971
1942.51,1.5708,-1.02998
1943.36,1.5708,-1.03024
1944.22,1.5708,-1.03051
1945.08,1.5708,-1.03077
1945.94,1.5708,-1.03104
1946.79,1.5708,-1.0313
1947.65,1.5708,-1.03157
1948.51,1.5708,-1.03183
1949.37,1.5708,-1.03209
1950.23,1.5708,-1.03236
1951.09,1.5708,-1.03262
1951.94,1.5708,-1.03288
1952.8,1.5708,-1.03315
1953.66,1.5708,-1.03341
1954.52,1.5708,-1.03367
1955.38,1.5708,-1.03393
1956.24,1.5708,-1.03419
1957.1,1.5708,-1.03445
1957.96,1.5708,-1.03472
1958.82,1.5708,-1.03498
1959.68,1.5708,-1.03524
1960.54,1.5708,-1.0355
1961.4,1.5708,-1.03576
1962.26,1.5708,-1.03602
1963.12,1.5708,-1.03628
1963.98,1.5708,-1.03654
1964.84,1.5708,-1.0368
1965.7,1.5708,-1.03706
1966.56,1.5708,-1.03732
1967.42,1.5708,-1.03757
1968.28,1.5708,-1.03783
1969.14,1.5708,-1.03809
1970.01,1.5708,-1.03835
1970.87,1.5708,-1.03861
1971.73,1.5708,-1.03886
1972.59,1.5708,-1.03912
1973.45,1.5708,-1.03938
1974.31,1.5708,-1.03964
1975.18,1.5708,-1.03989
1976.04,1.5708,-1.04015
1976.9,1.5708,-1.04041
1977.76,1.5708,-1.04066
1978.63,1.5708,-1.04092
1979.49,1.5708,-1.04117
1980.35,1.5708,-1.04143
1981.21,1.5708,-1.04168
1982.08,1.5708,-1.04194
1982.94,1.5708,-1.04219
1983.8,1.5708,-1.04245
1984.67,1.5708,-1.0427
1985.53,1.5708,-1.04296
1986.4,1.5708,-1.04321
1987.26,1.5708,-1.04346
1988.12,1.5708,-1.04372
1988.99,1.5708,-1.04397
1989.85,1.5708,-1.04422
1990.72,1.5708,-1.04448
1991.58,1.5708,-1.04473
1992.45,1.5708,-1.04498
1993.31,1.5708,-1.04523
1994.18,1.5708,-1.04548
1995.04,1.5708,-1.04574
1995.91,1.5708,-1.04599
1996.77,1.5708,-1.04624
1997.64,1.5708,-1.04649
1998.5,1.5708,-1.04674
1999.37,1.5708,-1.04699
2000.23,1.5708,-1.04724
2001.1,1.5708,-1.04749
2001.97,1.5708,-1.04774
2002.83,1.5708,-1.04799
2003.7,1.5708,-1.04824
2004.57,1.5708,-1.04849
2005.43,1.5708,-1.04874
2006.3,1.5708,-1.04899
2007.17,1.5708,-1.04924
2008.03,1.5708,-1.04948
2008.9,1.5708,-1.04973
2009.77,1.5708,-1.04998
2010.63,1.5708,-1.05023
2011.5,1.5708,-1.05047
2012.37,1.5708,-1.05072
2013.24,1.5708,-1.05097
2014.11,1.5708,-1.05122
2014.97,1.5708,-1.05146
2015.84,1.5708,-1.05171
2016.71,1.5708,-1.05196
2017.58,1.5708,-1.0522
2018.45,1.5708,-1.05245
2019.31,1.5708,-1.05269
2020.18,1.5708,-1.05294
2021.05,1.5708,-1.05318
2021.92,1.5708,-1.05343
2022.79,1.5708,-1.05367
2023.66,1.5708,-1.05392
2024.53,1.5708,-1.05416
2025.4,1.5708,-1.05441
2026.27,1.5708,-1.05465
2027.14,1.5708,-1.05489
2028.01,1.5708,-1.05514
2028.88,1.5708,-1.05538
2029.75,1.5708,-1.05562
2030.62,1.5708,-1.05587
2031.49,1.5708,-1.05611
2032.36,1.5708,-1.05635
2033.23,1.5708,-1.05659
2034.1,1.5708,-1.05684
2034.97,1.5708,-1.05708
2035.84,1.5708,-1.05732
2036.71,1.5708,-1.05756
2037.58,1.5708,-1.0578
2038.45,1.5708,-1.05804
2039.32,1.5708,-1.05828
2040.2,1.5708,-1.05852
2041.07,1.5708,-1.05876
2041.94,1.5708,-1.059
2042.81,1.5708,-1.05924
2043.68,1.5708,-1.05948
2044.56,1.5708,-1.05972
2045.43,1.5708,-1.05996
2046.3,1.5708,-1.0602
2047.17,1.5708,-1.06044
2048.04,1.5708,-1.06068
2048.92,1.5708,-1.06092
2049.79,1.5708,-1.06116
2050.66,1.5708,-1.0614
2051.54,1.5708,-1.06163
2052.41,1.5708,-1.06187
2053.28,1.5708,-1.06211
2054.16,1.5708,-1.06235
2055.03,1.5708,-1.06258
2055.9,1.5708,-1.06282
2056.78,1.5708,-1.06306
2057.65,1.5708,-1.06329
2058.52,1.5708,-1.06353
2059.4,1.5708,-1.06377
2060.27,1.5708,-1.064
2061.15,1.5708,-1.06424
2062.02,1.5708,-1.06447
2062.89,1.5708,-1.06471
2063.77,1.5708,-1.06494
2064.64,1.5708,-1.06518
2065.52,1.5708,-1.06541
2066.39,1.5708,-1.06565
2067.27,1.5708,-1.06588
2068.14,1.5708,-1.06612
2069.02,1.5708,-1.06635
2069.89,1.5708,-1.06658
2070.77,1.5708,-1.06682
2071.65,1.5708,-1.06705
2072.52,1.5708,-1.06728
2073.4,1.5708,-1.06752
2074.27,1.5708,-1.06775
2075.15,1.5708,-1.06798
2076.03,1.5708,-1.06821
2076.9,1.5708,-1.06845
2077.78,1.5708,-1.06868
2078.65,1.5708,-1.06891
2079.53,1.5708,-1.06914
2080.41,1.5708,-1.06937
2081.28,1.5708,-1.0696
2082.16,1.5708,-1.06984
2083.04,1.5708,-1.07007
2083.92,1.5708,-1.0703
2084.79,1.5708,-1.07053
2085.67,1.5708,-1.07076
2086.55,1.5708,-1.07099
2087.43,1.5708,-1.07122
2088.3,1.5708,-1.07145
2089.18,1.5708,-1.07168
2090.06,1.5708,-1.07191
2090.94,1.5708,-1.07213
2091.81,1.5708,-1.07236
2092.69,1.5708,-1.07259
2093.57,1.5708,-1.07282
2094.45,1.5708,-1.07305
2095.33,1.5708,-1.07328
2096.21,1.5708,-1.0735
2097.09,1.5708,-1.07373
2097.96,1.5708,-1.07396
2098.84,1.5708,-1.07419
2099.72,1.5708,-1.07441
2100.6,1.5708,-1.07464
2101.48,1.5708,-1.07487
2102.36,1.5708,-1.07509
2103.24,1.5708,-1.07532
2104.12,1.5708,-1.07555
2105,1.5708,-1.07577
2105.88,1.5708,-1.076
2106.76,1.5708,-1.07622
2107.64,1.5708,-1.07645
2108.52,1.5708,-1.07668
2109.4,1.5708,-1.0769
2110.28,1.5708,-1.07713
2111.16,1.5708,-1.07735
2112.04,1.5708,-1.07757
2112.92,1.5708,-1.0778
2113.8,1.5708,-1.07802
2114.68,1.5708,-1.07825
2115.57,1.5708,-1.07847
2116.45,1.5708,-1.07869
2117.33,1.5708,-1.07892
2118.21,1.5708,-1.07914
2119.09,1.5708,-1.07936
2119.97,1.5708,-1.07959
2120.85,1.5708,-1.07981
2121.74,1.5708,-1.08003
2122.62,1.5708,-1.08025
2123.5,1.5708,-1.08048
2124.38,1.5708,-1.0807
2125.26,1.5708,-1.08092
2126.15,1.5708,-1.08114
2127.03,1.5708,-1.08136
2127.91,1.5708,-1.08158
2128.79,1.5708,-1.0818
2129.68,1.5708,-1.08203
2130.56,1.5708,-1.08225
2131.44,1.5708,-1.08247
2132.33,1.5708,-1.08269
2133.21,1.5708,-1.08291
2134.09,1.5708,-1.08313
2134.97,1.5708,-1.08335
2135.86,1.5708,-1.08357
2136.74,1.5708,-1.08379
2137.63,1.5708,-1.084
2138.51,1.5708,-1.08422
2139.39,1.5708,-1.08444
2140.28,1.5708,-1.08466
2141.16,1.5708,-1.08488
2142.05,1.5708,-1.0851
2142.93,1.5708,-1.08532
2143.81,1.5708,-1.08553
2144.7,1.5708,-1.08575
2145.58,1.5708,-1.08597
2146.47,1.5708,-1.08619
2147.35,1.5708,-1.0864
2148.24,1.5708,-1.08662
2149.12,1.5708,-1.08684
2150.01,1.5708,-1.08705
2150.89,1.5708,-1.08727
2151.78,1.5708,-1.08749
2152.66,1.5708,-1.0877
2153.55,1.5708,-1.08792
2154.43,1.5708,-1.08813
2155.32,1.5708,-1.08835
2156.21,1.5708,-1.08857
2157.09,1.5708,-1.08878
2157.98,1.5708,-1.089
2158.86,1.5708,-1.08921
2159.75,1.5708,-1.08942
2160.64,1.5708,-1.08964
2161.52,1.5708,-1.08985
2162.41,1.5708,-1.09007
2163.3,1.5708,-1.09028
2164.18,1.5708,-1.0905
2165.07,1.5708,-1.09071
2165.96,1.5708,-1.09092
2166.84,1.5708,-1.09114
2167.73,1.5708,-1.09135
2168.62,1.5708,-1.09156
2169.5,1.5708,-1.09177
2170.39,1.5708,-1.09199
2171.28,1.5708,-1.0922
2172.17,1.5708,-1.09241
2173.05,1.5708,-1.09262
2173.94,1.5708,-1.09284
2174.83,1.5708,-1.09305
2175.72,1.5708,-1.09326
2176.61,1.5708,-1.09347
2177.49,1.5708,-1.09368
2178.38,1.5708,-1.09389
2179.27,1.5708,-1.0941
2180.16,1.5708,-1.09431
2181.05,1.5708,-1.09452
2181.94,1.5708,-1.09474
2182.82,1.5708,-1.09495
2183.71,1.5708,-1.09516
2184.6,1.5708,-1.09537
2185.49,1.5708,-1.09557
2186.38,1.5708,-1.09578
2187.27,1.5708,-1.09599
2188.16,1.5708,-1.0962
2189.05,1.5708,-1.09641
2189.94,1.5708,-1.09662
2190.83,1.5708,-1.09683
2191.72,1.5708,-1.09704
2192.61,1.5708,-1.09725
2193.5,1.5708,-1.09745
2194.39,1.5708,-1.09766
2195.28,1.5708,-1.09787
2196.17,1.5708,-1.09808
2197.06,1.5708,-1.09829
2197.95,1.5708,-1.09849
2198.84,1.5708,-1.0987
2199.73,1.5708,-1.09891
2200.62,1.5708,-1.09911
2201.51,1.5708,-1.09932
2202.4,1.5708,-1.09953
2203.29,1.5708,-1.09973
2204.18,1.5708,-1.09994
2205.07,1.5708,-1.10014
2205.96,1.5708,-1.10035
2206.86,1.5708,-1.10056
2207.75,1.5708,-1.10076
2208.64,1.5708,-1.10097
2209.53,1.5708,-1.10117
2210.42,1.5708,-1.10138
2211.31,1.5708,-1.10158
2212.21,1.5708,-1.10179
2213.1,1.5708,-1.10199
2213.99,1.5708,-1.1022
2214.88,1.5708,-1.1024
2215.77,1.5708,-1.1026
2216.67,1.5708,-1.10281
2217.56,1.5708,-1.10301
2218.45,1.5708,-1.10321
2219.34,1.5708,-1.10342
2220.24,1.5708,-1.10362
2221.13,1.5708,-1.10382
2222.02,1.5708,-1.10403
2222.91,1.5708,-1.10423
2223.81,1.5708,-1.10443
2224.7,1.5708,-1.10463
2225.59,1.5708,-1.10484
2226.49,1.5708,-1.10504
2227.38,1.5708,-1.10524
2228.27,1.5708,-1.10544
2229.17,1.5708,-1.10564
2230.06,1.5708,-1.10584
2230.95,1.5708,-1.10605
2231.85,1.5708,-1.10625
2232.74,1.5708,-1.10645
2233.64,1.5708,-1.10665
2234.53,1.5708,-1.10685
2235.42,1.5708,-1.10705
