1000,1.5715,0.000862981
1000,1.57221,0.000155168
1000.01,1.57292,-0.000552644
1000.01,1.57363,-0.00126045
1000.01,1.57434,-0.00196826
1000.02,1.57504,-0.00267607
1000.03,1.57575,-0.00338387
1000.03,1.57646,-0.00409166
1000.04,1.57717,-0.00479945
1000.05,1.57787,-0.00550723
1000.06,1.57858,-0.00621501
1000.07,1.57929,-0.00692278
1000.08,1.58,-0.00763054
1000.1,1.5807,-0.00833829
1000.11,1.58141,-0.00904603
1000.13,1.58212,-0.00975376
1000.14,1.58283,-0.0104615
1000.16,1.58354,-0.0111692
1000.18,1.58424,-0.0118769
1000.2,1.58495,-0.0125846
1000.22,1.58566,-0.0132922
1000.24,1.58637,-0.0139999
1000.26,1.58707,-0.0147075
1000.29,1.58778,-0.0154151
1000.31,1.58849,-0.0161227
1000.34,1.58919,-0.0168303
1000.36,1.5899,-0.0175379
1000.39,1.59061,-0.0182455
1000.42,1.59132,-0.018953
1000.45,1.59202,-0.0196605
1000.48,1.59273,-0.020368
1000.51,1.59344,-0.0210754
1000.54,1.59414,-0.0217829
1000.58,1.59485,-0.0224903
1000.61,1.59556,-0.0231977
1000.65,1.59626,-0.0239051
1000.68,1.59697,-0.0246124
1000.72,1.59768,-0.0253198
1000.76,1.59838,-0.026027
1000.8,1.59909,-0.0267343
1000.84,1.5998,-0.0274416
1000.88,1.6005,-0.0281488
1000.92,1.60121,-0.0288559
1000.97,1.60192,-0.0295631
1001.01,1.60262,-0.0302702
1001.06,1.60333,-0.0309773
1001.1,1.60403,-0.0316844
1001.15,1.60474,-0.0323914
1001.2,1.60544,-0.0330984
1001.25,1.60615,-0.0338053
1001.3,1.60686,-0.0345122
1001.35,1.60756,-0.0352191
1001.4,1.60827,-0.035926
1001.45,1.60897,-0.0366328
1001.51,1.60968,-0.0373396
1001.56,1.61038,-0.0380463
1001.62,1.61109,-0.038753
1001.68,1.61179,-0.0394596
1001.74,1.6125,-0.0401663
1001.8,1.6132,-0.0408728
1001.86,1.61391,-0.0415794
1001.92,1.61461,-0.0422858
1001.98,1.61532,-0.0429923
1002.04,1.61602,-0.0436987
1002.11,1.61672,-0.044405
1002.17,1.61743,-0.0451113
1002.24,1.61813,-0.0458176
1002.31,1.61884,-0.0465238
1002.37,1.61954,-0.04723
1002.44,1.62024,-0.0479361
1002.51,1.62095,-0.0486422
1002.58,1.62165,-0.0493482
1002.66,1.62235,-0.0500542
1002.73,1.62306,-0.0507601
1002.8,1.62376,-0.051466
1002.88,1.62446,-0.0521718
1002.96,1.62516,-0.0528775
1003.03,1.62587,-0.0535832
1003.11,1.62657,-0.0542889
1003.19,1.62727,-0.0549945
1003.27,1.62797,-0.0557
1003.35,1.62868,-0.0564055
1003.43,1.62938,-0.0571109
1003.52,1.63008,-0.0578163
1003.6,1.63078,-0.0585216
1003.69,1.63148,-0.0592269
1003.77,1.63218,-0.0599321
1003.86,1.63288,-0.0606372
1003.95,1.63359,-0.0613423
1004.04,1.63429,-0.0620473
1004.13,1.63499,-0.0627522
1004.22,1.63569,-0.0634571
1004.31,1.63639,-0.0641619
1004.4,1.63709,-0.0648666
1004.5,1.63779,-0.0655713
1004.59,1.63849,-0.0662759
1004.69,1.63919,-0.0669805
1004.78,1.63989,-0.067685
1004.88,1.64059,-0.0683894
1004.98,1.64129,-0.0690937
1005.08,1.64198,-0.069798
1005.18,1.64268,-0.0705022
1005.28,1.64338,-0.0712063
1005.39,1.64408,-0.0719104
1005.49,1.64478,-0.0726144
1005.6,1.64548,-0.0733183
1005.7,1.64617,-0.0740221
1005.81,1.64687,-0.0747259
1005.92,1.64757,-0.0754296
1006.03,1.64827,-0.0761332
1006.14,1.64896,-0.0768368
1006.25,1.64966,-0.0775402
1006.36,1.65036,-0.0782436
1006.47,1.65105,-0.0789469
1006.58,1.65175,-0.0796501
1006.7,1.65245,-0.0803533
1006.81,1.65314,-0.0810563
1006.93,1.65384,-0.0817593
1007.05,1.65453,-0.0824622
1007.17,1.65523,-0.083165
1007.29,1.65592,-0.0838678
1007.41,1.65662,-0.0845704
1007.53,1.65731,-0.085273
1007.65,1.65801,-0.0859755
1007.77,1.6587,-0.0866779
1007.9,1.6594,-0.0873802
1008.02,1.66009,-0.0880824
1008.15,1.66079,-0.0887845
1008.28,1.66148,-0.0894866
1008.41,1.66217,-0.0901885
1008.54,1.66286,-0.0908904
1008.67,1.66356,-0.0915922
1008.8,1.66425,-0.0922938
1008.93,1.66494,-0.0929954
1009.06,1.66563,-0.0936969
1009.2,1.66633,-0.0943983
1009.33,1.66702,-0.0950996
1009.47,1.66771,-0.0958008
1009.61,1.6684,-0.096502
1009.74,1.66909,-0.097203
1009.88,1.66978,-0.0979039
1010.02,1.67047,-0.0986047
1010.16,1.67116,-0.0993054
1010.31,1.67185,-0.100006
1010.45,1.67254,-0.100707
1010.59,1.67323,-0.101407
1010.74,1.67392,-0.102107
1010.88,1.67461,-0.102808
1011.03,1.6753,-0.103508
1011.18,1.67599,-0.104208
1011.33,1.67668,-0.104908
1011.48,1.67736,-0.105607
1011.63,1.67805,-0.106307
1011.78,1.67874,-0.107007
1011.93,1.67943,-0.107706
1012.09,1.68011,-0.108406
1012.24,1.6808,-0.109105
1012.4,1.68149,-0.109804
1012.55,1.68217,-0.110503
1012.71,1.68286,-0.111202
1012.87,1.68354,-0.111901
1013.03,1.68423,-0.1126
1013.19,1.68492,-0.113298
1013.35,1.6856,-0.113997
1013.51,1.68628,-0.114695
1013.67,1.68697,-0.115394
1013.84,1.68765,-0.116092
1014,1.68834,-0.11679
1014.17,1.68902,-0.117488
1014.34,1.6897,-0.118186
1014.5,1.69039,-0.118883
1014.67,1.69107,-0.119581
1014.84,1.69175,-0.120278
1015.01,1.69243,-0.120976
1015.19,1.69311,-0.121673
1015.36,1.6938,-0.12237
1015.53,1.69448,-0.123067
1015.71,1.69516,-0.123764
1015.88,1.69584,-0.124461
1016.06,1.69652,-0.125157
1016.24,1.6972,-0.125854
1016.42,1.69788,-0.12655
1016.6,1.69856,-0.127246
1016.78,1.69924,-0.127943
1016.96,1.69992,-0.128639
1017.14,1.70059,-0.129334
1017.32,1.70127,-0.13003
1017.51,1.70195,-0.130726
1017.69,1.70263,-0.131421
1017.88,1.7033,-0.132117
1018.06,1.70398,-0.132812
1018.25,1.70466,-0.133507
1018.44,1.70533,-0.134202
1018.63,1.70601,-0.134897
1018.82,1.70669,-0.135592
1019.01,1.70736,-0.136286
1019.21,1.70804,-0.136981
1019.4,1.70871,-0.137675
1019.6,1.70939,-0.138369
1019.79,1.71006,-0.139063
1019.99,1.71073,-0.139757
1020.19,1.71141,-0.140451
1020.38,1.71208,-0.141145
1020.58,1.71275,-0.141838
1020.78,1.71343,-0.142531
1020.98,1.7141,-0.143225
1021.19,1.71477,-0.143918
1021.39,1.71544,-0.144611
1021.59,1.71611,-0.145304
1021.8,1.71678,-0.145996
1022,1.71745,-0.146689
1022.21,1.71812,-0.147381
1022.42,1.71879,-0.148073
1022.63,1.71946,-0.148765
1022.84,1.72013,-0.149457
1023.05,1.7208,-0.150149
1023.26,1.72147,-0.150841
1023.47,1.72214,-0.151532
1023.69,1.7228,-0.152224
1023.9,1.72347,-0.152915
1024.12,1.72414,-0.153606
1024.33,1.7248,-0.154297
1024.55,1.72547,-0.154988
1024.77,1.72614,-0.155678
1024.99,1.7268,-0.156369
1025.21,1.72747,-0.157059
1025.43,1.72813,-0.157749
1025.65,1.7288,-0.158439
1025.87,1.72946,-0.159129
1026.09,1.73012,-0.159819
1026.32,1.73079,-0.160508
1026.54,1.73145,-0.161198
1026.77,1.73211,-0.161887
1027,1.73278,-0.162576
1027.23,1.73344,-0.163265
1027.46,1.7341,-0.163954
1027.69,1.73476,-0.164642
1027.92,1.73542,-0.165331
1028.15,1.73608,-0.166019
1028.38,1.73674,-0.166707
1028.62,1.7374,-0.167395
1028.85,1.73806,-0.168083
1029.09,1.73872,-0.168771
1029.32,1.73938,-0.169458
1029.56,1.74004,-0.170146
1029.8,1.74069,-0.170833
1030.04,1.74135,-0.17152
1030.28,1.74201,-0.172207
1030.52,1.74266,-0.172893
1030.76,1.74332,-0.17358
1031,1.74398,-0.174266
1031.25,1.74463,-0.174952
1031.49,1.74529,-0.175638
1031.74,1.74594,-0.176324
1031.98,1.7466,-0.17701
1032.23,1.74725,-0.177695
1032.48,1.7479,-0.178381
1032.73,1.74856,-0.179066
1032.98,1.74921,-0.179751
1033.23,1.74986,-0.180436
1033.48,1.75051,-0.18112
1033.74,1.75116,-0.181805
1033.99,1.75182,-0.182489
1034.24,1.75247,-0.183173
1034.5,1.75312,-0.183857
1034.76,1.75377,-0.184541
1035.01,1.75442,-0.185225
1035.27,1.75506,-0.185908
1035.53,1.75571,-0.186591
1035.79,1.75636,-0.187274
1036.05,1.75701,-0.187957
1036.31,1.75766,-0.18864
1036.58,1.7583,-0.189323
1036.84,1.75895,-0.190005
1037.11,1.7596,-0.190687
1037.37,1.76024,-0.191369
1037.64,1.76089,-0.192051
1037.9,1.76153,-0.192733
1038.17,1.76218,-0.193414
1038.44,1.76282,-0.194095
1038.71,1.76346,-0.194777
1038.98,1.76411,-0.195457
1039.25,1.76475,-0.196138
1039.53,1.76539,-0.196819
1039.8,1.76603,-0.197499
1040.08,1.76668,-0.198179
1040.35,1.76732,-0.198859
1040.63,1.76796,-0.199539
1040.9,1.7686,-0.200219
1041.18,1.76924,-0.200898
1041.46,1.76988,-0.201577
1041.74,1.77052,-0.202256
1042.02,1.77116,-0.202935
1042.3,1.77179,-0.203614
1042.59,1.77243,-0.204292
1042.87,1.77307,-0.204971
1043.15,1.7737,-0.205649
1043.44,1.77434,-0.206327
1043.72,1.77498,-0.207004
1044.01,1.77561,-0.207682
1044.3,1.77625,-0.208359
1044.59,1.77688,-0.209036
1044.88,1.77752,-0.209713
1045.17,1.77815,-0.21039
1045.46,1.77878,-0.211067
1045.75,1.77942,-0.211743
1046.04,1.78005,-0.212419
1046.34,1.78068,-0.213095
1046.63,1.78131,-0.213771
1046.93,1.78194,-0.214446
1047.22,1.78257,-0.215122
1047.52,1.7832,-0.215797
1047.82,1.78383,-0.216472
1048.12,1.78446,-0.217147
1048.42,1.78509,-0.217821
1048.72,1.78572,-0.218495
1049.02,1.78635,-0.21917
1049.32,1.78697,-0.219843
1049.63,1.7876,-0.220517
1049.93,1.78823,-0.221191
1050.24,1.78885,-0.221864
1050.54,1.78948,-0.222537
1050.85,1.7901,-0.22321
1051.16,1.79073,-0.223883
1051.47,1.79135,-0.224555
1051.78,1.79198,-0.225228
1052.09,1.7926,-0.2259
1052.4,1.79322,-0.226572
1052.71,1.79384,-0.227243
1053.02,1.79447,-0.227915
1053.34,1.79509,-0.228586
1053.65,1.79571,-0.229257
1053.97,1.79633,-0.229928
1054.28,1.79695,-0.230599
1054.6,1.79757,-0.231269
1054.92,1.79819,-0.231939
1055.24,1.79881,-0.232609
1055.56,1.79942,-0.233279
1055.88,1.80004,-0.233948
1056.2,1.80066,-0.234618
1056.52,1.80128,-0.235287
1056.84,1.80189,-0.235956
1057.17,1.80251,-0.236625
1057.49,1.80312,-0.237293
1057.82,1.80374,-0.237961
1058.14,1.80435,-0.238629
1058.47,1.80497,-0.239297
1058.8,1.80558,-0.239965
1059.13,1.80619,-0.240632
1059.46,1.8068,-0.241299
1059.79,1.80742,-0.241966
1060.12,1.80803,-0.242633
1060.45,1.80864,-0.2433
1060.79,1.80925,-0.243966
1061.12,1.80986,-0.244632
1061.46,1.81047,-0.245298
1061.79,1.81108,-0.245963
1062.13,1.81169,-0.246629
1062.46,1.81229,-0.247294
1062.8,1.8129,-0.247959
1063.14,1.81351,-0.248624
1063.48,1.81411,-0.249288
1063.82,1.81472,-0.249953
1064.16,1.81533,-0.250617
1064.51,1.81593,-0.25128
1064.85,1.81654,-0.251944
1065.19,1.81714,-0.252607
1065.54,1.81774,-0.253271
1065.88,1.81835,-0.253934
1066.23,1.81895,-0.254596
1066.58,1.81955,-0.255259
1066.93,1.82015,-0.255921
1067.28,1.82075,-0.256583
1067.63,1.82135,-0.257245
1067.98,1.82195,-0.257906
1068.33,1.82255,-0.258568
1068.68,1.82315,-0.259229
1069.03,1.82375,-0.25989
1069.39,1.82435,-0.26055
1069.74,1.82495,-0.261211
1070.1,1.82554,-0.261871
1070.45,1.82614,-0.262531
1070.81,1.82674,-0.26319
1071.17,1.82733,-0.26385
1071.53,1.82793,-0.264509
1071.89,1.82852,-0.265168
1072.25,1.82912,-0.265827
1072.61,1.82971,-0.266485
1072.97,1.8303,-0.267143
1073.33,1.83089,-0.267801
1073.7,1.83149,-0.268459
1074.06,1.83208,-0.269117
1074.43,1.83267,-0.269774
1074.79,1.83326,-0.270431
1075.16,1.83385,-0.271088
1075.53,1.83444,-0.271745
1075.9,1.83503,-0.272401
1076.27,1.83562,-0.273057
1076.64,1.8362,-0.273713
1077.01,1.83679,-0.274369
1077.38,1.83738,-0.275024
1077.75,1.83796,-0.275679
1078.12,1.83855,-0.276334
1078.5,1.83914,-0.276989
1078.87,1.83972,-0.277643
1079.25,1.8403,-0.278297
1079.63,1.84089,-0.278951
1080,1.84147,-0.279605
1080.38,1.84205,-0.280258
1080.76,1.84264,-0.280912
1081.14,1.84322,-0.281565
1081.52,1.8438,-0.282217
1081.9,1.84438,-0.28287
1082.28,1.84496,-0.283522
1082.67,1.84554,-0.284174
1083.05,1.84612,-0.284826
1083.43,1.8467,-0.285477
1083.82,1.84728,-0.286128
1084.21,1.84785,-0.286779
1084.59,1.84843,-0.28743
1084.98,1.84901,-0.28808
1085.37,1.84958,-0.288731
1085.76,1.85016,-0.28938
1086.15,1.85073,-0.29003
1086.54,1.85131,-0.29068
1086.93,1.85188,-0.291329
1087.32,1.85245,-0.291978
1087.71,1.85303,-0.292626
1088.11,1.8536,-0.293275
1088.5,1.85417,-0.293923
1088.9,1.85474,-0.294571
1089.29,1.85531,-0.295219
1089.69,1.85588,-0.295866
1090.09,1.85645,-0.296513
1090.49,1.85702,-0.29716
1090.89,1.85759,-0.297807
1091.29,1.85816,-0.298453
1091.69,1.85873,-0.299099
1092.09,1.85929,-0.299745
1092.49,1.85986,-0.300391
1092.89,1.86043,-0.301036
1093.3,1.86099,-0.301681
1093.7,1.86156,-0.302326
1094.11,1.86212,-0.302971
1094.51,1.86268,-0.303615
1094.92,1.86325,-0.304259
1095.33,1.86381,-0.304903
1095.74,1.86437,-0.305546
1096.15,1.86493,-0.30619
1096.56,1.8655,-0.306833
1096.97,1.86606,-0.307476
1097.38,1.86662,-0.308118
1097.79,1.86718,-0.30876
1098.2,1.86773,-0.309402
1098.62,1.86829,-0.310044
1099.03,1.86885,-0.310685
1099.45,1.86941,-0.311327
1099.86,1.86997,-0.311967
1100.28,1.87052,-0.312608
1100.7,1.87108,-0.313248
1101.12,1.87163,-0.313889
1101.53,1.87219,-0.314528
1101.95,1.87274,-0.315168
1102.37,1.8733,-0.315807
1102.8,1.87385,-0.316446
1103.22,1.8744,-0.317085
1103.64,1.87495,-0.317724
1104.06,1.8755,-0.318362
1104.49,1.87606,-0.319
1104.91,1.87661,-0.319638
1105.34,1.87716,-0.320275
1105.76,1.87771,-0.320912
1106.19,1.87825,-0.321549
1106.62,1.8788,-0.322186
1107.05,1.87935,-0.322822
1107.48,1.8799,-0.323458
1107.91,1.88044,-0.324094
1108.34,1.88099,-0.32473
1108.77,1.88154,-0.325365
1109.2,1.88208,-0.326
1109.64,1.88262,-0.326635
1110.07,1.88317,-0.327269
1110.5,1.88371,-0.327903
1110.94,1.88425,-0.328537
1111.38,1.8848,-0.329171
1111.81,1.88534,-0.329804
1112.25,1.88588,-0.330437
1112.69,1.88642,-0.33107
1113.13,1.88696,-0.331702
1113.57,1.8875,-0.332335
1114.01,1.88804,-0.332967
1114.45,1.88858,-0.333598
1114.89,1.88912,-0.33423
1115.33,1.88965,-0.334861
1115.77,1.89019,-0.335492
1116.22,1.89073,-0.336122
1116.66,1.89126,-0.336753
1117.11,1.8918,-0.337383
1117.55,1.89233,-0.338013
1118,1.89287,-0.338642
1118.45,1.8934,-0.339271
1118.9,1.89393,-0.3399
1119.35,1.89446,-0.340529
1119.8,1.895,-0.341157
1120.25,1.89553,-0.341785
1120.7,1.89606,-0.342413
1121.15,1.89659,-0.343041
1121.6,1.89712,-0.343668
1122.05,1.89765,-0.344295
1122.51,1.89818,-0.344921
1122.96,1.8987,-0.345548
1123.42,1.89923,-0.346174
1123.87,1.89976,-0.3468
1124.33,1.90029,-0.347425
1124.79,1.90081,-0.348051
1125.25,1.90134,-0.348675
1125.71,1.90186,-0.3493
1126.17,1.90239,-0.349925
1126.63,1.90291,-0.350549
1127.09,1.90343,-0.351173
1127.55,1.90396,-0.351796
1128.01,1.90448,-0.352419
1128.47,1.905,-0.353042
1128.94,1.90552,-0.353665
1129.4,1.90604,-0.354287
1129.87,1.90656,-0.35491
1130.33,1.90708,-0.355531
1130.8,1.9076,-0.356153
1131.27,1.90812,-0.356774
1131.73,1.90863,-0.357395
1132.2,1.90915,-0.358016
1132.67,1.90967,-0.358636
1133.14,1.91018,-0.359256
1133.61,1.9107,-0.359876
1134.08,1.91121,-0.360496
1134.56,1.91173,-0.361115
1135.03,1.91224,-0.361734
1135.5,1.91276,-0.362353
1135.98,1.91327,-0.362971
1136.45,1.91378,-0.363589
1136.93,1.91429,-0.364207
1137.4,1.9148,-0.364824
1137.88,1.91531,-0.365442
1138.36,1.91582,-0.366058
1138.83,1.91633,-0.366675
1139.31,1.91684,-0.367291
1139.79,1.91735,-0.367907
1140.27,1.91786,-0.368523
1140.75,1.91837,-0.369139
1141.24,1.91887,-0.369754
1141.72,1.91938,-0.370369
1142.2,1.91988,-0.370983
1142.68,1.92039,-0.371598
1143.17,1.92089,-0.372212
1143.65,1.9214,-0.372825
1144.14,1.9219,-0.373439
1144.62,1.9224,-0.374052
1145.11,1.92291,-0.374665
1145.6,1.92341,-0.375277
1146.09,1.92391,-0.375889
1146.58,1.92441,-0.376501
1147.07,1.92491,-0.377113
1147.56,1.92541,-0.377724
1148.05,1.92591,-0.378335
1148.54,1.92641,-0.378946
1149.03,1.92691,-0.379556
1149.52,1.9274,-0.380166
1150.02,1.9279,-0.380776
1150.51,1.9284,-0.381386
1151.01,1.92889,-0.381995
1151.5,1.92939,-0.382604
1152,1.92988,-0.383213
1152.49,1.93038,-0.383821
1152.99,1.93087,-0.384429
1153.49,1.93136,-0.385037
1153.99,1.93185,-0.385644
1154.49,1.93235,-0.386252
1154.99,1.93284,-0.386858
1155.49,1.93333,-0.387465
1155.99,1.93382,-0.388071
1156.49,1.93431,-0.388677
1156.99,1.9348,-0.389283
1157.5,1.93529,-0.389888
1158,1.93577,-0.390493
1158.51,1.93626,-0.391098
1159.01,1.93675,-0.391702
1159.52,1.93724,-0.392307
1160.02,1.93772,-0.39291
1160.53,1.93821,-0.393514
1161.04,1.93869,-0.394117
1161.55,1.93918,-0.39472
1162.06,1.93966,-0.395323
1162.57,1.94014,-0.395925
1163.08,1.94062,-0.396527
1163.59,1.94111,-0.397129
1164.1,1.94159,-0.39773
1164.61,1.94207,-0.398331
1165.12,1.94255,-0.398932
1165.64,1.94303,-0.399533
1166.15,1.94351,-0.400133
1166.67,1.94399,-0.400733
1167.18,1.94447,-0.401332
1167.7,1.94494,-0.401932
1168.21,1.94542,-0.402531
1168.73,1.9459,-0.403129
1169.25,1.94637,-0.403728
1169.77,1.94685,-0.404326
1170.29,1.94732,-0.404924
1170.81,1.9478,-0.405521
1171.33,1.94827,-0.406118
1171.85,1.94875,-0.406715
1172.37,1.94922,-0.407312
1172.89,1.94969,-0.407908
1173.41,1.95016,-0.408504
1173.94,1.95063,-0.409099
1174.46,1.9511,-0.409695
1174.99,1.95157,-0.41029
1175.51,1.95204,-0.410884
1176.04,1.95251,-0.411479
1176.57,1.95298,-0.412073
1177.09,1.95345,-0.412667
1177.62,1.95392,-0.41326
1178.15,1.95438,-0.413853
1178.68,1.95485,-0.414446
1179.21,1.95532,-0.415039
1179.74,1.95578,-0.415631
1180.27,1.95625,-0.416223
1180.8,1.95671,-0.416814
1181.33,1.95717,-0.417406
1181.86,1.95764,-0.417997
1182.4,1.9581,-0.418587
1182.93,1.95856,-0.419178
1183.47,1.95902,-0.419768
1184,1.95948,-0.420357
1184.54,1.95994,-0.420947
1185.07,1.9604,-0.421536
1185.61,1.96086,-0.422125
1186.15,1.96132,-0.422713
1186.69,1.96178,-0.423302
1187.22,1.96224,-0.423889
1187.76,1.96269,-0.424477
1188.3,1.96315,-0.425064
1188.84,1.96361,-0.425651
1189.38,1.96406,-0.426238
1189.93,1.96452,-0.426824
1190.47,1.96497,-0.42741
1191.01,1.96543,-0.427996
1191.56,1.96588,-0.428581
1192.1,1.96633,-0.429166
1192.64,1.96678,-0.429751
1193.19,1.96724,-0.430335
1193.73,1.96769,-0.43092
1194.28,1.96814,-0.431503
1194.83,1.96859,-0.432087
1195.38,1.96904,-0.43267
1195.92,1.96949,-0.433253
1196.47,1.96994,-0.433836
1197.02,1.97038,-0.434418
1197.57,1.97083,-0.435
1198.12,1.97128,-0.435581
1198.67,1.97172,-0.436163
1199.23,1.97217,-0.436744
1199.78,1.97262,-0.437324
1200.33,1.97306,-0.437905
1200.88,1.9735,-0.438485
1201.44,1.97395,-0.439064
1201.99,1.97439,-0.439644
1202.55,1.97483,-0.440223
1203.1,1.97528,-0.440802
1203.66,1.97572,-0.44138
1204.22,1.97616,-0.441958
1204.77,1.9766,-0.442536
1205.33,1.97704,-0.443114
1205.89,1.97748,-0.443691
1206.45,1.97792,-0.444268
1207.01,1.97836,-0.444844
1207.57,1.9788,-0.445421
1208.13,1.97923,-0.445996
1208.69,1.97967,-0.446572
1209.25,1.98011,-0.447147
1209.82,1.98054,-0.447722
1210.38,1.98098,-0.448297
1210.94,1.98141,-0.448871
1211.51,1.98185,-0.449445
1212.07,1.98228,-0.450019
1212.64,1.98271,-0.450592
1213.2,1.98315,-0.451166
1213.77,1.98358,-0.451738
1214.34,1.98401,-0.452311
1214.9,1.98444,-0.452883
1215.47,1.98487,-0.453455
1216.04,1.9853,-0.454026
1216.61,1.98573,-0.454597
1217.18,1.98616,-0.455168
1217.75,1.98659,-0.455739
1218.32,1.98702,-0.456309
1218.89,1.98744,-0.456879
1219.46,1.98787,-0.457448
1220.04,1.9883,-0.458018
1220.61,1.98872,-0.458587
1221.18,1.98915,-0.459155
1221.76,1.98957,-0.459723
1222.33,1.99,-0.460291
1222.91,1.99042,-0.460859
1223.48,1.99085,-0.461426
1224.06,1.99127,-0.461993
1224.64,1.99169,-0.46256
1225.21,1.99211,-0.463126
1225.79,1.99253,-0.463693
1226.37,1.99295,-0.464258
1226.95,1.99337,-0.464824
1227.53,1.99379,-0.465389
1228.11,1.99421,-0.465954
1228.69,1.99463,-0.466518
1229.27,1.99505,-0.467082
1229.85,1.99547,-0.467646
1230.44,1.99589,-0.468209
1231.02,1.9963,-0.468773
1231.6,1.99672,-0.469335
1232.19,1.99713,-0.469898
1232.77,1.99755,-0.47046
1233.36,1.99796,-0.471022
1233.94,1.99838,-0.471584
1234.53,1.99879,-0.472145
1235.11,1.9992,-0.472706
1235.7,1.99962,-0.473266
1236.29,2.00003,-0.473827
1236.88,2.00044,-0.474387
1237.47,2.00085,-0.474946
1238.06,2.00126,-0.475506
1238.65,2.00167,-0.476065
1239.24,2.00208,-0.476623
1239.83,2.00249,-0.477182
1240.42,2.0029,-0.47774
1241.01,2.00331,-0.478297
1241.6,2.00371,-0.478855
1242.2,2.00412,-0.479412
1242.79,2.00453,-0.479969
1243.38,2.00493,-0.480525
1243.98,2.00534,-0.481081
1244.57,2.00574,-0.481637
1245.17,2.00615,-0.482192
1245.76,2.00655,-0.482747
1246.36,2.00695,-0.483302
1246.96,2.00736,-0.483857
1247.56,2.00776,-0.484411
1248.15,2.00816,-0.484965
1248.75,2.00856,-0.485518
1249.35,2.00896,-0.486071
1249.95,2.00936,-0.486624
1250.55,2.00976,-0.487177
1251.15,2.01016,-0.487729
1251.75,2.01056,-0.488281
1252.36,2.01096,-0.488832
1252.96,2.01136,-0.489384
1253.56,2.01176,-0.489935
1254.16,2.01215,-0.490485
1254.77,2.01255,-0.491035
1255.37,2.01295,-0.491585
1255.98,2.01334,-0.492135
1256.58,2.01374,-0.492684
1257.19,2.01413,-0.493233
1257.79,2.01452,-0.493782
1258.4,2.01492,-0.49433
1259.01,2.01531,-0.494878
1259.62,2.0157,-0.495426
1260.22,2.01609,-0.495973
1260.83,2.01649,-0.49652
1261.44,2.01688,-0.497067
1262.05,2.01727,-0.497614
1262.66,2.01766,-0.49816
1263.27,2.01805,-0.498705
1263.88,2.01844,-0.499251
1264.5,2.01882,-0.499796
1265.11,2.01921,-0.500341
1265.72,2.0196,-0.500885
1266.33,2.01999,-0.501429
1266.95,2.02037,-0.501973
1267.56,2.02076,-0.502516
1268.18,2.02114,-0.50306
1268.79,2.02153,-0.503602
1269.41,2.02191,-0.504145
1270.02,2.0223,-0.504687
1270.64,2.02268,-0.505229
1271.26,2.02306,-0.505771
1271.88,2.02345,-0.506312
1272.49,2.02383,-0.506853
1273.11,2.02421,-0.507393
1273.73,2.02459,-0.507933
1274.35,2.02497,-0.508473
1274.97,2.02535,-0.509013
1275.59,2.02573,-0.509552
1276.21,2.02611,-0.510091
1276.83,2.02649,-0.51063
1277.46,2.02687,-0.511168
1278.08,2.02725,-0.511706
1278.7,2.02762,-0.512244
1279.32,2.028,-0.512781
1279.95,2.02838,-0.513318
1280.57,2.02875,-0.513854
1281.2,2.02913,-0.514391
1281.82,2.0295,-0.514927
1282.45,2.02988,-0.515463
1283.08,2.03025,-0.515998
1283.7,2.03062,-0.516533
1284.33,2.031,-0.517068
1284.96,2.03137,-0.517602
1285.59,2.03174,-0.518136
1286.21,2.03211,-0.51867
1286.84,2.03248,-0.519203
1287.47,2.03285,-0.519736
1288.1,2.03322,-0.520269
1288.73,2.03359,-0.520801
1289.36,2.03396,-0.521334
1290,2.03433,-0.521865
1290.63,2.0347,-0.522397
1291.26,2.03507,-0.522928
1291.89,2.03543,-0.523459
1292.53,2.0358,-0.523989
1293.16,2.03617,-0.524519
1293.79,2.03653,-0.525049
1294.43,2.0369,-0.525579
1295.06,2.03726,-0.526108
1295.7,2.03763,-0.526637
1296.34,2.03799,-0.527165
1296.97,2.03836,-0.527694
1297.61,2.03872,-0.528222
1298.25,2.03908,-0.528749
1298.88,2.03944,-0.529276
1299.52,2.0398,-0.529803
1300.16,2.04017,-0.53033
1300.8,2.04053,-0.530856
1301.44,2.04089,-0.531382
1302.08,2.04125,-0.531908
1302.72,2.04161,-0.532433
1303.36,2.04196,-0.532958
1304,2.04232,-0.533483
1304.65,2.04268,-0.534007
1305.29,2.04304,-0.534531
1305.93,2.04339,-0.535054
1306.58,2.04375,-0.535578
1307.22,2.04411,-0.536101
1307.86,2.04446,-0.536624
1308.51,2.04482,-0.537146
1309.15,2.04517,-0.537668
1309.8,2.04553,-0.53819
1310.44,2.04588,-0.538711
1311.09,2.04623,-0.539232
1311.74,2.04659,-0.539753
1312.39,2.04694,-0.540273
1313.03,2.04729,-0.540793
1313.68,2.04764,-0.541313
1314.33,2.04799,-0.541833
1314.98,2.04834,-0.542352
1315.63,2.04869,-0.542871
1316.28,2.04904,-0.543389
1316.93,2.04939,-0.543907
1317.58,2.04974,-0.544425
1318.23,2.05009,-0.544942
1318.88,2.05044,-0.54546
1319.54,2.05078,-0.545977
1320.19,2.05113,-0.546493
1320.84,2.05148,-0.547009
1321.49,2.05182,-0.547525
1322.15,2.05217,-0.548041
1322.8,2.05251,-0.548556
1323.46,2.05286,-0.549071
1324.11,2.0532,-0.549585
1324.77,2.05355,-0.5501
1325.42,2.05389,-0.550614
1326.08,2.05423,-0.551127
1326.74,2.05457,-0.55164
1327.4,2.05492,-0.552153
1328.05,2.05526,-0.552666
1328.71,2.0556,-0.553178
1329.37,2.05594,-0.55369
1330.03,2.05628,-0.554202
1330.69,2.05662,-0.554713
1331.35,2.05696,-0.555224
1332.01,2.0573,-0.555735
1332.67,2.05764,-0.556246
1333.33,2.05797,-0.556756
1333.99,2.05831,-0.557265
1334.65,2.05865,-0.557775
1335.32,2.05898,-0.558284
1335.98,2.05932,-0.558793
1336.64,2.05966,-0.559301
1337.31,2.05999,-0.559809
1337.97,2.06033,-0.560317
1338.64,2.06066,-0.560824
1339.3,2.06099,-0.561331
1339.97,2.06133,-0.561838
1340.63,2.06166,-0.562345
1341.3,2.06199,-0.562851
1341.96,2.06233,-0.563357
1342.63,2.06266,-0.563862
1343.3,2.06299,-0.564368
1343.97,2.06332,-0.564872
1344.64,2.06365,-0.565377
1345.3,2.06398,-0.565881
1345.97,2.06431,-0.566385
1346.64,2.06464,-0.566889
1347.31,2.06497,-0.567392
1347.98,2.0653,-0.567895
1348.65,2.06562,-0.568398
1349.32,2.06595,-0.5689
1350,2.06628,-0.569402
1350.67,2.06661,-0.569904
1351.34,2.06693,-0.570405
1352.01,2.06726,-0.570906
1352.69,2.06758,-0.571407
1353.36,2.06791,-0.571907
1354.03,2.06823,-0.572407
1354.71,2.06856,-0.572907
1355.38,2.06888,-0.573406
1356.06,2.0692,-0.573905
1356.73,2.06952,-0.574404
1357.41,2.06985,-0.574902
1358.09,2.07017,-0.5754
1358.76,2.07049,-0.575898
1359.44,2.07081,-0.576396
1360.12,2.07113,-0.576893
1360.8,2.07145,-0.57739
1361.47,2.07177,-0.577886
1362.15,2.07209,-0.578382
1362.83,2.07241,-0.578878
1363.51,2.07273,-0.579374
1364.19,2.07305,-0.579869
1364.87,2.07336,-0.580364
1365.55,2.07368,-0.580859
1366.23,2.074,-0.581353
1366.92,2.07431,-0.581847
1367.6,2.07463,-0.58234
1368.28,2.07495,-0.582834
1368.96,2.07526,-0.583327
1369.65,2.07558,-0.583819
1370.33,2.07589,-0.584312
1371.01,2.0762,-0.584804
1371.7,2.07652,-0.585295
1372.38,2.07683,-0.585787
1373.07,2.07714,-0.586278
1373.75,2.07746,-0.586769
1374.44,2.07777,-0.587259
1375.12,2.07808,-0.587749
1375.81,2.07839,-0.588239
1376.5,2.0787,-0.588728
1377.19,2.07901,-0.589218
1377.87,2.07932,-0.589706
1378.56,2.07963,-0.590195
1379.25,2.07994,-0.590683
1379.94,2.08025,-0.591171
1380.63,2.08055,-0.591658
1381.32,2.08086,-0.592146
1382.01,2.08117,-0.592633
1382.7,2.08148,-0.593119
1383.39,2.08178,-0.593605
1384.08,2.08209,-0.594091
1384.77,2.08239,-0.594577
1385.46,2.0827,-0.595062
1386.16,2.083,-0.595547
1386.85,2.08331,-0.596032
1387.54,2.08361,-0.596516
1388.23,2.08392,-0.597
1388.93,2.08422,-0.597484
1389.62,2.08452,-0.597968
1390.32,2.08483,-0.598451
1391.01,2.08513,-0.598933
1391.71,2.08543,-0.599416
1392.4,2.08573,-0.599898
1393.1,2.08603,-0.60038
1393.8,2.08633,-0.600861
1394.49,2.08663,-0.601343
1395.19,2.08693,-0.601823
1395.89,2.08723,-0.602304
1396.58,2.08753,-0.602784
1397.28,2.08783,-0.603264
1397.98,2.08813,-0.603744
1398.68,2.08842,-0.604223
1399.38,2.08872,-0.604702
1400.08,2.08902,-0.605181
1400.78,2.08931,-0.605659
1401.48,2.08961,-0.606137
1402.18,2.08991,-0.606615
1402.88,2.0902,-0.607092
1403.58,2.0905,-0.607569
1404.29,2.09079,-0.608046
1404.99,2.09108,-0.608522
1405.69,2.09138,-0.608998
1406.39,2.09167,-0.609474
1407.1,2.09196,-0.60995
1407.8,2.09226,-0.610425
1408.5,2.09255,-0.6109
1409.21,2.09284,-0.611374
1409.91,2.09313,-0.611849
1410.62,2.09342,-0.612322
1411.32,2.09371,-0.612796
1412.03,2.094,-0.613269
1412.74,2.09429,-0.613742
1413.44,2.09458,-0.614215
1414.15,2.09487,-0.614687
1414.86,2.09516,-0.615159
1415.56,2.09545,-0.615631
1416.27,2.09574,-0.616102
1416.98,2.09602,-0.616573
1417.69,2.09631,-0.617044
1418.4,2.0966,-0.617515
1419.11,2.09688,-0.617985
1419.82,2.09717,-0.618455
1420.53,2.09746,-0.618924
1421.24,2.09774,-0.619393
1421.95,2.09803,-0.619862
1422.66,2.09831,-0.620331
1423.37,2.09859,-0.620799
1424.08,2.09888,-0.621267
1424.79,2.09916,-0.621735
1425.51,2.09944,-0.622202
1426.22,2.09973,-0.622669
1426.93,2.10001,-0.623136
1427.65,2.10029,-0.623602
1428.36,2.10057,-0.624068
1429.07,2.10085,-0.624534
1429.79,2.10113,-0.624999
1430.5,2.10141,-0.625464
1431.22,2.10169,-0.625929
1431.93,2.10197,-0.626394
1432.65,2.10225,-0.626858
1433.37,2.10253,-0.627322
1434.08,2.10281,-0.627785
1434.8,2.10309,-0.628249
1435.52,2.10337,-0.628712
1436.23,2.10364,-0.629174
1436.95,2.10392,-0.629637
1437.67,2.1042,-0.630099
1438.39,2.10447,-0.63056
1439.11,2.10475,-0.631022
1439.83,2.10502,-0.631483
1440.55,2.1053,-0.631944
1441.27,2.10557,-0.632404
1441.99,2.10585,-0.632864
1442.71,2.10612,-0.633324
1443.43,2.1064,-0.633784
1444.15,2.10667,-0.634243
1444.87,2.10694,-0.634702
1445.59,2.10721,-0.63516
1446.32,2.10749,-0.635619
1447.04,2.10776,-0.636077
1447.76,2.10803,-0.636534
1448.48,2.1083,-0.636992
1449.21,2.10857,-0.637449
1449.93,2.10884,-0.637905
1450.66,2.10911,-0.638362
1451.38,2.10938,-0.638818
1452.11,2.10965,-0.639274
1452.83,2.10992,-0.639729
1453.56,2.11019,-0.640185
1454.28,2.11046,-0.640639
1455.01,2.11072,-0.641094
1455.74,2.11099,-0.641548
1456.46,2.11126,-0.642002
1457.19,2.11152,-0.642456
1457.92,2.11179,-0.642909
1458.64,2.11206,-0.643362
1459.37,2.11232,-0.643815
1460.1,2.11259,-0.644268
1460.83,2.11285,-0.64472
1461.56,2.11312,-0.645171
1462.29,2.11338,-0.645623
1463.02,2.11365,-0.646074
1463.75,2.11391,-0.646525
1464.48,2.11417,-0.646976
1465.21,2.11444,-0.647426
1465.94,2.1147,-0.647876
1466.67,2.11496,-0.648326
1467.4,2.11522,-0.648775
1468.14,2.11548,-0.649224
1468.87,2.11574,-0.649673
1469.6,2.11601,-0.650121
1470.33,2.11627,-0.650569
1471.07,2.11653,-0.651017
1471.8,2.11679,-0.651465
1472.53,2.11704,-0.651912
1473.27,2.1173,-0.652359
1474,2.11756,-0.652806
1474.74,2.11782,-0.653252
1475.47,2.11808,-0.653698
1476.21,2.11834,-0.654144
1476.94,2.11859,-0.654589
1477.68,2.11885,-0.655034
1478.42,2.11911,-0.655479
1479.15,2.11936,-0.655923
1479.89,2.11962,-0.656368
1480.63,2.11987,-0.656812
1481.36,2.12013,-0.657255
1482.1,2.12038,-0.657698
1482.84,2.12064,-0.658141
1483.58,2.12089,-0.658584
1484.32,2.12115,-0.659026
1485.06,2.1214,-0.659469
1485.8,2.12165,-0.65991
1486.54,2.12191,-0.660352
1487.28,2.12216,-0.660793
1488.02,2.12241,-0.661234
1488.76,2.12266,-0.661674
1489.5,2.12292,-0.662115
1490.24,2.12317,-0.662555
1490.98,2.12342,-0.662994
1491.72,2.12367,-0.663434
1492.46,2.12392,-0.663873
1493.21,2.12417,-0.664311
1493.95,2.12442,-0.66475
1494.69,2.12467,-0.665188
1495.44,2.12491,-0.665626
1496.18,2.12516,-0.666063
1496.92,2.12541,-0.666501
1497.67,2.12566,-0.666938
1498.41,2.12591,-0.667374
1499.16,2.12615,-0.667811
1499.9,2.1264,-0.668247
1500.65,2.12665,-0.668682
1501.39,2.12689,-0.669118
1502.14,2.12714,-0.669553
1502.89,2.12738,-0.669988
1503.63,2.12763,-0.670422
1504.38,2.12787,-0.670857
1505.13,2.12812,-0.671291
1505.87,2.12836,-0.671724
1506.62,2.12861,-0.672158
1507.37,2.12885,-0.672591
1508.12,2.12909,-0.673023
1508.87,2.12934,-0.673456
1509.62,2.12958,-0.673888
1510.37,2.12982,-0.67432
1511.11,2.13006,-0.674751
1511.86,2.1303,-0.675183
1512.61,2.13055,-0.675614
1513.37,2.13079,-0.676044
1514.12,2.13103,-0.676475
1514.87,2.13127,-0.676905
1515.62,2.13151,-0.677335
1516.37,2.13175,-0.677764
1517.12,2.13199,-0.678193
1517.87,2.13223,-0.678622
1518.63,2.13246,-0.679051
1519.38,2.1327,-0.679479
1520.13,2.13294,-0.679907
1520.89,2.13318,-0.680335
1521.64,2.13342,-0.680762
1522.39,2.13365,-0.681189
1523.15,2.13389,-0.681616
1523.9,2.13413,-0.682043
1524.66,2.13436,-0.682469
1525.41,2.1346,-0.682895
1526.17,2.13483,-0.68332
1526.92,2.13507,-0.683746
1527.68,2.1353,-0.684171
1528.43,2.13554,-0.684596
1529.19,2.13577,-0.68502
1529.95,2.13601,-0.685444
1530.7,2.13624,-0.685868
1531.46,2.13647,-0.686292
1532.22,2.13671,-0.686715
1532.98,2.13694,-0.687138
1533.73,2.13717,-0.687561
1534.49,2.1374,-0.687983
1535.25,2.13764,-0.688405
1536.01,2.13787,-0.688827
1536.77,2.1381,-0.689249
1537.53,2.13833,-0.68967
1538.29,2.13856,-0.690091
1539.05,2.13879,-0.690511
1539.81,2.13902,-0.690932
1540.57,2.13925,-0.691352
1541.33,2.13948,-0.691772
1542.09,2.13971,-0.692191
1542.85,2.13994,-0.69261
1543.61,2.14017,-0.693029
1544.38,2.14039,-0.693448
1545.14,2.14062,-0.693866
1545.9,2.14085,-0.694284
1546.66,2.14108,-0.694702
1547.43,2.1413,-0.695119
1548.19,2.14153,-0.695537
1548.95,2.14176,-0.695954
1549.72,2.14198,-0.69637
1550.48,2.14221,-0.696786
1551.24,2.14243,-0.697202
1552.01,2.14266,-0.697618
1552.77,2.14288,-0.698034
1553.54,2.14311,-0.698449
1554.3,2.14333,-0.698864
1555.07,2.14355,-0.699278
1555.84,2.14378,-0.699692
1556.6,2.144,-0.700106
1557.37,2.14422,-0.70052
1558.14,2.14445,-0.700933
1558.9,2.14467,-0.701347
1559.67,2.14489,-0.701759
1560.44,2.14511,-0.702172
1561.2,2.14533,-0.702584
1561.97,2.14556,-0.702996
1562.74,2.14578,-0.703408
1563.51,2.146,-0.703819
1564.28,2.14622,-0.70423
1565.05,2.14644,-0.704641
1565.82,2.14666,-0.705052
1566.59,2.14688,-0.705462
1567.36,2.1471,-0.705872
1568.13,2.14731,-0.706282
1568.9,2.14753,-0.706691
1569.67,2.14775,-0.7071
1570.44,2.14797,-0.707509
1571.21,2.14819,-0.707918
1571.98,2.1484,-0.708326
1572.75,2.14862,-0.708734
1573.52,2.14884,-0.709141
1574.3,2.14905,-0.709549
1575.07,2.14927,-0.709956
1575.84,2.14949,-0.710363
1576.61,2.1497,-0.710769
1577.39,2.14992,-0.711176
1578.16,2.15013,-0.711582
1578.94,2.15035,-0.711987
1579.71,2.15056,-0.712393
1580.48,2.15078,-0.712798
1581.26,2.15099,-0.713203
1582.03,2.1512,-0.713607
1582.81,2.15142,-0.714011
1583.58,2.15163,-0.714415
1584.36,2.15184,-0.714819
1585.13,2.15206,-0.715223
1585.91,2.15227,-0.715626
1586.69,2.15248,-0.716029
1587.46,2.15269,-0.716431
1588.24,2.1529,-0.716833
1589.02,2.15311,-0.717235
1589.79,2.15333,-0.717637
1590.57,2.15354,-0.718039
1591.35,2.15375,-0.71844
1592.13,2.15396,-0.718841
1592.9,2.15417,-0.719241
1593.68,2.15438,-0.719642
1594.46,2.15458,-0.720042
1595.24,2.15479,-0.720441
1596.02,2.155,-0.720841
1596.8,2.15521,-0.72124
1597.58,2.15542,-0.721639
1598.36,2.15563,-0.722038
1599.14,2.15583,-0.722436
1599.92,2.15604,-0.722834
1600.7,2.15625,-0.723232
1601.48,2.15645,-0.72363
1602.26,2.15666,-0.724027
1603.04,2.15687,-0.724424
1603.83,2.15707,-0.724821
1604.61,2.15728,-0.725217
1605.39,2.15748,-0.725613
1606.17,2.15769,-0.726009
1606.95,2.15789,-0.726405
1607.74,2.1581,-0.7268
1608.52,2.1583,-0.727195
1609.3,2.15851,-0.72759
1610.09,2.15871,-0.727984
1610.87,2.15891,-0.728378
1611.66,2.15912,-0.728772
1612.44,2.15932,-0.729166
1613.22,2.15952,-0.729559
1614.01,2.15972,-0.729952
1614.79,2.15993,-0.730345
1615.58,2.16013,-0.730738
1616.37,2.16033,-0.73113
1617.15,2.16053,-0.731522
1617.94,2.16073,-0.731914
1618.72,2.16093,-0.732305
1619.51,2.16113,-0.732696
1620.3,2.16133,-0.733087
1621.08,2.16153,-0.733478
1621.87,2.16173,-0.733868
1622.66,2.16193,-0.734258
1623.45,2.16213,-0.734648
1624.23,2.16233,-0.735038
1625.02,2.16253,-0.735427
1625.81,2.16273,-0.735816
1626.6,2.16293,-0.736204
1627.39,2.16312,-0.736593
1628.18,2.16332,-0.736981
1628.97,2.16352,-0.737369
1629.75,2.16371,-0.737757
1630.54,2.16391,-0.738144
1631.33,2.16411,-0.738531
1632.12,2.1643,-0.738918
1632.91,2.1645,-0.739304
1633.71,2.1647,-0.73969
1634.5,2.16489,-0.740076
1635.29,2.16509,-0.740462
1636.08,2.16528,-0.740848
1636.87,2.16548,-0.741233
1637.66,2.16567,-0.741618
1638.45,2.16587,-0.742002
1639.25,2.16606,-0.742387
1640.04,2.16625,-0.742771
1640.83,2.16645,-0.743154
1641.62,2.16664,-0.743538
1642.42,2.16683,-0.743921
1643.21,2.16703,-0.744304
1644,2.16722,-0.744687
1644.8,2.16741,-0.745069
1645.59,2.1676,-0.745452
1646.39,2.16779,-0.745834
1647.18,2.16798,-0.746215
1647.98,2.16818,-0.746597
1648.77,2.16837,-0.746978
1649.57,2.16856,-0.747359
1650.36,2.16875,-0.747739
1651.16,2.16894,-0.748119
1651.95,2.16913,-0.748499
1652.75,2.16932,-0.748879
1653.54,2.16951,-0.749259
1654.34,2.1697,-0.749638
1655.14,2.16988,-0.750017
1655.93,2.17007,-0.750396
1656.73,2.17026,-0.750774
1657.53,2.17045,-0.751152
1658.33,2.17064,-0.75153
1659.12,2.17083,-0.751908
1659.92,2.17101,-0.752285
1660.72,2.1712,-0.752662
1661.52,2.17139,-0.753039
1662.32,2.17157,-0.753416
1663.12,2.17176,-0.753792
1663.92,2.17195,-0.754168
1664.72,2.17213,-0.754544
1665.51,2.17232,-0.754919
1666.31,2.1725,-0.755295
1667.11,2.17269,-0.755669
1667.91,2.17287,-0.756044
1668.72,2.17306,-0.756419
1669.52,2.17324,-0.756793
1670.32,2.17343,-0.757167
1671.12,2.17361,-0.75754
1671.92,2.17379,-0.757914
1672.72,2.17398,-0.758287
1673.52,2.17416,-0.75866
1674.32,2.17434,-0.759032
1675.13,2.17453,-0.759405
1675.93,2.17471,-0.759777
1676.73,2.17489,-0.760149
1677.53,2.17507,-0.76052
1678.34,2.17526,-0.760892
1679.14,2.17544,-0.761263
1679.94,2.17562,-0.761633
1680.75,2.1758,-0.762004
1681.55,2.17598,-0.762374
1682.35,2.17616,-0.762744
1683.16,2.17634,-0.763114
1683.96,2.17652,-0.763483
1684.77,2.1767,-0.763852
1685.57,2.17688,-0.764221
1686.38,2.17706,-0.76459
1687.18,2.17724,-0.764958
1687.99,2.17742,-0.765327
1688.79,2.1776,-0.765695
1689.6,2.17778,-0.766062
1690.41,2.17796,-0.76643
1691.21,2.17813,-0.766797
1692.02,2.17831,-0.767164
1692.83,2.17849,-0.76753
1693.63,2.17867,-0.767896
1694.44,2.17884,-0.768263
1695.25,2.17902,-0.768628
1696.06,2.1792,-0.768994
1696.86,2.17937,-0.769359
1697.67,2.17955,-0.769724
1698.48,2.17973,-0.770089
1699.29,2.1799,-0.770454
1700.1,2.18008,-0.770818
1700.9,2.18025,-0.771182
1701.71,2.18043,-0.771546
1702.52,2.1806,-0.771909
1703.33,2.18078,-0.772273
1704.14,2.18095,-0.772636
1704.95,2.18112,-0.772998
1705.76,2.1813,-0.773361
1706.57,2.18147,-0.773723
1707.38,2.18165,-0.774085
1708.19,2.18182,-0.774447
1709,2.18199,-0.774808
1709.81,2.18217,-0.775169
1710.63,2.18234,-0.77553
1711.44,2.18251,-0.775891
1712.25,2.18268,-0.776251
1713.06,2.18285,-0.776612
1713.87,2.18303,-0.776972
1714.68,2.1832,-0.777331
1715.5,2.18337,-0.777691
1716.31,2.18354,-0.77805
1717.12,2.18371,-0.778409
1717.94,2.18388,-0.778767
1718.75,2.18405,-0.779126
1719.56,2.18422,-0.779484
1720.38,2.18439,-0.779842
1721.19,2.18456,-0.780199
1722,2.18473,-0.780557
1722.82,2.1849,-0.780914
1723.63,2.18507,-0.781271
1724.45,2.18524,-0.781628
1725.26,2.18541,-0.781984
1726.08,2.18557,-0.78234
1726.89,2.18574,-0.782696
1727.71,2.18591,-0.783052
1728.52,2.18608,-0.783407
1729.34,2.18625,-0.783762
1730.15,2.18641,-0.784117
1730.97,2.18658,-0.784472
1731.79,2.18675,-0.784826
1732.6,2.18691,-0.78518
1733.42,2.18708,-0.785534
1734.24,2.18725,-0.785888
1735.05,2.18741,-0.786241
1735.87,2.18758,-0.786594
1736.69,2.18774,-0.786947
1737.51,2.18791,-0.7873
1738.32,2.18807,-0.787652
1739.14,2.18824,-0.788004
1739.96,2.1884,-0.788356
1740.78,2.18857,-0.788708
1741.6,2.18873,-0.789059
1742.42,2.1889,-0.78941
1743.23,2.18906,-0.789761
1744.05,2.18922,-0.790112
1744.87,2.18939,-0.790462
1745.69,2.18955,-0.790812
1746.51,2.18971,-0.791162
1747.33,2.18988,-0.791512
1748.15,2.19004,-0.791861
1748.97,2.1902,-0.79221
1749.79,2.19036,-0.792559
1750.61,2.19052,-0.792908
1751.43,2.19069,-0.793256
1752.26,2.19085,-0.793604
1753.08,2.19101,-0.793952
1753.9,2.19117,-0.7943
1754.72,2.19133,-0.794647
1755.54,2.19149,-0.794995
1756.36,2.19165,-0.795342
1757.19,2.19181,-0.795688
1758.01,2.19197,-0.796035
1758.83,2.19213,-0.796381
1759.65,2.19229,-0.796727
1760.48,2.19245,-0.797073
1761.3,2.19261,-0.797418
1762.12,2.19277,-0.797763
1762.95,2.19293,-0.798108
1763.77,2.19309,-0.798453
1764.59,2.19325,-0.798798
1765.42,2.1934,-0.799142
1766.24,2.19356,-0.799486
1767.07,2.19372,-0.79983
1767.89,2.19388,-0.800173
1768.72,2.19403,-0.800516
1769.54,2.19419,-0.800859
1770.36,2.19435,-0.801202
1771.19,2.19451,-0.801545
1772.02,2.19466,-0.801887
1772.84,2.19482,-0.802229
1773.67,2.19497,-0.802571
1774.49,2.19513,-0.802913
1775.32,2.19529,-0.803254
1776.15,2.19544,-0.803595
1776.97,2.1956,-0.803936
1777.8,2.19575,-0.804277
1778.63,2.19591,-0.804617
1779.45,2.19606,-0.804957
1780.28,2.19622,-0.805297
1781.11,2.19637,-0.805637
1781.93,2.19653,-0.805976
1782.76,2.19668,-0.806315
1783.59,2.19683,-0.806654
1784.42,2.19699,-0.806993
1785.25,2.19714,-0.807331
1786.08,2.19729,-0.80767
1786.9,2.19745,-0.808008
1787.73,2.1976,-0.808345
1788.56,2.19775,-0.808683
1789.39,2.1979,-0.80902
1790.22,2.19806,-0.809357
1791.05,2.19821,-0.809694
1791.88,2.19836,-0.810031
1792.71,2.19851,-0.810367
1793.54,2.19866,-0.810703
1794.37,2.19881,-0.811039
1795.2,2.19897,-0.811374
1796.03,2.19912,-0.81171
1796.86,2.19927,-0.812045
1797.69,2.19942,-0.81238
1798.52,2.19957,-0.812715
1799.35,2.19972,-0.813049
1800.19,2.19987,-0.813383
1801.02,2.20002,-0.813717
1801.85,2.20017,-0.814051
1802.68,2.20032,-0.814384
1803.51,2.20047,-0.814718
1804.34,2.20061,-0.815051
1805.18,2.20076,-0.815383
1806.01,2.20091,-0.815716
1806.84,2.20106,-0.816048
1807.68,2.20121,-0.81638
1808.51,2.20136,-0.816712
1809.34,2.2015,-0.817044
1810.18,2.20165,-0.817375
1811.01,2.2018,-0.817706
1811.84,2.20195,-0.818037
1812.68,2.20209,-0.818368
1813.51,2.20224,-0.818698
1814.35,2.20239,-0.819029
1815.18,2.20253,-0.819359
1816.01,2.20268,-0.819688
1816.85,2.20283,-0.820018
1817.68,2.20297,-0.820347
1818.52,2.20312,-0.820676
1819.35,2.20326,-0.821005
1820.19,2.20341,-0.821334
1821.03,2.20355,-0.821662
1821.86,2.2037,-0.82199
1822.7,2.20384,-0.822318
1823.53,2.20399,-0.822646
1824.37,2.20413,-0.822973
1825.21,2.20428,-0.8233
1826.04,2.20442,-0.823627
1826.88,2.20457,-0.823954
1827.72,2.20471,-0.82428
1828.55,2.20485,-0.824607
1829.39,2.205,-0.824933
1830.23,2.20514,-0.825259
1831.07,2.20528,-0.825584
1831.9,2.20543,-0.825909
1832.74,2.20557,-0.826235
1833.58,2.20571,-0.826559
1834.42,2.20585,-0.826884
1835.26,2.20599,-0.827209
1836.09,2.20614,-0.827533
1836.93,2.20628,-0.827857
1837.77,2.20642,-0.828181
1838.61,2.20656,-0.828504
1839.45,2.2067,-0.828827
1840.29,2.20684,-0.82915
1841.13,2.20698,-0.829473
1841.97,2.20713,-0.829796
1842.81,2.20727,-0.830118
1843.65,2.20741,-0.830441
1844.49,2.20755,-0.830762
1845.33,2.20769,-0.831084
1846.17,2.20783,-0.831406
1847.01,2.20797,-0.831727
1847.85,2.2081,-0.832048
1848.69,2.20824,-0.832369
1849.53,2.20838,-0.832689
1850.37,2.20852,-0.83301
1851.22,2.20866,-0.83333
1852.06,2.2088,-0.83365
1852.9,2.20894,-0.833969
1853.74,2.20908,-0.834289
1854.58,2.20921,-0.834608
1855.43,2.20935,-0.834927
1856.27,2.20949,-0.835246
1857.11,2.20963,-0.835564
1857.95,2.20976,-0.835883
1858.8,2.2099,-0.836201
1859.64,2.21004,-0.836519
1860.48,2.21018,-0.836836
1861.33,2.21031,-0.837154
1862.17,2.21045,-0.837471
1863.01,2.21058,-0.837788
1863.86,2.21072,-0.838105
1864.7,2.21086,-0.838421
1865.54,2.21099,-0.838738
1866.39,2.21113,-0.839054
1867.23,2.21126,-0.83937
1868.08,2.2114,-0.839685
1868.92,2.21153,-0.840001
1869.77,2.21167,-0.840316
1870.61,2.2118,-0.840631
1871.46,2.21194,-0.840946
1872.3,2.21207,-0.84126
1873.15,2.21221,-0.841575
1873.99,2.21234,-0.841889
1874.84,2.21248,-0.842203
1875.68,2.21261,-0.842516
1876.53,2.21274,-0.84283
1877.38,2.21288,-0.843143
1878.22,2.21301,-0.843456
1879.07,2.21314,-0.843769
1879.92,2.21328,-0.844081
1880.76,2.21341,-0.844394
1881.61,2.21354,-0.844706
1882.46,2.21367,-0.845018
1883.3,2.21381,-0.84533
1884.15,2.21394,-0.845641
1885,2.21407,-0.845952
1885.85,2.2142,-0.846263
1886.7,2.21433,-0.846574
1887.54,2.21446,-0.846885
1888.39,2.2146,-0.847195
1889.24,2.21473,-0.847505
1890.09,2.21486,-0.847815
1890.94,2.21499,-0.848125
1891.79,2.21512,-0.848434
1892.63,2.21525,-0.848744
1893.48,2.21538,-0.849053
1894.33,2.21551,-0.849362
1895.18,2.21564,-0.84967
1896.03,2.21577,-0.849979
1896.88,2.2159,-0.850287
1897.73,2.21603,-0.850595
1898.58,2.21616,-0.850903
1899.43,2.21629,-0.85121
1900.28,2.21642,-0.851518
1901.13,2.21654,-0.851825
1901.98,2.21667,-0.852132
1902.83,2.2168,-0.852439
1903.68,2.21693,-0.852745
1904.53,2.21706,-0.853051
1905.39,2.21719,-0.853357
1906.24,2.21731,-0.853663
1907.09,2.21744,-0.853969
1907.94,2.21757,-0.854274
1908.79,2.2177,-0.854579
1909.64,2.21782,-0.854884
1910.5,2.21795,-0.855189
1911.35,2.21808,-0.855494
1912.2,2.2182,-0.855798
1913.05,2.21833,-0.856102
1913.9,2.21846,-0.856406
1914.76,2.21858,-0.85671
1915.61,2.21871,-0.857013
1916.46,2.21884,-0.857317
1917.32,2.21896,-0.85762
1918.17,2.21909,-0.857923
1919.02,2.21921,-0.858225
1919.88,2.21934,-0.858528
1920.73,2.21946,-0.85883
1921.58,2.21959,-0.859132
1922.44,2.21971,-0.859434
1923.29,2.21984,-0.859735
1924.15,2.21996,-0.860037
1925,2.22009,-0.860338
1925.86,2.22021,-0.860639
1926.71,2.22034,-0.86094
1927.56,2.22046,-0.86124
1928.42,2.22058,-0.861541
1929.27,2.22071,-0.861841
1930.13,2.22083,-0.862141
1930.99,2.22095,-0.86244
1931.84,2.22108,-0.86274
1932.7,2.2212,-0.863039
1933.55,2.22132,-0.863338
1934.41,2.22145,-0.863637
1935.26,2.22157,-0.863936
1936.12,2.22169,-0.864234
1936.98,2.22181,-0.864533
1937.83,2.22194,-0.864831
1938.69,2.22206,-0.865128
1939.55,2.22218,-0.865426
1940.4,2.2223,-0.865723
1941.26,2.22242,-0.866021
1942.12,2.22254,-0.866318
1942.97,2.22267,-0.866614
1943.83,2.22279,-0.866911
1944.69,2.22291,-0.867207
1945.55,2.22303,-0.867504
1946.41,2.22315,-0.8678
1947.26,2.22327,-0.868095
1948.12,2.22339,-0.868391
1948.98,2.22351,-0.868686
1949.84,2.22363,-0.868981
1950.7,2.22375,-0.869276
1951.56,2.22387,-0.869571
1952.41,2.22399,-0.869866
1953.27,2.22411,-0.87016
1954.13,2.22423,-0.870454
1954.99,2.22435,-0.870748
1955.85,2.22447,-0.871042
1956.71,2.22458,-0.871335
1957.57,2.2247,-0.871628
1958.43,2.22482,-0.871922
1959.29,2.22494,-0.872214
1960.15,2.22506,-0.872507
1961.01,2.22518,-0.8728
1961.87,2.22529,-0.873092
1962.73,2.22541,-0.873384
1963.59,2.22553,-0.873676
1964.45,2.22565,-0.873968
1965.31,2.22577,-0.874259
1966.17,2.22588,-0.87455
1967.03,2.226,-0.874841
1967.89,2.22612,-0.875132
1968.76,2.22623,-0.875423
1969.62,2.22635,-0.875713
1970.48,2.22647,-0.876004
1971.34,2.22658,-0.876294
1972.2,2.2267,-0.876583
1973.06,2.22682,-0.876873
1973.93,2.22693,-0.877163
1974.79,2.22705,-0.877452
1975.65,2.22716,-0.877741
1976.51,2.22728,-0.87803
1977.38,2.22739,-0.878318
1978.24,2.22751,-0.878607
1979.1,2.22762,-0.878895
1979.96,2.22774,-0.879183
1980.83,2.22785,-0.879471
1981.69,2.22797,-0.879759
1982.55,2.22808,-0.880046
1983.42,2.2282,-0.880333
1984.28,2.22831,-0.88062
1985.15,2.22843,-0.880907
1986.01,2.22854,-0.881194
1986.87,2.22865,-0.88148
1987.74,2.22877,-0.881766
1988.6,2.22888,-0.882052
1989.47,2.229,-0.882338
1990.33,2.22911,-0.882624
1991.19,2.22922,-0.882909
1992.06,2.22934,-0.883195
1992.92,2.22945,-0.88348
1993.79,2.22956,-0.883765
1994.65,2.22967,-0.884049
1995.52,2.22979,-0.884334
1996.39,2.2299,-0.884618
1997.25,2.23001,-0.884902
1998.12,2.23012,-0.885186
1998.98,2.23023,-0.88547
1999.85,2.23035,-0.885753
2000.71,2.23046,-0.886036
2001.58,2.23057,-0.88632
2002.45,2.23068,-0.886602
2003.31,2.23079,-0.886885
2004.18,2.2309,-0.887168
2005.05,2.23101,-0.88745
2005.91,2.23113,-0.887732
2006.78,2.23124,-0.888014
2007.65,2.23135,-0.888296
2008.51,2.23146,-0.888577
2009.38,2.23157,-0.888859
2010.25,2.23168,-0.88914
2011.12,2.23179,-0.889421
2011.98,2.2319,-0.889701
2012.85,2.23201,-0.889982
2013.72,2.23212,-0.890262
2014.59,2.23223,-0.890542
2015.46,2.23234,-0.890822
2016.32,2.23245,-0.891102
2017.19,2.23255,-0.891382
2018.06,2.23266,-0.891661
2018.93,2.23277,-0.89194
2019.8,2.23288,-0.892219
2020.67,2.23299,-0.892498
2021.54,2.2331,-0.892777
2022.41,2.23321,-0.893055
2023.27,2.23332,-0.893334
2024.14,2.23342,-0.893612
2025.01,2.23353,-0.893889
2025.88,2.23364,-0.894167
2026.75,2.23375,-0.894445
2027.62,2.23385,-0.894722
2028.49,2.23396,-0.894999
2029.36,2.23407,-0.895276
2030.23,2.23418,-0.895553
2031.1,2.23428,-0.895829
2031.97,2.23439,-0.896105
2032.84,2.2345,-0.896381
2033.71,2.2346,-0.896657
2034.59,2.23471,-0.896933
2035.46,2.23482,-0.897209
2036.33,2.23492,-0.897484
2037.2,2.23503,-0.897759
2038.07,2.23514,-0.898034
2038.94,2.23524,-0.898309
2039.81,2.23535,-0.898584
2040.68,2.23545,-0.898858
2041.56,2.23556,-0.899132
2042.43,2.23566,-0.899406
2043.3,2.23577,-0.89968
2044.17,2.23587,-0.899954
2045.04,2.23598,-0.900227
2045.92,2.23608,-0.900501
2046.79,2.23619,-0.900774
2047.66,2.23629,-0.901047
2048.53,2.2364,-0.90132
2049.41,2.2365,-0.901592
2050.28,2.23661,-0.901864
2051.15,2.23671,-0.902137
2052.03,2.23682,-0.902409
2052.9,2.23692,-0.90268
2053.77,2.23702,-0.902952
2054.65,2.23713,-0.903223
2055.52,2.23723,-0.903495
2056.39,2.23733,-0.903766
2057.27,2.23744,-0.904037
2058.14,2.23754,-0.904307
2059.01,2.23764,-0.904578
2059.89,2.23775,-0.904848
2060.76,2.23785,-0.905118
2061.64,2.23795,-0.905388
2062.51,2.23805,-0.905658
2063.39,2.23816,-0.905927
2064.26,2.23826,-0.906197
2065.14,2.23836,-0.906466
2066.01,2.23846,-0.906735
2066.89,2.23856,-0.907004
2067.76,2.23867,-0.907272
2068.64,2.23877,-0.907541
2069.51,2.23887,-0.907809
2070.39,2.23897,-0.908077
2071.26,2.23907,-0.908345
2072.14,2.23917,-0.908613
2073.02,2.23927,-0.90888
2073.89,2.23938,-0.909148
2074.77,2.23948,-0.909415
2075.64,2.23958,-0.909682
2076.52,2.23968,-0.909949
2077.4,2.23978,-0.910215
2078.27,2.23988,-0.910482
2079.15,2.23998,-0.910748
2080.03,2.24008,-0.911014
2080.9,2.24018,-0.91128
2081.78,2.24028,-0.911546
2082.66,2.24038,-0.911811
2083.53,2.24048,-0.912077
2084.41,2.24058,-0.912342
2085.29,2.24068,-0.912607
2086.17,2.24078,-0.912872
2087.04,2.24088,-0.913136
2087.92,2.24098,-0.913401
2088.8,2.24107,-0.913665
2089.68,2.24117,-0.913929
2090.56,2.24127,-0.914193
2091.43,2.24137,-0.914457
2092.31,2.24147,-0.91472
2093.19,2.24157,-0.914983
2094.07,2.24167,-0.915247
2094.95,2.24176,-0.91551
2095.83,2.24186,-0.915772
2096.71,2.24196,-0.916035
2097.58,2.24206,-0.916298
2098.46,2.24215,-0.91656
2099.34,2.24225,-0.916822
2100.22,2.24235,-0.917084
2101.1,2.24245,-0.917346
2101.98,2.24254,-0.917607
2102.86,2.24264,-0.917869
2103.74,2.24274,-0.91813
2104.62,2.24284,-0.918391
2105.5,2.24293,-0.918652
2106.38,2.24303,-0.918912
2107.26,2.24313,-0.919173
2108.14,2.24322,-0.919433
2109.02,2.24332,-0.919693
2109.9,2.24341,-0.919953
2110.78,2.24351,-0.920213
2111.66,2.24361,-0.920473
2112.54,2.2437,-0.920732
2113.42,2.2438,-0.920991
2114.3,2.24389,-0.92125
2115.19,2.24399,-0.921509
2116.07,2.24408,-0.921768
2116.95,2.24418,-0.922027
2117.83,2.24427,-0.922285
2118.71,2.24437,-0.922543
2119.59,2.24446,-0.922801
2120.47,2.24456,-0.923059
2121.36,2.24465,-0.923317
2122.24,2.24475,-0.923574
2123.12,2.24484,-0.923832
2124,2.24494,-0.924089
2124.89,2.24503,-0.924346
2125.77,2.24513,-0.924603
2126.65,2.24522,-0.924859
2127.53,2.24531,-0.925116
2128.42,2.24541,-0.925372
2129.3,2.2455,-0.925628
2130.18,2.2456,-0.925884
2131.06,2.24569,-0.92614
2131.95,2.24578,-0.926395
2132.83,2.24588,-0.926651
2133.71,2.24597,-0.926906
2134.6,2.24606,-0.927161
2135.48,2.24616,-0.927416
2136.36,2.24625,-0.927671
2137.25,2.24634,-0.927925
2138.13,2.24643,-0.928179
2139.02,2.24653,-0.928434
2139.9,2.24662,-0.928688
2140.78,2.24671,-0.928942
2141.67,2.2468,-0.929195
2142.55,2.24689,-0.929449
2143.44,2.24699,-0.929702
2144.32,2.24708,-0.929955
2145.21,2.24717,-0.930208
2146.09,2.24726,-0.930461
2146.97,2.24735,-0.930714
2147.86,2.24745,-0.930966
2148.74,2.24754,-0.931218
2149.63,2.24763,-0.931471
2150.52,2.24772,-0.931723
2151.4,2.24781,-0.931974
2152.29,2.2479,-0.932226
2153.17,2.24799,-0.932477
2154.06,2.24808,-0.932729
2154.94,2.24817,-0.93298
2155.83,2.24826,-0.933231
2156.71,2.24835,-0.933482
2157.6,2.24844,-0.933732
2158.49,2.24853,-0.933983
2159.37,2.24862,-0.934233
2160.26,2.24871,-0.934483
2161.15,2.2488,-0.934733
2162.03,2.24889,-0.934983
2162.92,2.24898,-0.935232
2163.81,2.24907,-0.935482
2164.69,2.24916,-0.935731
2165.58,2.24925,-0.93598
2166.47,2.24934,-0.936229
2167.35,2.24943,-0.936478
2168.24,2.24952,-0.936726
2169.13,2.24961,-0.936975
2170.02,2.2497,-0.937223
2170.9,2.24979,-0.937471
2171.79,2.24988,-0.937719
2172.68,2.24996,-0.937967
2173.57,2.25005,-0.938214
2174.45,2.25014,-0.938462
2175.34,2.25023,-0.938709
2176.23,2.25032,-0.938956
2177.12,2.2504,-0.939203
2178.01,2.25049,-0.93945
2178.89,2.25058,-0.939696
2179.78,2.25067,-0.939943
2180.67,2.25076,-0.940189
2181.56,2.25084,-0.940435
2182.45,2.25093,-0.940681
2183.34,2.25102,-0.940927
2184.23,2.25111,-0.941172
2185.12,2.25119,-0.941418
2186.01,2.25128,-0.941663
2186.89,2.25137,-0.941908
2187.78,2.25145,-0.942153
2188.67,2.25154,-0.942398
2189.56,2.25163,-0.942642
2190.45,2.25171,-0.942887
2191.34,2.2518,-0.943131
2192.23,2.25189,-0.943375
2193.12,2.25197,-0.943619
2194.01,2.25206,-0.943863
2194.9,2.25214,-0.944107
2195.79,2.25223,-0.94435
2196.68,2.25232,-0.944593
2197.57,2.2524,-0.944836
2198.46,2.25249,-0.945079
2199.35,2.25257,-0.945322
2200.24,2.25266,-0.945565
2201.14,2.25274,-0.945807
2202.03,2.25283,-0.94605
2202.92,2.25291,-0.946292
2203.81,2.253,-0.946534
2204.7,2.25308,-0.946775
2205.59,2.25317,-0.947017
2206.48,2.25325,-0.947259
2207.37,2.25334,-0.9475
2208.26,2.25342,-0.947741
2209.16,2.25351,-0.947982
2210.05,2.25359,-0.948223
2210.94,2.25368,-0.948464
2211.83,2.25376,-0.948704
2212.72,2.25384,-0.948945
2213.62,2.25393,-0.949185
2214.51,2.25401,-0.949425
2215.4,2.2541,-0.949665
2216.29,2.25418,-0.949904
2217.18,2.25426,-0.950144
2218.08,2.25435,-0.950383
2218.97,2.25443,-0.950623
2219.86,2.25451,-0.950862
2220.76,2.2546,-0.951101
2221.65,2.25468,-0.951339
2222.54,2.25476,-0.951578
2223.43,2.25485,-0.951817
2224.33,2.25493,-0.952055
2225.22,2.25501,-0.952293
2226.11,2.25509,-0.952531
2227.01,2.25518,-0.952769
2227.9,2.25526,-0.953006
2228.79,2.25534,-0.953244
2229.69,2.25542,-0.953481
2230.58,2.25551,-0.953718
2231.48,2.25559,-0.953955
2232.37,2.25567,-0.954192
2233.26,2.25575,-0.954429
2234.16,2.25583,-0.954665
2235.05,2.25592,-0.954902
2235.95,2.256,-0.955138
