1000,1.5709,0.000574763
1000,1.571,-0.000421268
1000.01,1.5711,-0.00141729
1000.01,1.57119,-0.00241332
1000.01,1.57129,-0.00340933
1000.02,1.57139,-0.00440533
1000.03,1.57149,-0.00540132
1000.03,1.57159,-0.0063973
1000.04,1.57169,-0.00739327
1000.05,1.57179,-0.00838921
1000.06,1.57189,-0.00938514
1000.07,1.57199,-0.010381
1000.08,1.57209,-0.0113769
1000.1,1.57219,-0.0123728
1000.11,1.57229,-0.0133686
1000.13,1.57239,-0.0143644
1000.14,1.57249,-0.0153602
1000.16,1.57259,-0.0163559
1000.18,1.57269,-0.0173516
1000.2,1.57279,-0.0183473
1000.22,1.57289,-0.0193429
1000.24,1.57299,-0.0203385
1000.26,1.57309,-0.021334
1000.29,1.57319,-0.0223295
1000.31,1.57329,-0.0233249
1000.34,1.57339,-0.0243203
1000.36,1.57348,-0.0253157
1000.39,1.57358,-0.026311
1000.42,1.57368,-0.0273062
1000.45,1.57378,-0.0283014
1000.48,1.57388,-0.0292965
1000.51,1.57398,-0.0302916
1000.54,1.57408,-0.0312866
1000.58,1.57418,-0.0322815
1000.61,1.57428,-0.0332764
1000.64,1.57438,-0.0342712
1000.68,1.57448,-0.0352659
1000.72,1.57458,-0.0362606
1000.76,1.57468,-0.0372552
1000.8,1.57478,-0.0382497
1000.84,1.57488,-0.0392441
1000.88,1.57498,-0.0402384
1000.92,1.57508,-0.0412327
1000.96,1.57517,-0.0422269
1001.01,1.57527,-0.043221
1001.05,1.57537,-0.044215
1001.1,1.57547,-0.0452089
1001.15,1.57557,-0.0462027
1001.19,1.57567,-0.0471965
1001.24,1.57577,-0.0481901
1001.29,1.57587,-0.0491836
1001.35,1.57597,-0.0501771
1001.4,1.57607,-0.0511704
1001.45,1.57617,-0.0521636
1001.51,1.57627,-0.0531568
1001.56,1.57637,-0.0541498
1001.62,1.57646,-0.0551427
1001.67,1.57656,-0.0561355
1001.73,1.57666,-0.0571282
1001.79,1.57676,-0.0581207
1001.85,1.57686,-0.0591132
1001.91,1.57696,-0.0601055
1001.98,1.57706,-0.0610977
1002.04,1.57716,-0.0620898
1002.1,1.57726,-0.0630818
1002.17,1.57736,-0.0640736
1002.23,1.57745,-0.0650653
1002.3,1.57755,-0.0660569
1002.37,1.57765,-0.0670483
1002.44,1.57775,-0.0680397
1002.51,1.57785,-0.0690308
1002.58,1.57795,-0.0700219
1002.65,1.57805,-0.0710128
1002.73,1.57815,-0.0720035
1002.8,1.57825,-0.0729941
1002.87,1.57834,-0.0739846
1002.95,1.57844,-0.0749749
1003.03,1.57854,-0.0759651
1003.11,1.57864,-0.0769551
1003.19,1.57874,-0.0779449
1003.27,1.57884,-0.0789346
1003.35,1.57894,-0.0799242
1003.43,1.57904,-0.0809136
1003.51,1.57913,-0.0819028
1003.6,1.57923,-0.0828919
1003.68,1.57933,-0.0838808
1003.77,1.57943,-0.0848695
1003.85,1.57953,-0.0858581
1003.94,1.57963,-0.0868465
1004.03,1.57972,-0.0878347
1004.12,1.57982,-0.0888227
1004.21,1.57992,-0.0898106
1004.3,1.58002,-0.0907983
1004.4,1.58012,-0.0917858
1004.49,1.58022,-0.0927731
1004.58,1.58031,-0.0937603
1004.68,1.58041,-0.0947472
1004.78,1.58051,-0.095734
1004.88,1.58061,-0.0967206
1004.97,1.58071,-0.097707
1005.07,1.58081,-0.0986932
1005.17,1.5809,-0.0996792
1005.28,1.581,-0.100665
1005.38,1.5811,-0.101651
1005.48,1.5812,-0.102636
1005.59,1.5813,-0.103621
1005.69,1.58139,-0.104606
1005.8,1.58149,-0.105591
1005.91,1.58159,-0.106576
1006.02,1.58169,-0.10756
1006.13,1.58179,-0.108544
1006.24,1.58188,-0.109528
1006.35,1.58198,-0.110512
1006.46,1.58208,-0.111495
1006.57,1.58218,-0.112479
1006.69,1.58227,-0.113462
1006.8,1.58237,-0.114445
1006.92,1.58247,-0.115427
1007.04,1.58257,-0.11641
1007.16,1.58266,-0.117392
1007.28,1.58276,-0.118374
1007.4,1.58286,-0.119356
1007.52,1.58296,-0.120337
1007.64,1.58305,-0.121318
1007.76,1.58315,-0.122299
1007.89,1.58325,-0.12328
1008.01,1.58335,-0.124261
1008.14,1.58344,-0.125241
1008.27,1.58354,-0.126221
1008.39,1.58364,-0.127201
1008.52,1.58373,-0.12818
1008.65,1.58383,-0.12916
1008.79,1.58393,-0.130139
1008.92,1.58403,-0.131117
1009.05,1.58412,-0.132096
1009.18,1.58422,-0.133074
1009.32,1.58432,-0.134052
1009.46,1.58441,-0.13503
1009.59,1.58451,-0.136008
1009.73,1.58461,-0.136985
1009.87,1.5847,-0.137962
1010.01,1.5848,-0.138939
1010.15,1.5849,-0.139915
1010.29,1.58499,-0.140891
1010.43,1.58509,-0.141867
1010.58,1.58519,-0.142843
1010.72,1.58528,-0.143818
1010.87,1.58538,-0.144793
1011.02,1.58548,-0.145768
1011.16,1.58557,-0.146743
1011.31,1.58567,-0.147717
1011.46,1.58576,-0.148691
1011.61,1.58586,-0.149664
1011.76,1.58596,-0.150638
1011.92,1.58605,-0.151611
1012.07,1.58615,-0.152584
1012.22,1.58625,-0.153556
1012.38,1.58634,-0.154528
1012.53,1.58644,-0.1555
1012.69,1.58653,-0.156472
1012.85,1.58663,-0.157443
1013.01,1.58673,-0.158414
1013.17,1.58682,-0.159385
1013.33,1.58692,-0.160355
1013.49,1.58701,-0.161325
1013.66,1.58711,-0.162295
1013.82,1.5872,-0.163265
1013.98,1.5873,-0.164234
1014.15,1.58739,-0.165203
1014.32,1.58749,-0.166171
1014.49,1.58759,-0.167139
1014.65,1.58768,-0.168107
1014.82,1.58778,-0.169075
1014.99,1.58787,-0.170042
1015.17,1.58797,-0.171009
1015.34,1.58806,-0.171976
1015.51,1.58816,-0.172942
1015.69,1.58825,-0.173908
1015.86,1.58835,-0.174874
1016.04,1.58844,-0.175839
1016.22,1.58854,-0.176804
1016.39,1.58863,-0.177769
1016.57,1.58873,-0.178733
1016.75,1.58882,-0.179697
1016.94,1.58892,-0.18066
1017.12,1.58901,-0.181624
1017.3,1.58911,-0.182587
1017.48,1.5892,-0.183549
1017.67,1.5893,-0.184512
1017.86,1.58939,-0.185473
1018.04,1.58948,-0.186435
1018.23,1.58958,-0.187396
1018.42,1.58967,-0.188357
1018.61,1.58977,-0.189318
1018.8,1.58986,-0.190278
1018.99,1.58996,-0.191237
1019.18,1.59005,-0.192197
1019.38,1.59014,-0.193156
1019.57,1.59024,-0.194115
1019.77,1.59033,-0.195073
1019.96,1.59043,-0.196031
1020.16,1.59052,-0.196989
1020.36,1.59061,-0.197946
1020.56,1.59071,-0.198903
1020.76,1.5908,-0.199859
1020.96,1.59089,-0.200815
1021.16,1.59099,-0.201771
1021.36,1.59108,-0.202727
1021.57,1.59117,-0.203682
1021.77,1.59127,-0.204636
1021.98,1.59136,-0.20559
1022.18,1.59145,-0.206544
1022.39,1.59155,-0.207498
1022.6,1.59164,-0.208451
1022.81,1.59173,-0.209404
1023.02,1.59183,-0.210356
1023.23,1.59192,-0.211308
1023.44,1.59201,-0.212259
1023.66,1.59211,-0.213211
1023.87,1.5922,-0.214161
1024.09,1.59229,-0.215112
1024.3,1.59238,-0.216062
1024.52,1.59248,-0.217011
1024.74,1.59257,-0.21796
1024.96,1.59266,-0.218909
1025.18,1.59276,-0.219858
1025.4,1.59285,-0.220806
1025.62,1.59294,-0.221753
1025.84,1.59303,-0.2227
1026.06,1.59312,-0.223647
1026.29,1.59322,-0.224593
1026.51,1.59331,-0.225539
1026.74,1.5934,-0.226485
1026.97,1.59349,-0.22743
1027.19,1.59358,-0.228375
1027.42,1.59368,-0.229319
1027.65,1.59377,-0.230263
1027.88,1.59386,-0.231206
1028.12,1.59395,-0.232149
1028.35,1.59404,-0.233092
1028.58,1.59414,-0.234034
1028.82,1.59423,-0.234976
1029.05,1.59432,-0.235917
1029.29,1.59441,-0.236858
1029.52,1.5945,-0.237798
1029.76,1.59459,-0.238738
1030,1.59468,-0.239678
1030.24,1.59477,-0.240617
1030.48,1.59487,-0.241556
1030.72,1.59496,-0.242494
1030.97,1.59505,-0.243432
1031.21,1.59514,-0.24437
1031.45,1.59523,-0.245307
1031.7,1.59532,-0.246243
1031.95,1.59541,-0.247179
1032.19,1.5955,-0.248115
1032.44,1.59559,-0.24905
1032.69,1.59568,-0.249985
1032.94,1.59577,-0.250919
1033.19,1.59586,-0.251853
1033.44,1.59595,-0.252787
1033.7,1.59604,-0.25372
1033.95,1.59613,-0.254652
1034.2,1.59622,-0.255584
1034.46,1.59631,-0.256516
1034.72,1.5964,-0.257447
1034.97,1.59649,-0.258378
1035.23,1.59658,-0.259308
1035.49,1.59667,-0.260238
1035.75,1.59676,-0.261167
1036.01,1.59685,-0.262096
1036.27,1.59694,-0.263024
1036.54,1.59703,-0.263952
1036.8,1.59712,-0.26488
1037.06,1.59721,-0.265807
1037.33,1.5973,-0.266733
1037.59,1.59739,-0.267659
1037.86,1.59748,-0.268585
1038.13,1.59757,-0.26951
1038.4,1.59766,-0.270435
1038.67,1.59775,-0.271359
1038.94,1.59783,-0.272282
1039.21,1.59792,-0.273206
1039.48,1.59801,-0.274128
1039.76,1.5981,-0.275051
1040.03,1.59819,-0.275972
1040.31,1.59828,-0.276894
1040.58,1.59837,-0.277814
1040.86,1.59845,-0.278735
1041.14,1.59854,-0.279655
1041.41,1.59863,-0.280574
1041.69,1.59872,-0.281493
1041.97,1.59881,-0.282411
1042.26,1.5989,-0.283329
1042.54,1.59898,-0.284246
1042.82,1.59907,-0.285163
1043.1,1.59916,-0.28608
1043.39,1.59925,-0.286996
1043.68,1.59933,-0.287911
1043.96,1.59942,-0.288826
1044.25,1.59951,-0.28974
1044.54,1.5996,-0.290654
1044.83,1.59968,-0.291568
1045.12,1.59977,-0.292481
1045.41,1.59986,-0.293393
1045.7,1.59995,-0.294305
1045.99,1.60003,-0.295216
1046.29,1.60012,-0.296127
1046.58,1.60021,-0.297038
1046.88,1.60029,-0.297947
1047.17,1.60038,-0.298857
1047.47,1.60047,-0.299766
1047.77,1.60055,-0.300674
1048.07,1.60064,-0.301582
1048.37,1.60073,-0.302489
1048.67,1.60081,-0.303396
1048.97,1.6009,-0.304302
1049.27,1.60099,-0.305208
1049.57,1.60107,-0.306113
1049.88,1.60116,-0.307018
1050.18,1.60124,-0.307922
1050.49,1.60133,-0.308826
1050.79,1.60142,-0.309729
1051.1,1.6015,-0.310632
1051.41,1.60159,-0.311534
1051.72,1.60167,-0.312436
1052.03,1.60176,-0.313337
1052.34,1.60184,-0.314237
1052.65,1.60193,-0.315137
1052.96,1.60202,-0.316037
1053.28,1.6021,-0.316936
1053.59,1.60219,-0.317834
1053.91,1.60227,-0.318732
1054.22,1.60236,-0.319629
1054.54,1.60244,-0.320526
1054.86,1.60253,-0.321423
1055.18,1.60261,-0.322318
1055.5,1.6027,-0.323213
1055.82,1.60278,-0.324108
1056.14,1.60287,-0.325002
1056.46,1.60295,-0.325896
1056.78,1.60303,-0.326789
1057.1,1.60312,-0.327682
1057.43,1.6032,-0.328574
1057.75,1.60329,-0.329465
1058.08,1.60337,-0.330356
1058.41,1.60346,-0.331246
1058.74,1.60354,-0.332136
1059.06,1.60362,-0.333025
1059.39,1.60371,-0.333914
1059.72,1.60379,-0.334802
1060.06,1.60387,-0.33569
1060.39,1.60396,-0.336577
1060.72,1.60404,-0.337463
1061.05,1.60413,-0.338349
1061.39,1.60421,-0.339235
1061.72,1.60429,-0.34012
1062.06,1.60438,-0.341004
1062.4,1.60446,-0.341888
1062.74,1.60454,-0.342771
1063.07,1.60462,-0.343654
1063.41,1.60471,-0.344536
1063.75,1.60479,-0.345417
1064.1,1.60487,-0.346298
1064.44,1.60496,-0.347179
1064.78,1.60504,-0.348058
1065.12,1.60512,-0.348938
1065.47,1.6052,-0.349816
1065.81,1.60529,-0.350694
1066.16,1.60537,-0.351572
1066.51,1.60545,-0.352449
1066.86,1.60553,-0.353326
1067.2,1.60561,-0.354201
1067.55,1.6057,-0.355077
1067.9,1.60578,-0.355951
1068.26,1.60586,-0.356826
1068.61,1.60594,-0.357699
1068.96,1.60602,-0.358572
1069.31,1.6061,-0.359445
1069.67,1.60619,-0.360317
1070.02,1.60627,-0.361188
1070.38,1.60635,-0.362059
1070.74,1.60643,-0.362929
1071.09,1.60651,-0.363799
1071.45,1.60659,-0.364668
1071.81,1.60667,-0.365536
1072.17,1.60675,-0.366404
1072.53,1.60683,-0.367271
1072.89,1.60691,-0.368138
1073.26,1.607,-0.369004
1073.62,1.60708,-0.369869
1073.98,1.60716,-0.370734
1074.35,1.60724,-0.371599
1074.72,1.60732,-0.372463
1075.08,1.6074,-0.373326
1075.45,1.60748,-0.374188
1075.82,1.60756,-0.375051
1076.19,1.60764,-0.375912
1076.56,1.60772,-0.376773
1076.93,1.6078,-0.377633
1077.3,1.60788,-0.378493
1077.67,1.60796,-0.379352
1078.04,1.60804,-0.380211
1078.42,1.60812,-0.381068
1078.79,1.6082,-0.381926
1079.17,1.60827,-0.382783
1079.54,1.60835,-0.383639
1079.92,1.60843,-0.384494
1080.3,1.60851,-0.385349
1080.68,1.60859,-0.386204
1081.06,1.60867,-0.387057
1081.44,1.60875,-0.387911
1081.82,1.60883,-0.388763
1082.2,1.60891,-0.389615
1082.58,1.60898,-0.390467
1082.96,1.60906,-0.391317
1083.35,1.60914,-0.392168
1083.73,1.60922,-0.393017
1084.12,1.6093,-0.393866
1084.51,1.60938,-0.394715
1084.89,1.60945,-0.395563
1085.28,1.60953,-0.39641
1085.67,1.60961,-0.397256
1086.06,1.60969,-0.398102
1086.45,1.60977,-0.398948
1086.84,1.60984,-0.399793
1087.23,1.60992,-0.400637
1087.63,1.61,-0.40148
1088.02,1.61008,-0.402323
1088.41,1.61015,-0.403166
1088.81,1.61023,-0.404008
1089.2,1.61031,-0.404849
1089.6,1.61039,-0.405689
1090,1.61046,-0.406529
1090.4,1.61054,-0.407369
1090.79,1.61062,-0.408208
1091.19,1.61069,-0.409046
1091.59,1.61077,-0.409883
1092,1.61085,-0.41072
1092.4,1.61092,-0.411556
1092.8,1.611,-0.412392
1093.2,1.61108,-0.413227
1093.61,1.61115,-0.414062
1094.01,1.61123,-0.414896
1094.42,1.6113,-0.415729
1094.83,1.61138,-0.416562
1095.23,1.61146,-0.417394
1095.64,1.61153,-0.418225
1096.05,1.61161,-0.419056
1096.46,1.61168,-0.419886
1096.87,1.61176,-0.420716
1097.28,1.61183,-0.421544
1097.69,1.61191,-0.422373
1098.11,1.61198,-0.423201
1098.52,1.61206,-0.424028
1098.93,1.61213,-0.424854
1099.35,1.61221,-0.42568
1099.76,1.61228,-0.426505
1100.18,1.61236,-0.42733
1100.6,1.61243,-0.428154
1101.01,1.61251,-0.428977
1101.43,1.61258,-0.4298
1101.85,1.61266,-0.430622
1102.27,1.61273,-0.431444
1102.69,1.61281,-0.432265
1103.12,1.61288,-0.433085
1103.54,1.61296,-0.433905
1103.96,1.61303,-0.434724
1104.38,1.6131,-0.435542
1104.81,1.61318,-0.43636
1105.23,1.61325,-0.437177
1105.66,1.61333,-0.437994
1106.09,1.6134,-0.43881
1106.51,1.61347,-0.439625
1106.94,1.61355,-0.44044
1107.37,1.61362,-0.441254
1107.8,1.61369,-0.442067
1108.23,1.61377,-0.44288
1108.66,1.61384,-0.443692
1109.1,1.61391,-0.444504
1109.53,1.61399,-0.445314
1109.96,1.61406,-0.446125
1110.4,1.61413,-0.446934
1110.83,1.6142,-0.447743
1111.27,1.61428,-0.448552
1111.7,1.61435,-0.44936
1112.14,1.61442,-0.450167
1112.58,1.61449,-0.450973
1113.02,1.61457,-0.451779
1113.45,1.61464,-0.452584
1113.89,1.61471,-0.453389
1114.34,1.61478,-0.454193
1114.78,1.61485,-0.454996
1115.22,1.61493,-0.455799
1115.66,1.615,-0.456601
1116.11,1.61507,-0.457403
1116.55,1.61514,-0.458204
1116.99,1.61521,-0.459004
1117.44,1.61528,-0.459803
1117.89,1.61536,-0.460602
1118.33,1.61543,-0.461401
1118.78,1.6155,-0.462198
1119.23,1.61557,-0.462995
1119.68,1.61564,-0.463792
1120.13,1.61571,-0.464587
1120.58,1.61578,-0.465383
1121.03,1.61585,-0.466177
1121.48,1.61592,-0.466971
1121.94,1.61599,-0.467764
1122.39,1.61607,-0.468557
1122.84,1.61614,-0.469349
1123.3,1.61621,-0.47014
1123.76,1.61628,-0.470931
1124.21,1.61635,-0.471721
1124.67,1.61642,-0.47251
1125.13,1.61649,-0.473299
1125.58,1.61656,-0.474087
1126.04,1.61663,-0.474875
1126.5,1.6167,-0.475661
1126.96,1.61677,-0.476448
1127.43,1.61684,-0.477233
1127.89,1.61691,-0.478018
1128.35,1.61697,-0.478803
1128.81,1.61704,-0.479586
1129.28,1.61711,-0.480369
1129.74,1.61718,-0.481152
1130.21,1.61725,-0.481933
1130.67,1.61732,-0.482715
1131.14,1.61739,-0.483495
1131.61,1.61746,-0.484275
1132.08,1.61753,-0.485054
1132.55,1.6176,-0.485833
1133.02,1.61766,-0.486611
1133.49,1.61773,-0.487388
1133.96,1.6178,-0.488164
1134.43,1.61787,-0.48894
1134.9,1.61794,-0.489716
1135.37,1.61801,-0.490491
1135.85,1.61807,-0.491265
1136.32,1.61814,-0.492038
1136.8,1.61821,-0.492811
1137.27,1.61828,-0.493583
1137.75,1.61835,-0.494355
1138.23,1.61841,-0.495125
1138.7,1.61848,-0.495896
1139.18,1.61855,-0.496665
1139.66,1.61862,-0.497434
1140.14,1.61868,-0.498203
1140.62,1.61875,-0.49897
1141.1,1.61882,-0.499737
1141.58,1.61888,-0.500504
1142.07,1.61895,-0.501269
1142.55,1.61902,-0.502034
1143.03,1.61908,-0.502799
1143.52,1.61915,-0.503563
1144,1.61922,-0.504326
1144.49,1.61928,-0.505088
1144.98,1.61935,-0.50585
1145.46,1.61942,-0.506612
1145.95,1.61948,-0.507372
1146.44,1.61955,-0.508132
1146.93,1.61962,-0.508891
1147.42,1.61968,-0.50965
1147.91,1.61975,-0.510408
1148.4,1.61981,-0.511165
1148.89,1.61988,-0.511922
1149.38,1.61994,-0.512678
1149.88,1.62001,-0.513434
1150.37,1.62008,-0.514189
1150.87,1.62014,-0.514943
1151.36,1.62021,-0.515696
1151.86,1.62027,-0.516449
1152.35,1.62034,-0.517201
1152.85,1.6204,-0.517953
1153.35,1.62047,-0.518704
1153.85,1.62053,-0.519454
1154.35,1.6206,-0.520204
1154.84,1.62066,-0.520953
1155.35,1.62073,-0.521701
1155.85,1.62079,-0.522449
1156.35,1.62086,-0.523196
1156.85,1.62092,-0.523943
1157.35,1.62098,-0.524688
1157.86,1.62105,-0.525434
1158.36,1.62111,-0.526178
1158.87,1.62118,-0.526922
1159.37,1.62124,-0.527665
1159.88,1.6213,-0.528408
1160.38,1.62137,-0.52915
1160.89,1.62143,-0.529891
1161.4,1.6215,-0.530632
1161.91,1.62156,-0.531372
1162.42,1.62162,-0.532111
1162.93,1.62169,-0.53285
1163.44,1.62175,-0.533588
1163.95,1.62181,-0.534325
1164.46,1.62188,-0.535062
1164.97,1.62194,-0.535798
1165.49,1.622,-0.536534
1166,1.62207,-0.537269
1166.51,1.62213,-0.538003
1167.03,1.62219,-0.538736
1167.55,1.62225,-0.539469
1168.06,1.62232,-0.540202
1168.58,1.62238,-0.540933
1169.1,1.62244,-0.541664
1169.61,1.6225,-0.542395
1170.13,1.62257,-0.543124
1170.65,1.62263,-0.543854
1171.17,1.62269,-0.544582
1171.69,1.62275,-0.54531
1172.21,1.62281,-0.546037
1172.74,1.62288,-0.546763
1173.26,1.62294,-0.547489
1173.78,1.623,-0.548215
1174.31,1.62306,-0.548939
1174.83,1.62312,-0.549663
1175.35,1.62318,-0.550386
1175.88,1.62325,-0.551109
1176.41,1.62331,-0.551831
1176.93,1.62337,-0.552552
1177.46,1.62343,-0.553273
1177.99,1.62349,-0.553993
1178.52,1.62355,-0.554713
1179.05,1.62361,-0.555432
1179.58,1.62367,-0.55615
1180.11,1.62373,-0.556867
1180.64,1.62379,-0.557584
1181.17,1.62385,-0.5583
1181.7,1.62391,-0.559016
1182.23,1.62398,-0.559731
1182.77,1.62404,-0.560445
1183.3,1.6241,-0.561159
1183.84,1.62416,-0.561872
1184.37,1.62422,-0.562584
1184.91,1.62428,-0.563296
1185.44,1.62434,-0.564007
1185.98,1.6244,-0.564718
1186.52,1.62446,-0.565428
1187.06,1.62451,-0.566137
1187.6,1.62457,-0.566846
1188.14,1.62463,-0.567554
1188.68,1.62469,-0.568261
1189.22,1.62475,-0.568967
1189.76,1.62481,-0.569673
1190.3,1.62487,-0.570379
1190.84,1.62493,-0.571084
1191.39,1.62499,-0.571788
1191.93,1.62505,-0.572491
1192.47,1.62511,-0.573194
1193.02,1.62517,-0.573896
1193.56,1.62522,-0.574598
1194.11,1.62528,-0.575299
1194.66,1.62534,-0.575999
1195.2,1.6254,-0.576699
1195.75,1.62546,-0.577398
1196.3,1.62552,-0.578096
1196.85,1.62557,-0.578794
1197.4,1.62563,-0.579491
1197.95,1.62569,-0.580187
1198.5,1.62575,-0.580883
1199.05,1.62581,-0.581578
1199.6,1.62586,-0.582273
1200.16,1.62592,-0.582967
1200.71,1.62598,-0.58366
1201.26,1.62604,-0.584353
1201.82,1.62609,-0.585045
1202.37,1.62615,-0.585736
1202.93,1.62621,-0.586427
1203.48,1.62627,-0.587117
1204.04,1.62632,-0.587807
1204.6,1.62638,-0.588496
1205.15,1.62644,-0.589184
1205.71,1.62649,-0.589871
1206.27,1.62655,-0.590558
1206.83,1.62661,-0.591245
1207.39,1.62666,-0.59193
1207.95,1.62672,-0.592616
1208.51,1.62678,-0.5933
1209.07,1.62683,-0.593984
1209.63,1.62689,-0.594667
1210.2,1.62695,-0.59535
1210.76,1.627,-0.596031
1211.32,1.62706,-0.596713
1211.89,1.62712,-0.597393
1212.45,1.62717,-0.598073
1213.02,1.62723,-0.598753
1213.59,1.62728,-0.599432
1214.15,1.62734,-0.60011
1214.72,1.62739,-0.600787
1215.29,1.62745,-0.601464
1215.86,1.62751,-0.60214
1216.42,1.62756,-0.602816
1216.99,1.62762,-0.603491
1217.56,1.62767,-0.604165
1218.13,1.62773,-0.604839
1218.71,1.62778,-0.605512
1219.28,1.62784,-0.606185
1219.85,1.62789,-0.606857
1220.42,1.62795,-0.607528
1221,1.628,-0.608198
1221.57,1.62806,-0.608868
1222.14,1.62811,-0.609538
1222.72,1.62817,-0.610207
1223.29,1.62822,-0.610875
1223.87,1.62827,-0.611542
1224.45,1.62833,-0.612209
1225.02,1.62838,-0.612875
1225.6,1.62844,-0.613541
1226.18,1.62849,-0.614206
1226.76,1.62855,-0.61487
1227.34,1.6286,-0.615534
1227.92,1.62865,-0.616197
1228.5,1.62871,-0.61686
1229.08,1.62876,-0.617521
1229.66,1.62881,-0.618183
1230.24,1.62887,-0.618843
1230.82,1.62892,-0.619503
1231.41,1.62898,-0.620163
1231.99,1.62903,-0.620822
1232.58,1.62908,-0.62148
1233.16,1.62913,-0.622137
1233.75,1.62919,-0.622794
1234.33,1.62924,-0.62345
1234.92,1.62929,-0.624106
1235.5,1.62935,-0.624761
1236.09,1.6294,-0.625416
1236.68,1.62945,-0.626069
1237.27,1.62951,-0.626723
1237.86,1.62956,-0.627375
1238.45,1.62961,-0.628027
1239.04,1.62966,-0.628679
1239.63,1.62972,-0.629329
1240.22,1.62977,-0.629979
1240.81,1.62982,-0.630629
1241.4,1.62987,-0.631278
1241.99,1.62992,-0.631926
1242.59,1.62998,-0.632574
1243.18,1.63003,-0.633221
1243.77,1.63008,-0.633867
1244.37,1.63013,-0.634513
1244.96,1.63018,-0.635158
1245.56,1.63023,-0.635803
1246.16,1.63029,-0.636447
1246.75,1.63034,-0.63709
1247.35,1.63039,-0.637733
1247.95,1.63044,-0.638375
1248.55,1.63049,-0.639017
1249.15,1.63054,-0.639658
1249.74,1.63059,-0.640298
1250.34,1.63065,-0.640938
1250.94,1.6307,-0.641577
1251.55,1.63075,-0.642215
1252.15,1.6308,-0.642853
1252.75,1.63085,-0.64349
1253.35,1.6309,-0.644127
1253.95,1.63095,-0.644763
1254.56,1.631,-0.645398
1255.16,1.63105,-0.646033
1255.77,1.6311,-0.646668
1256.37,1.63115,-0.647301
1256.98,1.6312,-0.647934
1257.58,1.63125,-0.648567
1258.19,1.6313,-0.649198
1258.8,1.63135,-0.64983
1259.4,1.6314,-0.65046
1260.01,1.63145,-0.65109
1260.62,1.6315,-0.65172
1261.23,1.63155,-0.652348
1261.84,1.6316,-0.652977
1262.45,1.63165,-0.653604
1263.06,1.6317,-0.654231
1263.67,1.63175,-0.654857
1264.28,1.6318,-0.655483
1264.89,1.63185,-0.656108
1265.5,1.6319,-0.656733
1266.12,1.63195,-0.657357
1266.73,1.632,-0.65798
1267.34,1.63205,-0.658603
1267.96,1.63209,-0.659225
1268.57,1.63214,-0.659847
1269.19,1.63219,-0.660468
1269.8,1.63224,-0.661088
1270.42,1.63229,-0.661708
1271.04,1.63234,-0.662327
1271.66,1.63239,-0.662946
1272.27,1.63243,-0.663564
1272.89,1.63248,-0.664181
1273.51,1.63253,-0.664798
1274.13,1.63258,-0.665414
1274.75,1.63263,-0.66603
1275.37,1.63268,-0.666645
1275.99,1.63272,-0.667259
1276.61,1.63277,-0.667873
1277.23,1.63282,-0.668486
1277.85,1.63287,-0.669099
1278.48,1.63292,-0.669711
1279.1,1.63296,-0.670322
1279.72,1.63301,-0.670933
1280.35,1.63306,-0.671543
1280.97,1.63311,-0.672153
1281.6,1.63315,-0.672762
1282.22,1.6332,-0.67337
1282.85,1.63325,-0.673978
1283.48,1.63329,-0.674586
1284.1,1.63334,-0.675192
1284.73,1.63339,-0.675798
1285.36,1.63344,-0.676404
1285.99,1.63348,-0.677009
1286.61,1.63353,-0.677613
1287.24,1.63358,-0.678217
1287.87,1.63362,-0.67882
1288.5,1.63367,-0.679423
1289.13,1.63372,-0.680025
1289.77,1.63376,-0.680626
1290.4,1.63381,-0.681227
1291.03,1.63386,-0.681827
1291.66,1.6339,-0.682427
1292.29,1.63395,-0.683026
1292.93,1.63399,-0.683625
1293.56,1.63404,-0.684223
1294.2,1.63409,-0.68482
1294.83,1.63413,-0.685417
1295.47,1.63418,-0.686013
1296.1,1.63422,-0.686609
1296.74,1.63427,-0.687204
1297.37,1.63432,-0.687798
1298.01,1.63436,-0.688392
1298.65,1.63441,-0.688985
1299.29,1.63445,-0.689578
1299.93,1.6345,-0.69017
1300.56,1.63454,-0.690762
1301.2,1.63459,-0.691353
1301.84,1.63463,-0.691943
1302.48,1.63468,-0.692533
1303.13,1.63472,-0.693122
1303.77,1.63477,-0.693711
1304.41,1.63481,-0.694299
1305.05,1.63486,-0.694886
1305.69,1.6349,-0.695473
1306.34,1.63495,-0.69606
1306.98,1.63499,-0.696645
1307.62,1.63504,-0.697231
1308.27,1.63508,-0.697815
1308.91,1.63513,-0.698399
1309.56,1.63517,-0.698983
1310.2,1.63522,-0.699566
1310.85,1.63526,-0.700148
1311.5,1.6353,-0.70073
1312.14,1.63535,-0.701311
1312.79,1.63539,-0.701892
1313.44,1.63544,-0.702472
1314.09,1.63548,-0.703051
1314.74,1.63552,-0.70363
1315.38,1.63557,-0.704209
1316.03,1.63561,-0.704786
1316.68,1.63566,-0.705364
1317.33,1.6357,-0.70594
1317.99,1.63574,-0.706516
1318.64,1.63579,-0.707092
1319.29,1.63583,-0.707667
1319.94,1.63587,-0.708241
1320.59,1.63592,-0.708815
1321.25,1.63596,-0.709388
1321.9,1.636,-0.709961
1322.55,1.63605,-0.710533
1323.21,1.63609,-0.711105
1323.86,1.63613,-0.711676
1324.52,1.63618,-0.712246
1325.18,1.63622,-0.712816
1325.83,1.63626,-0.713386
1326.49,1.6363,-0.713954
1327.14,1.63635,-0.714523
1327.8,1.63639,-0.71509
1328.46,1.63643,-0.715657
1329.12,1.63647,-0.716224
1329.78,1.63652,-0.71679
1330.44,1.63656,-0.717355
1331.1,1.6366,-0.71792
1331.76,1.63664,-0.718485
1332.42,1.63669,-0.719048
1333.08,1.63673,-0.719612
1333.74,1.63677,-0.720174
1334.4,1.63681,-0.720736
1335.06,1.63685,-0.721298
1335.72,1.6369,-0.721859
1336.39,1.63694,-0.722419
1337.05,1.63698,-0.722979
1337.72,1.63702,-0.723538
1338.38,1.63706,-0.724097
1339.04,1.6371,-0.724655
1339.71,1.63715,-0.725213
1340.37,1.63719,-0.72577
1341.04,1.63723,-0.726327
1341.71,1.63727,-0.726883
1342.37,1.63731,-0.727438
1343.04,1.63735,-0.727993
1343.71,1.63739,-0.728548
1344.38,1.63743,-0.729101
1345.04,1.63748,-0.729655
1345.71,1.63752,-0.730207
1346.38,1.63756,-0.73076
1347.05,1.6376,-0.731311
1347.72,1.63764,-0.731862
1348.39,1.63768,-0.732413
1349.06,1.63772,-0.732963
1349.73,1.63776,-0.733512
1350.41,1.6378,-0.734061
1351.08,1.63784,-0.73461
1351.75,1.63788,-0.735158
1352.42,1.63792,-0.735705
1353.1,1.63796,-0.736252
1353.77,1.638,-0.736798
1354.44,1.63804,-0.737344
1355.12,1.63808,-0.737889
1355.79,1.63812,-0.738433
1356.47,1.63816,-0.738977
1357.14,1.6382,-0.739521
1357.82,1.63824,-0.740064
1358.5,1.63828,-0.740606
1359.17,1.63832,-0.741148
1359.85,1.63836,-0.74169
1360.53,1.6384,-0.74223
1361.21,1.63844,-0.742771
1361.89,1.63848,-0.74331
1362.56,1.63852,-0.74385
1363.24,1.63856,-0.744388
1363.92,1.6386,-0.744926
1364.6,1.63864,-0.745464
1365.28,1.63868,-0.746001
1365.96,1.63872,-0.746538
1366.65,1.63876,-0.747074
1367.33,1.6388,-0.747609
1368.01,1.63883,-0.748144
1368.69,1.63887,-0.748679
1369.37,1.63891,-0.749213
1370.06,1.63895,-0.749746
1370.74,1.63899,-0.750279
1371.42,1.63903,-0.750811
1372.11,1.63907,-0.751343
1372.79,1.63911,-0.751874
1373.48,1.63914,-0.752405
1374.16,1.63918,-0.752935
1374.85,1.63922,-0.753465
1375.54,1.63926,-0.753994
1376.22,1.6393,-0.754523
1376.91,1.63934,-0.755051
1377.6,1.63937,-0.755578
1378.29,1.63941,-0.756105
1378.97,1.63945,-0.756632
1379.66,1.63949,-0.757158
1380.35,1.63953,-0.757683
1381.04,1.63956,-0.758208
1381.73,1.6396,-0.758733
1382.42,1.63964,-0.759257
1383.11,1.63968,-0.75978
1383.8,1.63971,-0.760303
1384.49,1.63975,-0.760825
1385.18,1.63979,-0.761347
1385.88,1.63983,-0.761869
1386.57,1.63986,-0.762389
1387.26,1.6399,-0.76291
1387.95,1.63994,-0.763429
1388.65,1.63998,-0.763949
1389.34,1.64001,-0.764467
1390.04,1.64005,-0.764986
1390.73,1.64009,-0.765503
1391.42,1.64013,-0.766021
1392.12,1.64016,-0.766537
1392.82,1.6402,-0.767053
1393.51,1.64024,-0.767569
1394.21,1.64027,-0.768084
1394.91,1.64031,-0.768599
1395.6,1.64035,-0.769113
1396.3,1.64038,-0.769627
1397,1.64042,-0.77014
1397.7,1.64046,-0.770652
1398.39,1.64049,-0.771164
1399.09,1.64053,-0.771676
1399.79,1.64057,-0.772187
1400.49,1.6406,-0.772698
1401.19,1.64064,-0.773208
1401.89,1.64067,-0.773717
1402.59,1.64071,-0.774226
1403.3,1.64075,-0.774735
1404,1.64078,-0.775243
1404.7,1.64082,-0.77575
1405.4,1.64085,-0.776257
1406.1,1.64089,-0.776764
1406.81,1.64093,-0.77727
1407.51,1.64096,-0.777775
1408.21,1.641,-0.77828
1408.92,1.64103,-0.778785
1409.62,1.64107,-0.779289
1410.33,1.64111,-0.779792
1411.03,1.64114,-0.780295
1411.74,1.64118,-0.780798
1412.44,1.64121,-0.7813
1413.15,1.64125,-0.781801
1413.86,1.64128,-0.782302
1414.56,1.64132,-0.782803
1415.27,1.64135,-0.783303
1415.98,1.64139,-0.783802
1416.69,1.64142,-0.784301
1417.39,1.64146,-0.7848
1418.1,1.64149,-0.785298
1418.81,1.64153,-0.785795
1419.52,1.64156,-0.786293
1420.23,1.6416,-0.786789
1420.94,1.64163,-0.787285
1421.65,1.64167,-0.787781
1422.36,1.6417,-0.788276
1423.07,1.64174,-0.78877
1423.78,1.64177,-0.789264
1424.5,1.64181,-0.789758
1425.21,1.64184,-0.790251
1425.92,1.64187,-0.790744
1426.63,1.64191,-0.791236
1427.35,1.64194,-0.791727
1428.06,1.64198,-0.792218
1428.77,1.64201,-0.792709
1429.49,1.64205,-0.793199
1430.2,1.64208,-0.793689
1430.92,1.64211,-0.794178
1431.63,1.64215,-0.794667
1432.35,1.64218,-0.795155
1433.06,1.64222,-0.795643
1433.78,1.64225,-0.79613
1434.5,1.64228,-0.796617
1435.21,1.64232,-0.797103
1435.93,1.64235,-0.797589
1436.65,1.64238,-0.798074
1437.37,1.64242,-0.798559
1438.09,1.64245,-0.799043
1438.8,1.64249,-0.799527
1439.52,1.64252,-0.800011
1440.24,1.64255,-0.800493
1440.96,1.64259,-0.800976
1441.68,1.64262,-0.801458
1442.4,1.64265,-0.801939
1443.12,1.64269,-0.80242
1443.84,1.64272,-0.802901
1444.57,1.64275,-0.803381
1445.29,1.64278,-0.80386
1446.01,1.64282,-0.804339
1446.73,1.64285,-0.804818
1447.45,1.64288,-0.805296
1448.18,1.64292,-0.805774
1448.9,1.64295,-0.806251
1449.62,1.64298,-0.806728
1450.35,1.64301,-0.807204
1451.07,1.64305,-0.80768
1451.8,1.64308,-0.808155
1452.52,1.64311,-0.80863
1453.25,1.64315,-0.809104
1453.97,1.64318,-0.809578
1454.7,1.64321,-0.810051
1455.42,1.64324,-0.810524
1456.15,1.64327,-0.810997
1456.88,1.64331,-0.811469
1457.6,1.64334,-0.81194
1458.33,1.64337,-0.812411
1459.06,1.6434,-0.812882
1459.79,1.64344,-0.813352
1460.52,1.64347,-0.813822
1461.25,1.6435,-0.814291
1461.97,1.64353,-0.81476
1462.7,1.64356,-0.815228
1463.43,1.6436,-0.815696
1464.16,1.64363,-0.816163
1464.89,1.64366,-0.81663
1465.62,1.64369,-0.817096
1466.36,1.64372,-0.817562
1467.09,1.64375,-0.818028
1467.82,1.64379,-0.818493
1468.55,1.64382,-0.818957
1469.28,1.64385,-0.819421
1470.02,1.64388,-0.819885
1470.75,1.64391,-0.820348
1471.48,1.64394,-0.820811
1472.22,1.64397,-0.821273
1472.95,1.644,-0.821735
1473.68,1.64404,-0.822196
1474.42,1.64407,-0.822657
1475.15,1.6441,-0.823117
1475.89,1.64413,-0.823577
1476.62,1.64416,-0.824037
1477.36,1.64419,-0.824496
1478.1,1.64422,-0.824954
1478.83,1.64425,-0.825413
1479.57,1.64428,-0.82587
1480.31,1.64431,-0.826328
1481.04,1.64435,-0.826784
1481.78,1.64438,-0.827241
1482.52,1.64441,-0.827696
1483.26,1.64444,-0.828152
1483.99,1.64447,-0.828607
1484.73,1.6445,-0.829061
1485.47,1.64453,-0.829515
1486.21,1.64456,-0.829969
1486.95,1.64459,-0.830422
1487.69,1.64462,-0.830875
1488.43,1.64465,-0.831327
1489.17,1.64468,-0.831779
1489.91,1.64471,-0.83223
1490.65,1.64474,-0.832681
1491.4,1.64477,-0.833132
1492.14,1.6448,-0.833582
1492.88,1.64483,-0.834032
1493.62,1.64486,-0.834481
1494.37,1.64489,-0.834929
1495.11,1.64492,-0.835378
1495.85,1.64495,-0.835825
1496.6,1.64498,-0.836273
1497.34,1.64501,-0.83672
1498.08,1.64504,-0.837166
1498.83,1.64507,-0.837612
1499.57,1.6451,-0.838058
1500.32,1.64513,-0.838503
1501.06,1.64516,-0.838948
1501.81,1.64519,-0.839392
1502.56,1.64522,-0.839836
1503.3,1.64525,-0.840279
1504.05,1.64528,-0.840722
1504.8,1.6453,-0.841165
1505.54,1.64533,-0.841607
1506.29,1.64536,-0.842049
1507.04,1.64539,-0.84249
1507.79,1.64542,-0.842931
1508.53,1.64545,-0.843371
1509.28,1.64548,-0.843811
1510.03,1.64551,-0.84425
1510.78,1.64554,-0.844689
1511.53,1.64557,-0.845128
1512.28,1.6456,-0.845566
1513.03,1.64562,-0.846004
1513.78,1.64565,-0.846441
1514.53,1.64568,-0.846878
1515.28,1.64571,-0.847315
1516.03,1.64574,-0.847751
1516.79,1.64577,-0.848186
1517.54,1.6458,-0.848621
1518.29,1.64582,-0.849056
1519.04,1.64585,-0.849491
1519.79,1.64588,-0.849924
1520.55,1.64591,-0.850358
1521.3,1.64594,-0.850791
1522.05,1.64597,-0.851223
1522.81,1.64599,-0.851656
1523.56,1.64602,-0.852087
1524.32,1.64605,-0.852519
1525.07,1.64608,-0.85295
1525.83,1.64611,-0.85338
1526.58,1.64614,-0.85381
1527.34,1.64616,-0.85424
1528.09,1.64619,-0.854669
1528.85,1.64622,-0.855098
1529.61,1.64625,-0.855526
1530.36,1.64628,-0.855954
1531.12,1.6463,-0.856382
1531.88,1.64633,-0.856809
1532.63,1.64636,-0.857235
1533.39,1.64639,-0.857662
1534.15,1.64641,-0.858087
1534.91,1.64644,-0.858513
1535.67,1.64647,-0.858938
1536.43,1.6465,-0.859362
1537.18,1.64652,-0.859787
1537.94,1.64655,-0.86021
1538.7,1.64658,-0.860634
1539.46,1.64661,-0.861056
1540.22,1.64663,-0.861479
1540.98,1.64666,-0.861901
1541.75,1.64669,-0.862323
1542.51,1.64672,-0.862744
1543.27,1.64674,-0.863165
1544.03,1.64677,-0.863585
1544.79,1.6468,-0.864005
1545.55,1.64682,-0.864425
1546.32,1.64685,-0.864844
1547.08,1.64688,-0.865263
1547.84,1.6469,-0.865681
1548.6,1.64693,-0.866099
1549.37,1.64696,-0.866517
1550.13,1.64698,-0.866934
1550.9,1.64701,-0.867351
1551.66,1.64704,-0.867767
1552.42,1.64707,-0.868183
1553.19,1.64709,-0.868598
1553.95,1.64712,-0.869013
1554.72,1.64714,-0.869428
1555.49,1.64717,-0.869842
1556.25,1.6472,-0.870256
1557.02,1.64722,-0.87067
1557.78,1.64725,-0.871083
1558.55,1.64728,-0.871495
1559.32,1.6473,-0.871908
1560.08,1.64733,-0.872319
1560.85,1.64736,-0.872731
1561.62,1.64738,-0.873142
1562.39,1.64741,-0.873553
1563.16,1.64743,-0.873963
1563.93,1.64746,-0.874373
1564.69,1.64749,-0.874782
1565.46,1.64751,-0.875191
1566.23,1.64754,-0.8756
1567,1.64756,-0.876008
1567.77,1.64759,-0.876416
1568.54,1.64762,-0.876823
1569.31,1.64764,-0.87723
1570.08,1.64767,-0.877637
1570.85,1.64769,-0.878043
1571.62,1.64772,-0.878449
1572.4,1.64775,-0.878854
1573.17,1.64777,-0.87926
1573.94,1.6478,-0.879664
1574.71,1.64782,-0.880068
1575.48,1.64785,-0.880472
1576.26,1.64787,-0.880876
1577.03,1.6479,-0.881279
1577.8,1.64792,-0.881682
1578.58,1.64795,-0.882084
1579.35,1.64797,-0.882486
1580.12,1.648,-0.882887
1580.9,1.64803,-0.883288
1581.67,1.64805,-0.883689
1582.45,1.64808,-0.884089
1583.22,1.6481,-0.884489
1584,1.64813,-0.884889
1584.77,1.64815,-0.885288
1585.55,1.64818,-0.885687
1586.32,1.6482,-0.886085
1587.1,1.64823,-0.886483
1587.88,1.64825,-0.886881
1588.65,1.64828,-0.887278
1589.43,1.6483,-0.887675
1590.21,1.64833,-0.888071
1590.99,1.64835,-0.888467
1591.76,1.64837,-0.888863
1592.54,1.6484,-0.889258
1593.32,1.64842,-0.889653
1594.1,1.64845,-0.890048
1594.88,1.64847,-0.890442
1595.66,1.6485,-0.890836
1596.44,1.64852,-0.891229
1597.21,1.64855,-0.891622
1597.99,1.64857,-0.892015
1598.77,1.6486,-0.892407
1599.55,1.64862,-0.892799
1600.33,1.64864,-0.89319
1601.12,1.64867,-0.893581
1601.9,1.64869,-0.893972
1602.68,1.64872,-0.894362
1603.46,1.64874,-0.894752
1604.24,1.64877,-0.895142
1605.02,1.64879,-0.895531
1605.8,1.64881,-0.89592
1606.59,1.64884,-0.896308
1607.37,1.64886,-0.896696
1608.15,1.64889,-0.897084
1608.94,1.64891,-0.897471
1609.72,1.64893,-0.897858
1610.5,1.64896,-0.898245
1611.29,1.64898,-0.898631
1612.07,1.64901,-0.899017
1612.85,1.64903,-0.899402
1613.64,1.64905,-0.899787
1614.42,1.64908,-0.900172
1615.21,1.6491,-0.900557
1615.99,1.64912,-0.90094
1616.78,1.64915,-0.901324
1617.57,1.64917,-0.901707
1618.35,1.6492,-0.90209
1619.14,1.64922,-0.902473
1619.92,1.64924,-0.902855
1620.71,1.64927,-0.903236
1621.5,1.64929,-0.903618
1622.28,1.64931,-0.903999
1623.07,1.64934,-0.904379
1623.86,1.64936,-0.90476
1624.65,1.64938,-0.905139
1625.44,1.64941,-0.905519
1626.22,1.64943,-0.905898
1627.01,1.64945,-0.906277
1627.8,1.64947,-0.906655
1628.59,1.6495,-0.907033
1629.38,1.64952,-0.907411
1630.17,1.64954,-0.907788
1630.96,1.64957,-0.908165
1631.75,1.64959,-0.908542
1632.54,1.64961,-0.908918
1633.33,1.64964,-0.909294
1634.12,1.64966,-0.90967
1634.91,1.64968,-0.910045
1635.7,1.6497,-0.910419
1636.49,1.64973,-0.910794
1637.28,1.64975,-0.911168
1638.08,1.64977,-0.911542
1638.87,1.6498,-0.911915
1639.66,1.64982,-0.912288
1640.45,1.64984,-0.912661
1641.24,1.64986,-0.913033
1642.04,1.64989,-0.913405
1642.83,1.64991,-0.913776
1643.62,1.64993,-0.914148
1644.42,1.64995,-0.914518
1645.21,1.64998,-0.914889
1646.01,1.65,-0.915259
1646.8,1.65002,-0.915629
1647.59,1.65004,-0.915998
1648.39,1.65006,-0.916367
1649.18,1.65009,-0.916736
1649.98,1.65011,-0.917104
1650.77,1.65013,-0.917472
1651.57,1.65015,-0.91784
1652.37,1.65018,-0.918207
1653.16,1.6502,-0.918574
1653.96,1.65022,-0.918941
1654.75,1.65024,-0.919307
1655.55,1.65026,-0.919673
1656.35,1.65029,-0.920038
1657.14,1.65031,-0.920404
1657.94,1.65033,-0.920768
1658.74,1.65035,-0.921133
1659.54,1.65037,-0.921497
1660.34,1.6504,-0.921861
1661.13,1.65042,-0.922224
1661.93,1.65044,-0.922587
1662.73,1.65046,-0.92295
1663.53,1.65048,-0.923312
1664.33,1.6505,-0.923675
1665.13,1.65053,-0.924036
1665.93,1.65055,-0.924398
1666.73,1.65057,-0.924759
1667.53,1.65059,-0.925119
1668.33,1.65061,-0.92548
1669.13,1.65063,-0.92584
1669.93,1.65065,-0.926199
1670.73,1.65068,-0.926558
1671.53,1.6507,-0.926917
1672.33,1.65072,-0.927276
1673.13,1.65074,-0.927634
1673.93,1.65076,-0.927992
1674.74,1.65078,-0.92835
1675.54,1.6508,-0.928707
1676.34,1.65082,-0.929064
1677.14,1.65085,-0.92942
1677.95,1.65087,-0.929777
1678.75,1.65089,-0.930133
1679.55,1.65091,-0.930488
1680.36,1.65093,-0.930843
1681.16,1.65095,-0.931198
1681.96,1.65097,-0.931553
1682.77,1.65099,-0.931907
1683.57,1.65101,-0.932261
1684.38,1.65104,-0.932614
1685.18,1.65106,-0.932967
1685.98,1.65108,-0.93332
1686.79,1.6511,-0.933673
1687.6,1.65112,-0.934025
1688.4,1.65114,-0.934377
1689.21,1.65116,-0.934728
1690.01,1.65118,-0.935079
1690.82,1.6512,-0.93543
1691.62,1.65122,-0.935781
1692.43,1.65124,-0.936131
1693.24,1.65126,-0.936481
1694.04,1.65128,-0.93683
1694.85,1.6513,-0.937179
1695.66,1.65132,-0.937528
1696.47,1.65134,-0.937877
1697.27,1.65137,-0.938225
1698.08,1.65139,-0.938573
1698.89,1.65141,-0.93892
1699.7,1.65143,-0.939267
1700.51,1.65145,-0.939614
1701.32,1.65147,-0.939961
1702.12,1.65149,-0.940307
1702.93,1.65151,-0.940653
1703.74,1.65153,-0.940998
1704.55,1.65155,-0.941344
1705.36,1.65157,-0.941689
1706.17,1.65159,-0.942033
1706.98,1.65161,-0.942377
1707.79,1.65163,-0.942721
1708.6,1.65165,-0.943065
1709.41,1.65167,-0.943408
1710.23,1.65169,-0.943751
1711.04,1.65171,-0.944094
1711.85,1.65173,-0.944436
1712.66,1.65175,-0.944778
1713.47,1.65177,-0.94512
1714.28,1.65179,-0.945461
1715.1,1.65181,-0.945802
1715.91,1.65183,-0.946143
1716.72,1.65185,-0.946483
1717.53,1.65187,-0.946823
1718.35,1.65189,-0.947163
1719.16,1.65191,-0.947502
1719.97,1.65193,-0.947841
1720.79,1.65194,-0.94818
1721.6,1.65196,-0.948518
1722.41,1.65198,-0.948857
1723.23,1.652,-0.949194
1724.04,1.65202,-0.949532
1724.86,1.65204,-0.949869
1725.67,1.65206,-0.950206
1726.49,1.65208,-0.950542
1727.3,1.6521,-0.950879
1728.12,1.65212,-0.951214
1728.93,1.65214,-0.95155
1729.75,1.65216,-0.951885
1730.56,1.65218,-0.95222
1731.38,1.6522,-0.952555
1732.2,1.65222,-0.952889
1733.01,1.65224,-0.953223
1733.83,1.65225,-0.953557
1734.65,1.65227,-0.95389
1735.46,1.65229,-0.954223
1736.28,1.65231,-0.954556
1737.1,1.65233,-0.954889
1737.92,1.65235,-0.955221
1738.73,1.65237,-0.955553
1739.55,1.65239,-0.955884
1740.37,1.65241,-0.956215
1741.19,1.65243,-0.956546
1742.01,1.65244,-0.956877
1742.83,1.65246,-0.957207
1743.64,1.65248,-0.957537
1744.46,1.6525,-0.957867
1745.28,1.65252,-0.958196
1746.1,1.65254,-0.958525
1746.92,1.65256,-0.958854
1747.74,1.65258,-0.959182
1748.56,1.65259,-0.95951
1749.38,1.65261,-0.959838
1750.2,1.65263,-0.960166
1751.02,1.65265,-0.960493
1751.84,1.65267,-0.96082
1752.66,1.65269,-0.961146
1753.49,1.65271,-0.961473
1754.31,1.65272,-0.961799
1755.13,1.65274,-0.962124
1755.95,1.65276,-0.96245
1756.77,1.65278,-0.962775
1757.59,1.6528,-0.963099
1758.42,1.65282,-0.963424
1759.24,1.65283,-0.963748
1760.06,1.65285,-0.964072
1760.88,1.65287,-0.964395
1761.71,1.65289,-0.964719
1762.53,1.65291,-0.965042
1763.35,1.65293,-0.965364
1764.18,1.65294,-0.965687
1765,1.65296,-0.966009
1765.83,1.65298,-0.96633
1766.65,1.653,-0.966652
1767.47,1.65302,-0.966973
1768.3,1.65303,-0.967294
1769.12,1.65305,-0.967614
1769.95,1.65307,-0.967935
1770.77,1.65309,-0.968255
1771.6,1.65311,-0.968574
1772.42,1.65312,-0.968894
1773.25,1.65314,-0.969213
1774.07,1.65316,-0.969531
1774.9,1.65318,-0.96985
1775.73,1.6532,-0.970168
1776.55,1.65321,-0.970486
1777.38,1.65323,-0.970804
1778.21,1.65325,-0.971121
1779.03,1.65327,-0.971438
1779.86,1.65328,-0.971755
1780.69,1.6533,-0.972071
1781.51,1.65332,-0.972387
1782.34,1.65334,-0.972703
1783.17,1.65336,-0.973019
1784,1.65337,-0.973334
1784.83,1.65339,-0.973649
1785.65,1.65341,-0.973963
1786.48,1.65343,-0.974278
1787.31,1.65344,-0.974592
1788.14,1.65346,-0.974906
1788.97,1.65348,-0.975219
1789.8,1.6535,-0.975532
1790.63,1.65351,-0.975845
1791.46,1.65353,-0.976158
1792.29,1.65355,-0.97647
1793.12,1.65356,-0.976782
1793.95,1.65358,-0.977094
1794.78,1.6536,-0.977406
1795.61,1.65362,-0.977717
1796.44,1.65363,-0.978028
1797.27,1.65365,-0.978338
1798.1,1.65367,-0.978649
1798.93,1.65369,-0.978959
1799.76,1.6537,-0.979268
1800.59,1.65372,-0.979578
1801.42,1.65374,-0.979887
1802.26,1.65375,-0.980196
1803.09,1.65377,-0.980505
1803.92,1.65379,-0.980813
1804.75,1.6538,-0.981121
1805.58,1.65382,-0.981429
1806.42,1.65384,-0.981736
1807.25,1.65386,-0.982044
1808.08,1.65387,-0.982351
1808.91,1.65389,-0.982657
1809.75,1.65391,-0.982964
1810.58,1.65392,-0.98327
1811.42,1.65394,-0.983575
1812.25,1.65396,-0.983881
1813.08,1.65397,-0.984186
1813.92,1.65399,-0.984491
1814.75,1.65401,-0.984796
1815.59,1.65402,-0.9851
1816.42,1.65404,-0.985404
1817.25,1.65406,-0.985708
1818.09,1.65407,-0.986012
1818.92,1.65409,-0.986315
1819.76,1.65411,-0.986618
1820.6,1.65412,-0.986921
1821.43,1.65414,-0.987223
1822.27,1.65416,-0.987525
1823.1,1.65417,-0.987827
1823.94,1.65419,-0.988129
1824.77,1.65421,-0.98843
1825.61,1.65422,-0.988731
1826.45,1.65424,-0.989032
1827.28,1.65425,-0.989333
1828.12,1.65427,-0.989633
1828.96,1.65429,-0.989933
1829.8,1.6543,-0.990233
1830.63,1.65432,-0.990532
1831.47,1.65434,-0.990831
1832.31,1.65435,-0.99113
1833.15,1.65437,-0.991429
1833.98,1.65438,-0.991727
1834.82,1.6544,-0.992025
1835.66,1.65442,-0.992323
1836.5,1.65443,-0.992621
1837.34,1.65445,-0.992918
1838.18,1.65446,-0.993215
1839.02,1.65448,-0.993512
1839.85,1.6545,-0.993808
1840.69,1.65451,-0.994104
1841.53,1.65453,-0.9944
1842.37,1.65454,-0.994696
1843.21,1.65456,-0.994991
1844.05,1.65458,-0.995286
1844.89,1.65459,-0.995581
1845.73,1.65461,-0.995876
1846.57,1.65462,-0.99617
1847.41,1.65464,-0.996464
1848.26,1.65466,-0.996758
1849.1,1.65467,-0.997051
1849.94,1.65469,-0.997344
1850.78,1.6547,-0.997637
1851.62,1.65472,-0.99793
1852.46,1.65473,-0.998223
1853.3,1.65475,-0.998515
1854.14,1.65477,-0.998807
1854.99,1.65478,-0.999098
1855.83,1.6548,-0.99939
1856.67,1.65481,-0.999681
1857.51,1.65483,-0.999972
1858.36,1.65484,-1.00026
1859.2,1.65486,-1.00055
1860.04,1.65487,-1.00084
1860.89,1.65489,-1.00113
1861.73,1.65491,-1.00142
1862.57,1.65492,-1.00171
1863.42,1.65494,-1.002
1864.26,1.65495,-1.00229
1865.1,1.65497,-1.00258
1865.95,1.65498,-1.00287
1866.79,1.655,-1.00315
1867.64,1.65501,-1.00344
1868.48,1.65503,-1.00373
1869.32,1.65504,-1.00402
1870.17,1.65506,-1.0043
1871.01,1.65507,-1.00459
1871.86,1.65509,-1.00488
1872.71,1.6551,-1.00516
1873.55,1.65512,-1.00545
1874.4,1.65514,-1.00573
1875.24,1.65515,-1.00602
1876.09,1.65517,-1.0063
1876.93,1.65518,-1.00659
1877.78,1.6552,-1.00687
1878.63,1.65521,-1.00716
1879.47,1.65523,-1.00744
1880.32,1.65524,-1.00773
1881.17,1.65526,-1.00801
1882.01,1.65527,-1.00829
1882.86,1.65529,-1.00858
1883.71,1.6553,-1.00886
1884.55,1.65532,-1.00914
1885.4,1.65533,-1.00942
1886.25,1.65535,-1.00971
1887.1,1.65536,-1.00999
1887.95,1.65537,-1.01027
1888.79,1.65539,-1.01055
1889.64,1.6554,-1.01083
1890.49,1.65542,-1.01111
1891.34,1.65543,-1.01139
1892.19,1.65545,-1.01167
1893.04,1.65546,-1.01195
1893.89,1.65548,-1.01223
1894.73,1.65549,-1.01251
1895.58,1.65551,-1.01279
1896.43,1.65552,-1.01307
1897.28,1.65554,-1.01335
1898.13,1.65555,-1.01363
1898.98,1.65557,-1.01391
1899.83,1.65558,-1.01419
1900.68,1.6556,-1.01446
1901.53,1.65561,-1.01474
1902.38,1.65562,-1.01502
1903.23,1.65564,-1.0153
1904.09,1.65565,-1.01557
1904.94,1.65567,-1.01585
1905.79,1.65568,-1.01613
1906.64,1.6557,-1.0164
1907.49,1.65571,-1.01668
1908.34,1.65572,-1.01695
1909.19,1.65574,-1.01723
1910.04,1.65575,-1.0175
1910.9,1.65577,-1.01778
1911.75,1.65578,-1.01805
1912.6,1.6558,-1.01833
1913.45,1.65581,-1.0186
1914.31,1.65582,-1.01888
1915.16,1.65584,-1.01915
1916.01,1.65585,-1.01942
1916.86,1.65587,-1.0197
1917.72,1.65588,-1.01997
1918.57,1.6559,-1.02024
1919.42,1.65591,-1.02051
1920.28,1.65592,-1.02079
1921.13,1.65594,-1.02106
1921.98,1.65595,-1.02133
1922.84,1.65597,-1.0216
1923.69,1.65598,-1.02187
1924.55,1.65599,-1.02214
1925.4,1.65601,-1.02241
1926.26,1.65602,-1.02268
1927.11,1.65604,-1.02295
1927.96,1.65605,-1.02322
1928.82,1.65606,-1.02349
1929.67,1.65608,-1.02376
1930.53,1.65609,-1.02403
1931.38,1.65611,-1.0243
1932.24,1.65612,-1.02457
1933.1,1.65613,-1.02484
1933.95,1.65615,-1.02511
1934.81,1.65616,-1.02538
1935.66,1.65617,-1.02564
1936.52,1.65619,-1.02591
1937.38,1.6562,-1.02618
1938.23,1.65622,-1.02645
1939.09,1.65623,-1.02671
1939.95,1.65624,-1.02698
1940.8,1.65626,-1.02725
1941.66,1.65627,-1.02751
1942.52,1.65628,-1.02778
1943.37,1.6563,-1.02804
1944.23,1.65631,-1.02831
1945.09,1.65632,-1.02858
1945.95,1.65634,-1.02884
1946.8,1.65635,-1.02911
1947.66,1.65637,-1.02937
1948.52,1.65638,-1.02963
1949.38,1.65639,-1.0299
1950.24,1.65641,-1.03016
1951.09,1.65642,-1.03043
1951.95,1.65643,-1.03069
1952.81,1.65645,-1.03095
1953.67,1.65646,-1.03122
1954.53,1.65647,-1.03148
1955.39,1.65649,-1.03174
1956.25,1.6565,-1.032
1957.11,1.65651,-1.03227
1957.97,1.65653,-1.03253
1958.83,1.65654,-1.03279
1959.69,1.65655,-1.03305
1960.55,1.65657,-1.03331
1961.41,1.65658,-1.03357
1962.27,1.65659,-1.03383
1963.13,1.65661,-1.03409
1963.99,1.65662,-1.03435
1964.85,1.65663,-1.03461
1965.71,1.65664,-1.03487
1966.57,1.65666,-1.03513
1967.43,1.65667,-1.03539
1968.29,1.65668,-1.03565
1969.15,1.6567,-1.03591
1970.01,1.65671,-1.03617
1970.88,1.65672,-1.03643
1971.74,1.65674,-1.03669
1972.6,1.65675,-1.03694
1973.46,1.65676,-1.0372
1974.32,1.65678,-1.03746
1975.19,1.65679,-1.03772
1976.05,1.6568,-1.03797
1976.91,1.65681,-1.03823
1977.77,1.65683,-1.03849
1978.64,1.65684,-1.03874
1979.5,1.65685,-1.039
1980.36,1.65687,-1.03926
1981.22,1.65688,-1.03951
1982.09,1.65689,-1.03977
1982.95,1.6569,-1.04002
1983.81,1.65692,-1.04028
1984.68,1.65693,-1.04053
1985.54,1.65694,-1.04079
1986.41,1.65695,-1.04104
1987.27,1.65697,-1.0413
1988.13,1.65698,-1.04155
1989,1.65699,-1.0418
1989.86,1.65701,-1.04206
1990.73,1.65702,-1.04231
1991.59,1.65703,-1.04256
1992.46,1.65704,-1.04282
1993.32,1.65706,-1.04307
1994.19,1.65707,-1.04332
1995.05,1.65708,-1.04357
1995.92,1.65709,-1.04383
1996.78,1.65711,-1.04408
1997.65,1.65712,-1.04433
1998.51,1.65713,-1.04458
1999.38,1.65714,-1.04483
2000.24,1.65716,-1.04508
2001.11,1.65717,-1.04533
2001.98,1.65718,-1.04558
2002.84,1.65719,-1.04583
2003.71,1.65721,-1.04608
2004.58,1.65722,-1.04633
2005.44,1.65723,-1.04658
2006.31,1.65724,-1.04683
2007.18,1.65726,-1.04708
2008.04,1.65727,-1.04733
2008.91,1.65728,-1.04758
2009.78,1.65729,-1.04783
2010.64,1.6573,-1.04808
2011.51,1.65732,-1.04832
2012.38,1.65733,-1.04857
2013.25,1.65734,-1.04882
2014.11,1.65735,-1.04907
2014.98,1.65737,-1.04932
2015.85,1.65738,-1.04956
2016.72,1.65739,-1.04981
2017.59,1.6574,-1.05006
2018.46,1.65741,-1.0503
2019.32,1.65743,-1.05055
2020.19,1.65744,-1.05079
2021.06,1.65745,-1.05104
2021.93,1.65746,-1.05129
2022.8,1.65747,-1.05153
2023.67,1.65749,-1.05178
2024.54,1.6575,-1.05202
2025.41,1.65751,-1.05227
2026.28,1.65752,-1.05251
2027.15,1.65753,-1.05275
2028.02,1.65755,-1.053
2028.89,1.65756,-1.05324
2029.76,1.65757,-1.05349
2030.63,1.65758,-1.05373
2031.5,1.65759,-1.05397
2032.37,1.65761,-1.05422
2033.24,1.65762,-1.05446
2034.11,1.65763,-1.0547
2034.98,1.65764,-1.05494
2035.85,1.65765,-1.05519
2036.72,1.65767,-1.05543
2037.59,1.65768,-1.05567
2038.46,1.65769,-1.05591
2039.33,1.6577,-1.05615
2040.21,1.65771,-1.05639
2041.08,1.65772,-1.05664
2041.95,1.65774,-1.05688
2042.82,1.65775,-1.05712
2043.69,1.65776,-1.05736
2044.56,1.65777,-1.0576
2045.44,1.65778,-1.05784
2046.31,1.65779,-1.05808
2047.18,1.65781,-1.05832
2048.05,1.65782,-1.05856
2048.93,1.65783,-1.0588
2049.8,1.65784,-1.05903
2050.67,1.65785,-1.05927
2051.55,1.65786,-1.05951
2052.42,1.65788,-1.05975
2053.29,1.65789,-1.05999
2054.16,1.6579,-1.06023
2055.04,1.65791,-1.06046
2055.91,1.65792,-1.0607
2056.79,1.65793,-1.06094
2057.66,1.65794,-1.06118
2058.53,1.65796,-1.06141
2059.41,1.65797,-1.06165
2060.28,1.65798,-1.06189
2061.16,1.65799,-1.06212
2062.03,1.658,-1.06236
2062.9,1.65801,-1.06259
2063.78,1.65802,-1.06283
2064.65,1.65804,-1.06307
2065.53,1.65805,-1.0633
2066.4,1.65806,-1.06354
2067.28,1.65807,-1.06377
2068.15,1.65808,-1.06401
2069.03,1.65809,-1.06424
2069.9,1.6581,-1.06448
2070.78,1.65811,-1.06471
2071.66,1.65813,-1.06494
2072.53,1.65814,-1.06518
2073.41,1.65815,-1.06541
2074.28,1.65816,-1.06564
2075.16,1.65817,-1.06588
2076.03,1.65818,-1.06611
2076.91,1.65819,-1.06634
2077.79,1.6582,-1.06658
2078.66,1.65822,-1.06681
2079.54,1.65823,-1.06704
2080.42,1.65824,-1.06727
2081.29,1.65825,-1.0675
2082.17,1.65826,-1.06774
2083.05,1.65827,-1.06797
2083.93,1.65828,-1.0682
2084.8,1.65829,-1.06843
2085.68,1.6583,-1.06866
2086.56,1.65831,-1.06889
2087.43,1.65833,-1.06912
2088.31,1.65834,-1.06935
2089.19,1.65835,-1.06958
2090.07,1.65836,-1.06981
2090.95,1.65837,-1.07004
2091.82,1.65838,-1.07027
2092.7,1.65839,-1.0705
2093.58,1.6584,-1.07073
2094.46,1.65841,-1.07096
2095.34,1.65842,-1.07119
2096.22,1.65843,-1.07141
2097.1,1.65845,-1.07164
2097.97,1.65846,-1.07187
2098.85,1.65847,-1.0721
2099.73,1.65848,-1.07233
2100.61,1.65849,-1.07255
2101.49,1.6585,-1.07278
2102.37,1.65851,-1.07301
2103.25,1.65852,-1.07324
2104.13,1.65853,-1.07346
2105.01,1.65854,-1.07369
2105.89,1.65855,-1.07392
2106.77,1.65856,-1.07414
2107.65,1.65857,-1.07437
2108.53,1.65858,-1.07459
2109.41,1.6586,-1.07482
2110.29,1.65861,-1.07505
2111.17,1.65862,-1.07527
2112.05,1.65863,-1.0755
2112.93,1.65864,-1.07572
2113.81,1.65865,-1.07595
2114.69,1.65866,-1.07617
2115.58,1.65867,-1.07639
2116.46,1.65868,-1.07662
2117.34,1.65869,-1.07684
2118.22,1.6587,-1.07707
2119.1,1.65871,-1.07729
2119.98,1.65872,-1.07751
2120.86,1.65873,-1.07774
2121.75,1.65874,-1.07796
2122.63,1.65875,-1.07818
2123.51,1.65876,-1.07841
2124.39,1.65877,-1.07863
2125.27,1.65878,-1.07885
2126.16,1.65879,-1.07907
2127.04,1.6588,-1.07929
2127.92,1.65882,-1.07952
2128.8,1.65883,-1.07974
2129.69,1.65884,-1.07996
2130.57,1.65885,-1.08018
2131.45,1.65886,-1.0804
2132.33,1.65887,-1.08062
2133.22,1.65888,-1.08084
2134.1,1.65889,-1.08106
2134.98,1.6589,-1.08128
2135.87,1.65891,-1.0815
2136.75,1.65892,-1.08172
2137.64,1.65893,-1.08194
2138.52,1.65894,-1.08216
2139.4,1.65895,-1.08238
2140.29,1.65896,-1.0826
2141.17,1.65897,-1.08282
2142.06,1.65898,-1.08304
2142.94,1.65899,-1.08326
2143.82,1.659,-1.08348
2144.71,1.65901,-1.08369
2145.59,1.65902,-1.08391
2146.48,1.65903,-1.08413
2147.36,1.65904,-1.08435
2148.25,1.65905,-1.08457
2149.13,1.65906,-1.08478
2150.02,1.65907,-1.085
2150.9,1.65908,-1.08522
2151.79,1.65909,-1.08544
2152.67,1.6591,-1.08565
2153.56,1.65911,-1.08587
2154.44,1.65912,-1.08608
2155.33,1.65913,-1.0863
2156.22,1.65914,-1.08652
2157.1,1.65915,-1.08673
2157.99,1.65916,-1.08695
2158.87,1.65917,-1.08716
2159.76,1.65918,-1.08738
2160.65,1.65919,-1.08759
2161.53,1.6592,-1.08781
2162.42,1.65921,-1.08802
2163.31,1.65922,-1.08824
2164.19,1.65923,-1.08845
2165.08,1.65924,-1.08867
2165.97,1.65925,-1.08888
2166.85,1.65926,-1.0891
2167.74,1.65927,-1.08931
2168.63,1.65928,-1.08952
2169.51,1.65929,-1.08974
2170.4,1.6593,-1.08995
2171.29,1.65931,-1.09016
2172.18,1.65932,-1.09037
2173.06,1.65933,-1.09059
2173.95,1.65934,-1.0908
2174.84,1.65935,-1.09101
2175.73,1.65936,-1.09122
2176.62,1.65937,-1.09144
2177.5,1.65938,-1.09165
2178.39,1.65938,-1.09186
2179.28,1.65939,-1.09207
2180.17,1.6594,-1.09228
2181.06,1.65941,-1.09249
2181.95,1.65942,-1.0927
2182.83,1.65943,-1.09292
2183.72,1.65944,-1.09313
2184.61,1.65945,-1.09334
2185.5,1.65946,-1.09355
2186.39,1.65947,-1.09376
2187.28,1.65948,-1.09397
2188.17,1.65949,-1.09418
2189.06,1.6595,-1.09439
2189.95,1.65951,-1.0946
2190.84,1.65952,-1.0948
2191.73,1.65953,-1.09501
2192.62,1.65954,-1.09522
2193.51,1.65955,-1.09543
2194.4,1.65956,-1.09564
2195.29,1.65957,-1.09585
2196.18,1.65958,-1.09606
2197.07,1.65958,-1.09626
2197.96,1.65959,-1.09647
2198.85,1.6596,-1.09668
2199.74,1.65961,-1.09689
2200.63,1.65962,-1.0971
2201.52,1.65963,-1.0973
2202.41,1.65964,-1.09751
2203.3,1.65965,-1.09772
2204.19,1.65966,-1.09792
2205.08,1.65967,-1.09813
2205.97,1.65968,-1.09834
2206.87,1.65969,-1.09854
2207.76,1.6597,-1.09875
2208.65,1.65971,-1.09895
2209.54,1.65972,-1.09916
2210.43,1.65972,-1.09937
2211.32,1.65973,-1.09957
2212.22,1.65974,-1.09978
2213.11,1.65975,-1.09998
2214,1.65976,-1.10019
2214.89,1.65977,-1.10039
2215.78,1.65978,-1.1006
2216.68,1.65979,-1.1008
2217.57,1.6598,-1.101
2218.46,1.65981,-1.10121
2219.35,1.65982,-1.10141
2220.25,1.65983,-1.10162
2221.14,1.65983,-1.10182
2222.03,1.65984,-1.10202
2222.92,1.65985,-1.10223
2223.82,1.65986,-1.10243
2224.71,1.65987,-1.10263
2225.6,1.65988,-1.10284
2226.5,1.65989,-1.10304
2227.39,1.6599,-1.10324
2228.28,1.65991,-1.10344
2229.18,1.65992,-1.10364
2230.07,1.65992,-1.10385
2230.97,1.65993,-1.10405
2231.86,1.65994,-1.10425
2232.75,1.65995,-1.10445
2233.65,1.65996,-1.10465
2234.54,1.65997,-1.10485
2235.44,1.65998,-1.10505
