1000,1.57009,0.000862981
1000,1.56938,0.000155168
1000.01,1.56867,-0.000552644
1000.01,1.56797,-0.00126045
1000.01,1.56726,-0.00196826
1000.02,1.56655,-0.00267607
1000.03,1.56584,-0.00338387
1000.03,1.56513,-0.00409166
1000.04,1.56443,-0.00479945
1000.05,1.56372,-0.00550723
1000.06,1.56301,-0.00621501
1000.07,1.5623,-0.00692278
1000.08,1.5616,-0.00763054
1000.1,1.56089,-0.00833829
1000.11,1.56018,-0.00904603
1000.13,1.55947,-0.00975376
1000.14,1.55876,-0.0104615
1000.16,1.55806,-0.0111692
1000.18,1.55735,-0.0118769
1000.2,1.55664,-0.0125846
1000.22,1.55593,-0.0132922
1000.24,1.55523,-0.0139999
1000.26,1.55452,-0.0147075
1000.29,1.55381,-0.0154151
1000.31,1.55311,-0.0161227
1000.34,1.5524,-0.0168303
1000.36,1.55169,-0.0175379
1000.39,1.55098,-0.0182455
1000.42,1.55028,-0.018953
1000.45,1.54957,-0.0196605
1000.48,1.54886,-0.020368
1000.51,1.54816,-0.0210754
1000.54,1.54745,-0.0217829
1000.58,1.54674,-0.0224903
1000.61,1.54604,-0.0231977
1000.65,1.54533,-0.0239051
1000.68,1.54462,-0.0246124
1000.72,1.54392,-0.0253198
1000.76,1.54321,-0.026027
1000.8,1.5425,-0.0267343
1000.84,1.5418,-0.0274416
1000.88,1.54109,-0.0281488
1000.92,1.54038,-0.0288559
1000.97,1.53968,-0.0295631
1001.01,1.53897,-0.0302702
1001.06,1.53827,-0.0309773
1001.1,1.53756,-0.0316844
1001.15,1.53685,-0.0323914
1001.2,1.53615,-0.0330984
1001.25,1.53544,-0.0338053
1001.3,1.53474,-0.0345122
1001.35,1.53403,-0.0352191
1001.4,1.53333,-0.035926
1001.45,1.53262,-0.0366328
1001.51,1.53192,-0.0373396
1001.56,1.53121,-0.0380463
1001.62,1.53051,-0.038753
1001.68,1.5298,-0.0394596
1001.74,1.5291,-0.0401663
1001.8,1.52839,-0.0408728
1001.86,1.52769,-0.0415794
1001.92,1.52698,-0.0422858
1001.98,1.52628,-0.0429923
1002.04,1.52557,-0.0436987
1002.11,1.52487,-0.044405
1002.17,1.52416,-0.0451113
1002.24,1.52346,-0.0458176
1002.31,1.52276,-0.0465238
1002.37,1.52205,-0.04723
1002.44,1.52135,-0.0479361
1002.51,1.52065,-0.0486422
1002.58,1.51994,-0.0493482
1002.66,1.51924,-0.0500542
1002.73,1.51854,-0.0507601
1002.8,1.51783,-0.051466
1002.88,1.51713,-0.0521718
1002.96,1.51643,-0.0528775
1003.03,1.51573,-0.0535832
1003.11,1.51502,-0.0542889
1003.19,1.51432,-0.0549945
1003.27,1.51362,-0.0557
1003.35,1.51292,-0.0564055
1003.43,1.51222,-0.0571109
1003.52,1.51151,-0.0578163
1003.6,1.51081,-0.0585216
1003.69,1.51011,-0.0592269
1003.77,1.50941,-0.0599321
1003.86,1.50871,-0.0606372
1003.95,1.50801,-0.0613423
1004.04,1.50731,-0.0620473
1004.13,1.50661,-0.0627522
1004.22,1.50591,-0.0634571
1004.31,1.50521,-0.0641619
1004.4,1.50451,-0.0648666
1004.5,1.50381,-0.0655713
1004.59,1.50311,-0.0662759
1004.69,1.50241,-0.0669805
1004.78,1.50171,-0.067685
1004.88,1.50101,-0.0683894
1004.98,1.50031,-0.0690937
1005.08,1.49961,-0.069798
1005.18,1.49891,-0.0705022
1005.28,1.49821,-0.0712063
1005.39,1.49751,-0.0719104
1005.49,1.49681,-0.0726144
1005.6,1.49612,-0.0733183
1005.7,1.49542,-0.0740221
1005.81,1.49472,-0.0747259
1005.92,1.49402,-0.0754296
1006.03,1.49333,-0.0761332
1006.14,1.49263,-0.0768368
1006.25,1.49193,-0.0775402
1006.36,1.49123,-0.0782436
1006.47,1.49054,-0.0789469
1006.58,1.48984,-0.0796501
1006.7,1.48915,-0.0803533
1006.81,1.48845,-0.0810563
1006.93,1.48775,-0.0817593
1007.05,1.48706,-0.0824622
1007.17,1.48636,-0.083165
1007.29,1.48567,-0.0838678
1007.41,1.48497,-0.0845704
1007.53,1.48428,-0.085273
1007.65,1.48358,-0.0859755
1007.77,1.48289,-0.0866779
1007.9,1.4822,-0.0873802
1008.02,1.4815,-0.0880824
1008.15,1.48081,-0.0887845
1008.28,1.48011,-0.0894866
1008.41,1.47942,-0.0901885
1008.54,1.47873,-0.0908904
1008.67,1.47804,-0.0915922
1008.8,1.47734,-0.0922938
1008.93,1.47665,-0.0929954
1009.06,1.47596,-0.0936969
1009.2,1.47527,-0.0943983
1009.33,1.47457,-0.0950996
1009.47,1.47388,-0.0958008
1009.61,1.47319,-0.096502
1009.74,1.4725,-0.097203
1009.88,1.47181,-0.0979039
1010.02,1.47112,-0.0986047
1010.16,1.47043,-0.0993054
1010.31,1.46974,-0.100006
1010.45,1.46905,-0.100707
1010.59,1.46836,-0.101407
1010.74,1.46767,-0.102107
1010.88,1.46698,-0.102808
1011.03,1.46629,-0.103508
1011.18,1.4656,-0.104208
1011.33,1.46492,-0.104908
1011.48,1.46423,-0.105607
1011.63,1.46354,-0.106307
1011.78,1.46285,-0.107007
1011.93,1.46217,-0.107706
1012.09,1.46148,-0.108406
1012.24,1.46079,-0.109105
1012.4,1.46011,-0.109804
1012.55,1.45942,-0.110503
1012.71,1.45873,-0.111202
1012.87,1.45805,-0.111901
1013.03,1.45736,-0.1126
1013.19,1.45668,-0.113298
1013.35,1.45599,-0.113997
1013.51,1.45531,-0.114695
1013.67,1.45462,-0.115394
1013.84,1.45394,-0.116092
1014,1.45326,-0.11679
1014.17,1.45257,-0.117488
1014.34,1.45189,-0.118186
1014.5,1.45121,-0.118883
1014.67,1.45052,-0.119581
1014.84,1.44984,-0.120278
1015.01,1.44916,-0.120976
1015.19,1.44848,-0.121673
1015.36,1.4478,-0.12237
1015.53,1.44712,-0.123067
1015.71,1.44643,-0.123764
1015.88,1.44575,-0.124461
1016.06,1.44507,-0.125157
1016.24,1.44439,-0.125854
1016.42,1.44371,-0.12655
1016.6,1.44303,-0.127246
1016.78,1.44236,-0.127943
1016.96,1.44168,-0.128639
1017.14,1.441,-0.129334
1017.32,1.44032,-0.13003
1017.51,1.43964,-0.130726
1017.69,1.43896,-0.131421
1017.88,1.43829,-0.132117
1018.06,1.43761,-0.132812
1018.25,1.43693,-0.133507
1018.44,1.43626,-0.134202
1018.63,1.43558,-0.134897
1018.82,1.43491,-0.135592
1019.01,1.43423,-0.136286
1019.21,1.43356,-0.136981
1019.4,1.43288,-0.137675
1019.6,1.43221,-0.138369
1019.79,1.43153,-0.139063
1019.99,1.43086,-0.139757
1020.19,1.43019,-0.140451
1020.38,1.42951,-0.141145
1020.58,1.42884,-0.141838
1020.78,1.42817,-0.142531
1020.98,1.4275,-0.143225
1021.19,1.42682,-0.143918
1021.39,1.42615,-0.144611
1021.59,1.42548,-0.145304
1021.8,1.42481,-0.145996
1022,1.42414,-0.146689
1022.21,1.42347,-0.147381
1022.42,1.4228,-0.148073
1022.63,1.42213,-0.148765
1022.84,1.42146,-0.149457
1023.05,1.42079,-0.150149
1023.26,1.42012,-0.150841
1023.47,1.41946,-0.151532
1023.69,1.41879,-0.152224
1023.9,1.41812,-0.152915
1024.12,1.41745,-0.153606
1024.33,1.41679,-0.154297
1024.55,1.41612,-0.154988
1024.77,1.41546,-0.155678
1024.99,1.41479,-0.156369
1025.21,1.41413,-0.157059
1025.43,1.41346,-0.157749
1025.65,1.4128,-0.158439
1025.87,1.41213,-0.159129
1026.09,1.41147,-0.159819
1026.32,1.41081,-0.160508
1026.54,1.41014,-0.161198
1026.77,1.40948,-0.161887
1027,1.40882,-0.162576
1027.23,1.40816,-0.163265
1027.46,1.40749,-0.163954
1027.69,1.40683,-0.164642
1027.92,1.40617,-0.165331
1028.15,1.40551,-0.166019
1028.38,1.40485,-0.166707
1028.62,1.40419,-0.167395
1028.85,1.40353,-0.168083
1029.09,1.40287,-0.168771
1029.32,1.40222,-0.169458
1029.56,1.40156,-0.170146
1029.8,1.4009,-0.170833
1030.04,1.40024,-0.17152
1030.28,1.39958,-0.172207
1030.52,1.39893,-0.172893
1030.76,1.39827,-0.17358
1031,1.39762,-0.174266
1031.25,1.39696,-0.174952
1031.49,1.39631,-0.175638
1031.74,1.39565,-0.176324
1031.98,1.395,-0.17701
1032.23,1.39434,-0.177695
1032.48,1.39369,-0.178381
1032.73,1.39304,-0.179066
1032.98,1.39238,-0.179751
1033.23,1.39173,-0.180436
1033.48,1.39108,-0.18112
1033.74,1.39043,-0.181805
1033.99,1.38978,-0.182489
1034.24,1.38913,-0.183173
1034.5,1.38848,-0.183857
1034.76,1.38783,-0.184541
1035.01,1.38718,-0.185225
1035.27,1.38653,-0.185908
1035.53,1.38588,-0.186591
1035.79,1.38523,-0.187274
1036.05,1.38458,-0.187957
1036.31,1.38394,-0.18864
1036.58,1.38329,-0.189323
1036.84,1.38264,-0.190005
1037.11,1.382,-0.190687
1037.37,1.38135,-0.191369
1037.64,1.38071,-0.192051
1037.9,1.38006,-0.192733
1038.17,1.37942,-0.193414
1038.44,1.37877,-0.194095
1038.71,1.37813,-0.194777
1038.98,1.37748,-0.195457
1039.25,1.37684,-0.196138
1039.53,1.3762,-0.196819
1039.8,1.37556,-0.197499
1040.08,1.37492,-0.198179
1040.35,1.37428,-0.198859
1040.63,1.37363,-0.199539
1040.9,1.37299,-0.200219
1041.18,1.37235,-0.200898
1041.46,1.37172,-0.201577
1041.74,1.37108,-0.202256
1042.02,1.37044,-0.202935
1042.3,1.3698,-0.203614
1042.59,1.36916,-0.204292
1042.87,1.36852,-0.204971
1043.15,1.36789,-0.205649
1043.44,1.36725,-0.206327
1043.72,1.36662,-0.207004
1044.01,1.36598,-0.207682
1044.3,1.36535,-0.208359
1044.59,1.36471,-0.209036
1044.88,1.36408,-0.209713
1045.17,1.36344,-0.21039
1045.46,1.36281,-0.211067
1045.75,1.36218,-0.211743
1046.04,1.36154,-0.212419
1046.34,1.36091,-0.213095
1046.63,1.36028,-0.213771
1046.93,1.35965,-0.214446
1047.22,1.35902,-0.215122
1047.52,1.35839,-0.215797
1047.82,1.35776,-0.216472
1048.12,1.35713,-0.217147
1048.42,1.3565,-0.217821
1048.72,1.35587,-0.218495
1049.02,1.35525,-0.21917
1049.32,1.35462,-0.219843
1049.63,1.35399,-0.220517
1049.93,1.35337,-0.221191
1050.24,1.35274,-0.221864
1050.54,1.35211,-0.222537
1050.85,1.35149,-0.22321
1051.16,1.35086,-0.223883
1051.47,1.35024,-0.224555
1051.78,1.34962,-0.225228
1052.09,1.34899,-0.2259
1052.4,1.34837,-0.226572
1052.71,1.34775,-0.227243
1053.02,1.34713,-0.227915
1053.34,1.3465,-0.228586
1053.65,1.34588,-0.229257
1053.97,1.34526,-0.229928
1054.28,1.34464,-0.230599
1054.6,1.34402,-0.231269
1054.92,1.3434,-0.231939
1055.24,1.34279,-0.232609
1055.56,1.34217,-0.233279
1055.88,1.34155,-0.233948
1056.2,1.34093,-0.234618
1056.52,1.34032,-0.235287
1056.84,1.3397,-0.235956
1057.17,1.33908,-0.236625
1057.49,1.33847,-0.237293
1057.82,1.33785,-0.237961
1058.14,1.33724,-0.238629
1058.47,1.33663,-0.239297
1058.8,1.33601,-0.239965
1059.13,1.3354,-0.240632
1059.46,1.33479,-0.241299
1059.79,1.33418,-0.241966
1060.12,1.33357,-0.242633
1060.45,1.33295,-0.2433
1060.79,1.33234,-0.243966
1061.12,1.33173,-0.244632
1061.46,1.33112,-0.245298
1061.79,1.33052,-0.245963
1062.13,1.32991,-0.246629
1062.46,1.3293,-0.247294
1062.8,1.32869,-0.247959
1063.14,1.32808,-0.248624
1063.48,1.32748,-0.249288
1063.82,1.32687,-0.249953
1064.16,1.32627,-0.250617
1064.51,1.32566,-0.25128
1064.85,1.32506,-0.251944
1065.19,1.32445,-0.252607
1065.54,1.32385,-0.253271
1065.88,1.32325,-0.253934
1066.23,1.32264,-0.254596
1066.58,1.32204,-0.255259
1066.93,1.32144,-0.255921
1067.28,1.32084,-0.256583
1067.63,1.32024,-0.257245
1067.98,1.31964,-0.257906
1068.33,1.31904,-0.258568
1068.68,1.31844,-0.259229
1069.03,1.31784,-0.25989
1069.39,1.31724,-0.26055
1069.74,1.31665,-0.261211
1070.1,1.31605,-0.261871
1070.45,1.31545,-0.262531
1070.81,1.31486,-0.26319
1071.17,1.31426,-0.26385
1071.53,1.31367,-0.264509
1071.89,1.31307,-0.265168
1072.25,1.31248,-0.265827
1072.61,1.31188,-0.266485
1072.97,1.31129,-0.267143
1073.33,1.3107,-0.267801
1073.7,1.31011,-0.268459
1074.06,1.30951,-0.269117
1074.43,1.30892,-0.269774
1074.79,1.30833,-0.270431
1075.16,1.30774,-0.271088
1075.53,1.30715,-0.271745
1075.9,1.30657,-0.272401
1076.27,1.30598,-0.273057
1076.64,1.30539,-0.273713
1077.01,1.3048,-0.274369
1077.38,1.30421,-0.275024
1077.75,1.30363,-0.275679
1078.12,1.30304,-0.276334
1078.5,1.30246,-0.276989
1078.87,1.30187,-0.277643
1079.25,1.30129,-0.278297
1079.63,1.3007,-0.278951
1080,1.30012,-0.279605
1080.38,1.29954,-0.280258
1080.76,1.29896,-0.280912
1081.14,1.29837,-0.281565
1081.52,1.29779,-0.282217
1081.9,1.29721,-0.28287
1082.28,1.29663,-0.283522
1082.67,1.29605,-0.284174
1083.05,1.29547,-0.284826
1083.43,1.29489,-0.285477
1083.82,1.29432,-0.286128
1084.21,1.29374,-0.286779
1084.59,1.29316,-0.28743
1084.98,1.29259,-0.28808
1085.37,1.29201,-0.288731
1085.76,1.29143,-0.28938
1086.15,1.29086,-0.29003
1086.54,1.29029,-0.29068
1086.93,1.28971,-0.291329
1087.32,1.28914,-0.291978
1087.71,1.28857,-0.292626
1088.11,1.28799,-0.293275
1088.5,1.28742,-0.293923
1088.9,1.28685,-0.294571
1089.29,1.28628,-0.295219
1089.69,1.28571,-0.295866
1090.09,1.28514,-0.296513
1090.49,1.28457,-0.29716
1090.89,1.284,-0.297807
1091.29,1.28343,-0.298453
1091.69,1.28287,-0.299099
1092.09,1.2823,-0.299745
1092.49,1.28173,-0.300391
1092.89,1.28117,-0.301036
1093.3,1.2806,-0.301681
1093.7,1.28004,-0.302326
1094.11,1.27947,-0.302971
1094.51,1.27891,-0.303615
1094.92,1.27834,-0.304259
1095.33,1.27778,-0.304903
1095.74,1.27722,-0.305546
1096.15,1.27666,-0.30619
1096.56,1.2761,-0.306833
1096.97,1.27554,-0.307476
1097.38,1.27498,-0.308118
1097.79,1.27442,-0.30876
1098.2,1.27386,-0.309402
1098.62,1.2733,-0.310044
1099.03,1.27274,-0.310685
1099.45,1.27218,-0.311327
1099.86,1.27163,-0.311967
1100.28,1.27107,-0.312608
1100.7,1.27051,-0.313248
1101.12,1.26996,-0.313889
1101.53,1.2694,-0.314528
1101.95,1.26885,-0.315168
1102.37,1.2683,-0.315807
1102.8,1.26774,-0.316446
1103.22,1.26719,-0.317085
1103.64,1.26664,-0.317724
1104.06,1.26609,-0.318362
1104.49,1.26554,-0.319
1104.91,1.26499,-0.319638
1105.34,1.26444,-0.320275
1105.76,1.26389,-0.320912
1106.19,1.26334,-0.321549
1106.62,1.26279,-0.322186
1107.05,1.26224,-0.322822
1107.48,1.2617,-0.323458
1107.91,1.26115,-0.324094
1108.34,1.2606,-0.32473
1108.77,1.26006,-0.325365
1109.2,1.25951,-0.326
1109.64,1.25897,-0.326635
1110.07,1.25842,-0.327269
1110.5,1.25788,-0.327903
1110.94,1.25734,-0.328537
1111.38,1.2568,-0.329171
1111.81,1.25625,-0.329804
1112.25,1.25571,-0.330437
1112.69,1.25517,-0.33107
1113.13,1.25463,-0.331702
1113.57,1.25409,-0.332335
1114.01,1.25355,-0.332967
1114.45,1.25301,-0.333598
1114.89,1.25248,-0.33423
1115.33,1.25194,-0.334861
1115.77,1.2514,-0.335492
1116.22,1.25087,-0.336122
1116.66,1.25033,-0.336753
1117.11,1.2498,-0.337383
1117.55,1.24926,-0.338013
1118,1.24873,-0.338642
1118.45,1.24819,-0.339271
1118.9,1.24766,-0.3399
1119.35,1.24713,-0.340529
1119.8,1.2466,-0.341157
1120.25,1.24606,-0.341785
1120.7,1.24553,-0.342413
1121.15,1.245,-0.343041
1121.6,1.24447,-0.343668
1122.05,1.24394,-0.344295
1122.51,1.24342,-0.344921
1122.96,1.24289,-0.345548
1123.42,1.24236,-0.346174
1123.87,1.24183,-0.3468
1124.33,1.24131,-0.347425
1124.79,1.24078,-0.348051
1125.25,1.24026,-0.348675
1125.71,1.23973,-0.3493
1126.17,1.23921,-0.349925
1126.63,1.23868,-0.350549
1127.09,1.23816,-0.351173
1127.55,1.23764,-0.351796
1128.01,1.23711,-0.352419
1128.47,1.23659,-0.353042
1128.94,1.23607,-0.353665
1129.4,1.23555,-0.354287
1129.87,1.23503,-0.35491
1130.33,1.23451,-0.355531
1130.8,1.23399,-0.356153
1131.27,1.23348,-0.356774
1131.73,1.23296,-0.357395
1132.2,1.23244,-0.358016
1132.67,1.23192,-0.358636
1133.14,1.23141,-0.359256
1133.61,1.23089,-0.359876
1134.08,1.23038,-0.360496
1134.56,1.22986,-0.361115
1135.03,1.22935,-0.361734
1135.5,1.22884,-0.362353
1135.98,1.22832,-0.362971
1136.45,1.22781,-0.363589
1136.93,1.2273,-0.364207
1137.4,1.22679,-0.364824
1137.88,1.22628,-0.365442
1138.36,1.22577,-0.366058
1138.83,1.22526,-0.366675
1139.31,1.22475,-0.367291
1139.79,1.22424,-0.367907
1140.27,1.22373,-0.368523
1140.75,1.22323,-0.369139
1141.24,1.22272,-0.369754
1141.72,1.22221,-0.370369
1142.2,1.22171,-0.370983
1142.68,1.2212,-0.371598
1143.17,1.2207,-0.372212
1143.65,1.22019,-0.372825
1144.14,1.21969,-0.373439
1144.62,1.21919,-0.374052
1145.11,1.21869,-0.374665
1145.6,1.21818,-0.375277
1146.09,1.21768,-0.375889
1146.58,1.21718,-0.376501
1147.07,1.21668,-0.377113
1147.56,1.21618,-0.377724
1148.05,1.21568,-0.378335
1148.54,1.21519,-0.378946
1149.03,1.21469,-0.379556
1149.52,1.21419,-0.380166
1150.02,1.21369,-0.380776
1150.51,1.2132,-0.381386
1151.01,1.2127,-0.381995
1151.5,1.21221,-0.382604
1152,1.21171,-0.383213
1152.49,1.21122,-0.383821
1152.99,1.21072,-0.384429
1153.49,1.21023,-0.385037
1153.99,1.20974,-0.385644
1154.49,1.20925,-0.386252
1154.99,1.20876,-0.386858
1155.49,1.20826,-0.387465
1155.99,1.20777,-0.388071
1156.49,1.20728,-0.388677
1156.99,1.2068,-0.389283
1157.5,1.20631,-0.389888
1158,1.20582,-0.390493
1158.51,1.20533,-0.391098
1159.01,1.20484,-0.391702
1159.52,1.20436,-0.392307
1160.02,1.20387,-0.39291
1160.53,1.20339,-0.393514
1161.04,1.2029,-0.394117
1161.55,1.20242,-0.39472
1162.06,1.20193,-0.395323
1162.57,1.20145,-0.395925
1163.08,1.20097,-0.396527
1163.59,1.20049,-0.397129
1164.1,1.2,-0.39773
1164.61,1.19952,-0.398331
1165.12,1.19904,-0.398932
1165.64,1.19856,-0.399533
1166.15,1.19808,-0.400133
1166.67,1.19761,-0.400733
1167.18,1.19713,-0.401332
1167.7,1.19665,-0.401932
1168.21,1.19617,-0.402531
1168.73,1.1957,-0.403129
1169.25,1.19522,-0.403728
1169.77,1.19474,-0.404326
1170.29,1.19427,-0.404924
1170.81,1.19379,-0.405521
1171.33,1.19332,-0.406118
1171.85,1.19285,-0.406715
1172.37,1.19237,-0.407312
1172.89,1.1919,-0.407908
1173.41,1.19143,-0.408504
1173.94,1.19096,-0.409099
1174.46,1.19049,-0.409695
1174.99,1.19002,-0.41029
1175.51,1.18955,-0.410884
1176.04,1.18908,-0.411479
1176.57,1.18861,-0.412073
1177.09,1.18814,-0.412667
1177.62,1.18768,-0.41326
1178.15,1.18721,-0.413853
1178.68,1.18674,-0.414446
1179.21,1.18628,-0.415039
1179.74,1.18581,-0.415631
1180.27,1.18535,-0.416223
1180.8,1.18488,-0.416814
1181.33,1.18442,-0.417406
1181.86,1.18396,-0.417997
1182.4,1.18349,-0.418587
1182.93,1.18303,-0.419178
1183.47,1.18257,-0.419768
1184,1.18211,-0.420357
1184.54,1.18165,-0.420947
1185.07,1.18119,-0.421536
1185.61,1.18073,-0.422125
1186.15,1.18027,-0.422713
1186.69,1.17981,-0.423302
1187.22,1.17936,-0.423889
1187.76,1.1789,-0.424477
1188.3,1.17844,-0.425064
1188.84,1.17799,-0.425651
1189.38,1.17753,-0.426238
1189.93,1.17708,-0.426824
1190.47,1.17662,-0.42741
1191.01,1.17617,-0.427996
1191.56,1.17571,-0.428581
1192.1,1.17526,-0.429166
1192.64,1.17481,-0.429751
1193.19,1.17436,-0.430335
1193.73,1.17391,-0.43092
1194.28,1.17345,-0.431503
1194.83,1.173,-0.432087
1195.38,1.17255,-0.43267
1195.92,1.17211,-0.433253
1196.47,1.17166,-0.433836
1197.02,1.17121,-0.434418
1197.57,1.17076,-0.435
1198.12,1.17031,-0.435581
1198.67,1.16987,-0.436163
1199.23,1.16942,-0.436744
1199.78,1.16898,-0.437324
1200.33,1.16853,-0.437905
1200.88,1.16809,-0.438485
1201.44,1.16764,-0.439064
1201.99,1.1672,-0.439644
1202.55,1.16676,-0.440223
1203.1,1.16632,-0.440802
1203.66,1.16587,-0.44138
1204.22,1.16543,-0.441958
1204.77,1.16499,-0.442536
1205.33,1.16455,-0.443114
1205.89,1.16411,-0.443691
1206.45,1.16367,-0.444268
1207.01,1.16324,-0.444844
1207.57,1.1628,-0.445421
1208.13,1.16236,-0.445996
1208.69,1.16192,-0.446572
1209.25,1.16149,-0.447147
1209.82,1.16105,-0.447722
1210.38,1.16062,-0.448297
1210.94,1.16018,-0.448871
1211.51,1.15975,-0.449445
1212.07,1.15931,-0.450019
1212.64,1.15888,-0.450592
1213.2,1.15845,-0.451166
1213.77,1.15801,-0.451738
1214.34,1.15758,-0.452311
1214.9,1.15715,-0.452883
1215.47,1.15672,-0.453455
1216.04,1.15629,-0.454026
1216.61,1.15586,-0.454597
1217.18,1.15543,-0.455168
1217.75,1.155,-0.455739
1218.32,1.15458,-0.456309
1218.89,1.15415,-0.456879
1219.46,1.15372,-0.457448
1220.04,1.15329,-0.458018
1220.61,1.15287,-0.458587
1221.18,1.15244,-0.459155
1221.76,1.15202,-0.459723
1222.33,1.15159,-0.460291
1222.91,1.15117,-0.460859
1223.48,1.15075,-0.461426
1224.06,1.15032,-0.461993
1224.64,1.1499,-0.46256
1225.21,1.14948,-0.463126
1225.79,1.14906,-0.463693
1226.37,1.14864,-0.464258
1226.95,1.14822,-0.464824
1227.53,1.1478,-0.465389
1228.11,1.14738,-0.465954
1228.69,1.14696,-0.466518
1229.27,1.14654,-0.467082
1229.85,1.14612,-0.467646
1230.44,1.14571,-0.468209
1231.02,1.14529,-0.468773
1231.6,1.14487,-0.469335
1232.19,1.14446,-0.469898
1232.77,1.14404,-0.47046
1233.36,1.14363,-0.471022
1233.94,1.14322,-0.471584
1234.53,1.1428,-0.472145
1235.11,1.14239,-0.472706
1235.7,1.14198,-0.473266
1236.29,1.14156,-0.473827
1236.88,1.14115,-0.474387
1237.47,1.14074,-0.474946
1238.06,1.14033,-0.475506
1238.65,1.13992,-0.476065
1239.24,1.13951,-0.476623
1239.83,1.1391,-0.477182
1240.42,1.13869,-0.47774
1241.01,1.13829,-0.478297
1241.6,1.13788,-0.478855
1242.2,1.13747,-0.479412
1242.79,1.13707,-0.479969
1243.38,1.13666,-0.480525
1243.98,1.13625,-0.481081
1244.57,1.13585,-0.481637
1245.17,1.13545,-0.482192
1245.76,1.13504,-0.482747
1246.36,1.13464,-0.483302
1246.96,1.13424,-0.483857
1247.56,1.13383,-0.484411
1248.15,1.13343,-0.484965
1248.75,1.13303,-0.485518
1249.35,1.13263,-0.486071
1249.95,1.13223,-0.486624
1250.55,1.13183,-0.487177
1251.15,1.13143,-0.487729
1251.75,1.13103,-0.488281
1252.36,1.13063,-0.488832
1252.96,1.13023,-0.489384
1253.56,1.12984,-0.489935
1254.16,1.12944,-0.490485
1254.77,1.12904,-0.491035
1255.37,1.12865,-0.491585
1255.98,1.12825,-0.492135
1256.58,1.12786,-0.492684
1257.19,1.12746,-0.493233
1257.79,1.12707,-0.493782
1258.4,1.12668,-0.49433
1259.01,1.12628,-0.494878
1259.62,1.12589,-0.495426
1260.22,1.1255,-0.495973
1260.83,1.12511,-0.49652
1261.44,1.12472,-0.497067
1262.05,1.12433,-0.497614
1262.66,1.12394,-0.49816
1263.27,1.12355,-0.498705
1263.88,1.12316,-0.499251
1264.5,1.12277,-0.499796
1265.11,1.12238,-0.500341
1265.72,1.12199,-0.500885
1266.33,1.12161,-0.501429
1266.95,1.12122,-0.501973
1267.56,1.12083,-0.502516
1268.18,1.12045,-0.50306
1268.79,1.12006,-0.503602
1269.41,1.11968,-0.504145
1270.02,1.1193,-0.504687
1270.64,1.11891,-0.505229
1271.26,1.11853,-0.505771
1271.88,1.11815,-0.506312
1272.49,1.11776,-0.506853
1273.11,1.11738,-0.507393
1273.73,1.117,-0.507933
1274.35,1.11662,-0.508473
1274.97,1.11624,-0.509013
1275.59,1.11586,-0.509552
1276.21,1.11548,-0.510091
1276.83,1.1151,-0.51063
1277.46,1.11472,-0.511168
1278.08,1.11435,-0.511706
1278.7,1.11397,-0.512244
1279.32,1.11359,-0.512781
1279.95,1.11322,-0.513318
1280.57,1.11284,-0.513854
1281.2,1.11247,-0.514391
1281.82,1.11209,-0.514927
1282.45,1.11172,-0.515463
1283.08,1.11134,-0.515998
1283.7,1.11097,-0.516533
1284.33,1.1106,-0.517068
1284.96,1.11022,-0.517602
1285.59,1.10985,-0.518136
1286.21,1.10948,-0.51867
1286.84,1.10911,-0.519203
1287.47,1.10874,-0.519736
1288.1,1.10837,-0.520269
1288.73,1.108,-0.520801
1289.36,1.10763,-0.521334
1290,1.10726,-0.521865
1290.63,1.10689,-0.522397
1291.26,1.10653,-0.522928
1291.89,1.10616,-0.523459
1292.53,1.10579,-0.523989
1293.16,1.10543,-0.524519
1293.79,1.10506,-0.525049
1294.43,1.10469,-0.525579
1295.06,1.10433,-0.526108
1295.7,1.10396,-0.526637
1296.34,1.1036,-0.527165
1296.97,1.10324,-0.527694
1297.61,1.10287,-0.528222
1298.25,1.10251,-0.528749
1298.88,1.10215,-0.529276
1299.52,1.10179,-0.529803
1300.16,1.10143,-0.53033
1300.8,1.10107,-0.530856
1301.44,1.10071,-0.531382
1302.08,1.10035,-0.531908
1302.72,1.09999,-0.532433
1303.36,1.09963,-0.532958
1304,1.09927,-0.533483
1304.65,1.09891,-0.534007
1305.29,1.09856,-0.534531
1305.93,1.0982,-0.535054
1306.58,1.09784,-0.535578
1307.22,1.09749,-0.536101
1307.86,1.09713,-0.536624
1308.51,1.09678,-0.537146
1309.15,1.09642,-0.537668
1309.8,1.09607,-0.53819
1310.44,1.09571,-0.538711
1311.09,1.09536,-0.539232
1311.74,1.09501,-0.539753
1312.39,1.09465,-0.540273
1313.03,1.0943,-0.540793
1313.68,1.09395,-0.541313
1314.33,1.0936,-0.541833
1314.98,1.09325,-0.542352
1315.63,1.0929,-0.542871
1316.28,1.09255,-0.543389
1316.93,1.0922,-0.543907
1317.58,1.09185,-0.544425
1318.23,1.0915,-0.544942
1318.88,1.09116,-0.54546
1319.54,1.09081,-0.545977
1320.19,1.09046,-0.546493
1320.84,1.09012,-0.547009
1321.49,1.08977,-0.547525
1322.15,1.08942,-0.548041
1322.8,1.08908,-0.548556
1323.46,1.08873,-0.549071
1324.11,1.08839,-0.549585
1324.77,1.08805,-0.5501
1325.42,1.0877,-0.550614
1326.08,1.08736,-0.551127
1326.74,1.08702,-0.55164
1327.4,1.08668,-0.552153
1328.05,1.08634,-0.552666
1328.71,1.08599,-0.553178
1329.37,1.08565,-0.55369
1330.03,1.08531,-0.554202
1330.69,1.08497,-0.554713
1331.35,1.08463,-0.555224
1332.01,1.0843,-0.555735
1332.67,1.08396,-0.556246
1333.33,1.08362,-0.556756
1333.99,1.08328,-0.557265
1334.65,1.08294,-0.557775
1335.32,1.08261,-0.558284
1335.98,1.08227,-0.558793
1336.64,1.08194,-0.559301
1337.31,1.0816,-0.559809
1337.97,1.08127,-0.560317
1338.64,1.08093,-0.560824
1339.3,1.0806,-0.561331
1339.97,1.08026,-0.561838
1340.63,1.07993,-0.562345
1341.3,1.0796,-0.562851
1341.96,1.07927,-0.563357
1342.63,1.07893,-0.563862
1343.3,1.0786,-0.564368
1343.97,1.07827,-0.564872
1344.64,1.07794,-0.565377
1345.3,1.07761,-0.565881
1345.97,1.07728,-0.566385
1346.64,1.07695,-0.566889
1347.31,1.07662,-0.567392
1347.98,1.0763,-0.567895
1348.65,1.07597,-0.568398
1349.32,1.07564,-0.5689
1350,1.07531,-0.569402
1350.67,1.07499,-0.569904
1351.34,1.07466,-0.570405
1352.01,1.07434,-0.570906
1352.69,1.07401,-0.571407
1353.36,1.07369,-0.571907
1354.03,1.07336,-0.572407
1354.71,1.07304,-0.572907
1355.38,1.07271,-0.573406
1356.06,1.07239,-0.573905
1356.73,1.07207,-0.574404
1357.41,1.07175,-0.574902
1358.09,1.07142,-0.5754
1358.76,1.0711,-0.575898
1359.44,1.07078,-0.576396
1360.12,1.07046,-0.576893
1360.8,1.07014,-0.57739
1361.47,1.06982,-0.577886
1362.15,1.0695,-0.578382
1362.83,1.06918,-0.578878
1363.51,1.06886,-0.579374
1364.19,1.06855,-0.579869
1364.87,1.06823,-0.580364
1365.55,1.06791,-0.580859
1366.23,1.06759,-0.581353
1366.92,1.06728,-0.581847
1367.6,1.06696,-0.58234
1368.28,1.06665,-0.582834
1368.96,1.06633,-0.583327
1369.65,1.06602,-0.583819
1370.33,1.0657,-0.584312
1371.01,1.06539,-0.584804
1371.7,1.06508,-0.585295
1372.38,1.06476,-0.585787
1373.07,1.06445,-0.586278
1373.75,1.06414,-0.586769
1374.44,1.06383,-0.587259
1375.12,1.06351,-0.587749
1375.81,1.0632,-0.588239
1376.5,1.06289,-0.588728
1377.19,1.06258,-0.589218
1377.87,1.06227,-0.589706
1378.56,1.06196,-0.590195
1379.25,1.06165,-0.590683
1379.94,1.06135,-0.591171
1380.63,1.06104,-0.591658
1381.32,1.06073,-0.592146
1382.01,1.06042,-0.592633
1382.7,1.06012,-0.593119
1383.39,1.05981,-0.593605
1384.08,1.0595,-0.594091
1384.77,1.0592,-0.594577
1385.46,1.05889,-0.595062
1386.16,1.05859,-0.595547
1386.85,1.05828,-0.596032
1387.54,1.05798,-0.596516
1388.23,1.05768,-0.597
1388.93,1.05737,-0.597484
1389.62,1.05707,-0.597968
1390.32,1.05677,-0.598451
1391.01,1.05647,-0.598933
1391.71,1.05616,-0.599416
1392.4,1.05586,-0.599898
1393.1,1.05556,-0.60038
1393.8,1.05526,-0.600861
1394.49,1.05496,-0.601343
1395.19,1.05466,-0.601823
1395.89,1.05436,-0.602304
1396.58,1.05406,-0.602784
1397.28,1.05377,-0.603264
1397.98,1.05347,-0.603744
1398.68,1.05317,-0.604223
1399.38,1.05287,-0.604702
1400.08,1.05258,-0.605181
1400.78,1.05228,-0.605659
1401.48,1.05198,-0.606137
1402.18,1.05169,-0.606615
1402.88,1.05139,-0.607092
1403.58,1.0511,-0.607569
1404.29,1.0508,-0.608046
1404.99,1.05051,-0.608522
1405.69,1.05022,-0.608998
1406.39,1.04992,-0.609474
1407.1,1.04963,-0.60995
1407.8,1.04934,-0.610425
1408.5,1.04904,-0.6109
1409.21,1.04875,-0.611374
1409.91,1.04846,-0.611849
1410.62,1.04817,-0.612322
1411.32,1.04788,-0.612796
1412.03,1.04759,-0.613269
1412.74,1.0473,-0.613742
1413.44,1.04701,-0.614215
1414.15,1.04672,-0.614687
1414.86,1.04643,-0.615159
1415.56,1.04614,-0.615631
1416.27,1.04586,-0.616102
1416.98,1.04557,-0.616573
1417.69,1.04528,-0.617044
1418.4,1.045,-0.617515
1419.11,1.04471,-0.617985
1419.82,1.04442,-0.618455
1420.53,1.04414,-0.618924
1421.24,1.04385,-0.619393
1421.95,1.04357,-0.619862
1422.66,1.04328,-0.620331
1423.37,1.043,-0.620799
1424.08,1.04272,-0.621267
1424.79,1.04243,-0.621735
1425.51,1.04215,-0.622202
1426.22,1.04187,-0.622669
1426.93,1.04158,-0.623136
1427.65,1.0413,-0.623602
1428.36,1.04102,-0.624068
1429.07,1.04074,-0.624534
1429.79,1.04046,-0.624999
1430.5,1.04018,-0.625464
1431.22,1.0399,-0.625929
1431.93,1.03962,-0.626394
1432.65,1.03934,-0.626858
1433.37,1.03906,-0.627322
1434.08,1.03878,-0.627785
1434.8,1.03851,-0.628249
1435.52,1.03823,-0.628712
1436.23,1.03795,-0.629174
1436.95,1.03767,-0.629637
1437.67,1.0374,-0.630099
1438.39,1.03712,-0.63056
1439.11,1.03684,-0.631022
1439.83,1.03657,-0.631483
1440.55,1.03629,-0.631944
1441.27,1.03602,-0.632404
1441.99,1.03575,-0.632864
1442.71,1.03547,-0.633324
1443.43,1.0352,-0.633784
1444.15,1.03492,-0.634243
1444.87,1.03465,-0.634702
1445.59,1.03438,-0.63516
1446.32,1.03411,-0.635619
1447.04,1.03383,-0.636077
1447.76,1.03356,-0.636534
1448.48,1.03329,-0.636992
1449.21,1.03302,-0.637449
1449.93,1.03275,-0.637905
1450.66,1.03248,-0.638362
1451.38,1.03221,-0.638818
1452.11,1.03194,-0.639274
1452.83,1.03167,-0.639729
1453.56,1.03141,-0.640185
1454.28,1.03114,-0.640639
1455.01,1.03087,-0.641094
1455.74,1.0306,-0.641548
1456.46,1.03033,-0.642002
1457.19,1.03007,-0.642456
1457.92,1.0298,-0.642909
1458.64,1.02954,-0.643362
1459.37,1.02927,-0.643815
1460.1,1.029,-0.644268
1460.83,1.02874,-0.64472
1461.56,1.02847,-0.645171
1462.29,1.02821,-0.645623
1463.02,1.02795,-0.646074
1463.75,1.02768,-0.646525
1464.48,1.02742,-0.646976
1465.21,1.02716,-0.647426
1465.94,1.02689,-0.647876
1466.67,1.02663,-0.648326
1467.4,1.02637,-0.648775
1468.14,1.02611,-0.649224
1468.87,1.02585,-0.649673
1469.6,1.02559,-0.650121
1470.33,1.02533,-0.650569
1471.07,1.02507,-0.651017
1471.8,1.02481,-0.651465
1472.53,1.02455,-0.651912
1473.27,1.02429,-0.652359
1474,1.02403,-0.652806
1474.74,1.02377,-0.653252
1475.47,1.02351,-0.653698
1476.21,1.02326,-0.654144
1476.94,1.023,-0.654589
1477.68,1.02274,-0.655034
1478.42,1.02249,-0.655479
1479.15,1.02223,-0.655923
1479.89,1.02197,-0.656368
1480.63,1.02172,-0.656812
1481.36,1.02146,-0.657255
1482.1,1.02121,-0.657698
1482.84,1.02095,-0.658141
1483.58,1.0207,-0.658584
1484.32,1.02045,-0.659026
1485.06,1.02019,-0.659469
1485.8,1.01994,-0.65991
1486.54,1.01969,-0.660352
1487.28,1.01943,-0.660793
1488.02,1.01918,-0.661234
1488.76,1.01893,-0.661674
1489.5,1.01868,-0.662115
1490.24,1.01843,-0.662555
1490.98,1.01818,-0.662994
1491.72,1.01793,-0.663434
1492.46,1.01768,-0.663873
1493.21,1.01743,-0.664311
1493.95,1.01718,-0.66475
1494.69,1.01693,-0.665188
1495.44,1.01668,-0.665626
1496.18,1.01643,-0.666063
1496.92,1.01618,-0.666501
1497.67,1.01593,-0.666938
1498.41,1.01569,-0.667374
1499.16,1.01544,-0.667811
1499.9,1.01519,-0.668247
1500.65,1.01495,-0.668682
1501.39,1.0147,-0.669118
1502.14,1.01445,-0.669553
1502.89,1.01421,-0.669988
1503.63,1.01396,-0.670422
1504.38,1.01372,-0.670857
1505.13,1.01347,-0.671291
1505.87,1.01323,-0.671724
1506.62,1.01299,-0.672158
1507.37,1.01274,-0.672591
1508.12,1.0125,-0.673023
1508.87,1.01226,-0.673456
1509.62,1.01201,-0.673888
1510.37,1.01177,-0.67432
1511.11,1.01153,-0.674751
1511.86,1.01129,-0.675183
1512.61,1.01105,-0.675614
1513.37,1.01081,-0.676044
1514.12,1.01056,-0.676475
1514.87,1.01032,-0.676905
1515.62,1.01008,-0.677335
1516.37,1.00984,-0.677764
1517.12,1.00961,-0.678193
1517.87,1.00937,-0.678622
1518.63,1.00913,-0.679051
1519.38,1.00889,-0.679479
1520.13,1.00865,-0.679907
1520.89,1.00841,-0.680335
1521.64,1.00818,-0.680762
1522.39,1.00794,-0.681189
1523.15,1.0077,-0.681616
1523.9,1.00747,-0.682043
1524.66,1.00723,-0.682469
1525.41,1.00699,-0.682895
1526.17,1.00676,-0.68332
1526.92,1.00652,-0.683746
1527.68,1.00629,-0.684171
1528.43,1.00605,-0.684596
1529.19,1.00582,-0.68502
1529.95,1.00559,-0.685444
1530.7,1.00535,-0.685868
1531.46,1.00512,-0.686292
1532.22,1.00489,-0.686715
1532.98,1.00465,-0.687138
1533.73,1.00442,-0.687561
1534.49,1.00419,-0.687983
1535.25,1.00396,-0.688405
1536.01,1.00373,-0.688827
1536.77,1.00349,-0.689249
1537.53,1.00326,-0.68967
1538.29,1.00303,-0.690091
1539.05,1.0028,-0.690511
1539.81,1.00257,-0.690932
1540.57,1.00234,-0.691352
1541.33,1.00211,-0.691772
1542.09,1.00188,-0.692191
1542.85,1.00166,-0.69261
1543.61,1.00143,-0.693029
1544.38,1.0012,-0.693448
1545.14,1.00097,-0.693866
1545.9,1.00074,-0.694284
1546.66,1.00052,-0.694702
1547.43,1.00029,-0.695119
1548.19,1.00006,-0.695537
1548.95,0.999837,-0.695954
1549.72,0.999611,-0.69637
1550.48,0.999386,-0.696786
1551.24,0.99916,-0.697202
1552.01,0.998935,-0.697618
1552.77,0.998711,-0.698034
1553.54,0.998486,-0.698449
1554.3,0.998262,-0.698864
1555.07,0.998038,-0.699278
1555.84,0.997815,-0.699692
1556.6,0.997591,-0.700106
1557.37,0.997368,-0.70052
1558.14,0.997146,-0.700933
1558.9,0.996923,-0.701347
1559.67,0.996701,-0.701759
1560.44,0.99648,-0.702172
1561.2,0.996258,-0.702584
1561.97,0.996037,-0.702996
1562.74,0.995816,-0.703408
1563.51,0.995595,-0.703819
1564.28,0.995375,-0.70423
1565.05,0.995155,-0.704641
1565.82,0.994935,-0.705052
1566.59,0.994716,-0.705462
1567.36,0.994497,-0.705872
1568.13,0.994278,-0.706282
1568.9,0.994059,-0.706691
1569.67,0.993841,-0.7071
1570.44,0.993623,-0.707509
1571.21,0.993406,-0.707918
1571.98,0.993188,-0.708326
1572.75,0.992971,-0.708734
1573.52,0.992754,-0.709141
1574.3,0.992538,-0.709549
1575.07,0.992321,-0.709956
1575.84,0.992106,-0.710363
1576.61,0.99189,-0.710769
1577.39,0.991675,-0.711176
1578.16,0.991459,-0.711582
1578.94,0.991245,-0.711987
1579.71,0.99103,-0.712393
1580.48,0.990816,-0.712798
1581.26,0.990602,-0.713203
1582.03,0.990388,-0.713607
1582.81,0.990175,-0.714011
1583.58,0.989962,-0.714415
1584.36,0.989749,-0.714819
1585.13,0.989537,-0.715223
1585.91,0.989324,-0.715626
1586.69,0.989112,-0.716029
1587.46,0.988901,-0.716431
1588.24,0.988689,-0.716833
1589.02,0.988478,-0.717235
1589.79,0.988267,-0.717637
1590.57,0.988057,-0.718039
1591.35,0.987846,-0.71844
1592.13,0.987637,-0.718841
1592.9,0.987427,-0.719241
1593.68,0.987217,-0.719642
1594.46,0.987008,-0.720042
1595.24,0.986799,-0.720441
1596.02,0.986591,-0.720841
1596.8,0.986382,-0.72124
1597.58,0.986174,-0.721639
1598.36,0.985967,-0.722038
1599.14,0.985759,-0.722436
1599.92,0.985552,-0.722834
1600.7,0.985345,-0.723232
1601.48,0.985138,-0.72363
1602.26,0.984932,-0.724027
1603.04,0.984726,-0.724424
1603.83,0.98452,-0.724821
1604.61,0.984314,-0.725217
1605.39,0.984109,-0.725613
1606.17,0.983904,-0.726009
1606.95,0.983699,-0.726405
1607.74,0.983495,-0.7268
1608.52,0.983291,-0.727195
1609.3,0.983087,-0.72759
1610.09,0.982883,-0.727984
1610.87,0.982679,-0.728378
1611.66,0.982476,-0.728772
1612.44,0.982273,-0.729166
1613.22,0.982071,-0.729559
1614.01,0.981869,-0.729952
1614.79,0.981666,-0.730345
1615.58,0.981465,-0.730738
1616.37,0.981263,-0.73113
1617.15,0.981062,-0.731522
1617.94,0.980861,-0.731914
1618.72,0.98066,-0.732305
1619.51,0.98046,-0.732696
1620.3,0.98026,-0.733087
1621.08,0.98006,-0.733478
1621.87,0.97986,-0.733868
1622.66,0.979661,-0.734258
1623.45,0.979461,-0.734648
1624.23,0.979262,-0.735038
1625.02,0.979064,-0.735427
1625.81,0.978866,-0.735816
1626.6,0.978667,-0.736204
1627.39,0.97847,-0.736593
1628.18,0.978272,-0.736981
1628.97,0.978075,-0.737369
1629.75,0.977878,-0.737757
1630.54,0.977681,-0.738144
1631.33,0.977484,-0.738531
1632.12,0.977288,-0.738918
1632.91,0.977092,-0.739304
1633.71,0.976896,-0.73969
1634.5,0.976701,-0.740076
1635.29,0.976506,-0.740462
1636.08,0.976311,-0.740848
1636.87,0.976116,-0.741233
1637.66,0.975922,-0.741618
1638.45,0.975727,-0.742002
1639.25,0.975533,-0.742387
1640.04,0.97534,-0.742771
1640.83,0.975146,-0.743154
1641.62,0.974953,-0.743538
1642.42,0.97476,-0.743921
1643.21,0.974567,-0.744304
1644,0.974375,-0.744687
1644.8,0.974183,-0.745069
1645.59,0.973991,-0.745452
1646.39,0.973799,-0.745834
1647.18,0.973608,-0.746215
1647.98,0.973417,-0.746597
1648.77,0.973226,-0.746978
1649.57,0.973035,-0.747359
1650.36,0.972845,-0.747739
1651.16,0.972655,-0.748119
1651.95,0.972465,-0.748499
1652.75,0.972275,-0.748879
1653.54,0.972086,-0.749259
1654.34,0.971897,-0.749638
1655.14,0.971708,-0.750017
1655.93,0.971519,-0.750396
1656.73,0.971331,-0.750774
1657.53,0.971143,-0.751152
1658.33,0.970955,-0.75153
1659.12,0.970767,-0.751908
1659.92,0.97058,-0.752285
1660.72,0.970392,-0.752662
1661.52,0.970206,-0.753039
1662.32,0.970019,-0.753416
1663.12,0.969832,-0.753792
1663.92,0.969646,-0.754168
1664.72,0.96946,-0.754544
1665.51,0.969275,-0.754919
1666.31,0.969089,-0.755295
1667.11,0.968904,-0.755669
1667.91,0.968719,-0.756044
1668.72,0.968534,-0.756419
1669.52,0.96835,-0.756793
1670.32,0.968166,-0.757167
1671.12,0.967982,-0.75754
1671.92,0.967798,-0.757914
1672.72,0.967614,-0.758287
1673.52,0.967431,-0.75866
1674.32,0.967248,-0.759032
1675.13,0.967065,-0.759405
1675.93,0.966883,-0.759777
1676.73,0.9667,-0.760149
1677.53,0.966518,-0.76052
1678.34,0.966336,-0.760892
1679.14,0.966155,-0.761263
1679.94,0.965974,-0.761633
1680.75,0.965792,-0.762004
1681.55,0.965612,-0.762374
1682.35,0.965431,-0.762744
1683.16,0.96525,-0.763114
1683.96,0.96507,-0.763483
1684.77,0.96489,-0.763852
1685.57,0.964711,-0.764221
1686.38,0.964531,-0.76459
1687.18,0.964352,-0.764958
1687.99,0.964173,-0.765327
1688.79,0.963994,-0.765695
1689.6,0.963816,-0.766062
1690.41,0.963637,-0.76643
1691.21,0.963459,-0.766797
1692.02,0.963282,-0.767164
1692.83,0.963104,-0.76753
1693.63,0.962927,-0.767896
1694.44,0.962749,-0.768263
1695.25,0.962573,-0.768628
1696.06,0.962396,-0.768994
1696.86,0.962219,-0.769359
1697.67,0.962043,-0.769724
1698.48,0.961867,-0.770089
1699.29,0.961692,-0.770454
1700.1,0.961516,-0.770818
1700.9,0.961341,-0.771182
1701.71,0.961166,-0.771546
1702.52,0.960991,-0.771909
1703.33,0.960816,-0.772273
1704.14,0.960642,-0.772636
1704.95,0.960468,-0.772998
1705.76,0.960294,-0.773361
1706.57,0.96012,-0.773723
1707.38,0.959947,-0.774085
1708.19,0.959773,-0.774447
1709,0.9596,-0.774808
1709.81,0.959428,-0.775169
1710.63,0.959255,-0.77553
1711.44,0.959083,-0.775891
1712.25,0.958911,-0.776251
1713.06,0.958739,-0.776612
1713.87,0.958567,-0.776972
1714.68,0.958396,-0.777331
1715.5,0.958224,-0.777691
1716.31,0.958053,-0.77805
1717.12,0.957883,-0.778409
1717.94,0.957712,-0.778767
1718.75,0.957542,-0.779126
1719.56,0.957372,-0.779484
1720.38,0.957202,-0.779842
1721.19,0.957032,-0.780199
1722,0.956863,-0.780557
1722.82,0.956693,-0.780914
1723.63,0.956524,-0.781271
1724.45,0.956356,-0.781628
1725.26,0.956187,-0.781984
1726.08,0.956019,-0.78234
1726.89,0.95585,-0.782696
1727.71,0.955683,-0.783052
1728.52,0.955515,-0.783407
1729.34,0.955347,-0.783762
1730.15,0.95518,-0.784117
1730.97,0.955013,-0.784472
1731.79,0.954846,-0.784826
1732.6,0.95468,-0.78518
1733.42,0.954513,-0.785534
1734.24,0.954347,-0.785888
1735.05,0.954181,-0.786241
1735.87,0.954015,-0.786594
1736.69,0.95385,-0.786947
1737.51,0.953685,-0.7873
1738.32,0.953519,-0.787652
1739.14,0.953355,-0.788004
1739.96,0.95319,-0.788356
1740.78,0.953025,-0.788708
1741.6,0.952861,-0.789059
1742.42,0.952697,-0.78941
1743.23,0.952533,-0.789761
1744.05,0.95237,-0.790112
1744.87,0.952206,-0.790462
1745.69,0.952043,-0.790812
1746.51,0.95188,-0.791162
1747.33,0.951717,-0.791512
1748.15,0.951555,-0.791861
1748.97,0.951392,-0.79221
1749.79,0.95123,-0.792559
1750.61,0.951068,-0.792908
1751.43,0.950907,-0.793256
1752.26,0.950745,-0.793604
1753.08,0.950584,-0.793952
1753.9,0.950423,-0.7943
1754.72,0.950262,-0.794647
1755.54,0.950101,-0.794995
1756.36,0.949941,-0.795342
1757.19,0.94978,-0.795688
1758.01,0.94962,-0.796035
1758.83,0.949461,-0.796381
1759.65,0.949301,-0.796727
1760.48,0.949141,-0.797073
1761.3,0.948982,-0.797418
1762.12,0.948823,-0.797763
1762.95,0.948664,-0.798108
1763.77,0.948506,-0.798453
1764.59,0.948347,-0.798798
1765.42,0.948189,-0.799142
1766.24,0.948031,-0.799486
1767.07,0.947873,-0.79983
1767.89,0.947716,-0.800173
1768.72,0.947558,-0.800516
1769.54,0.947401,-0.800859
1770.36,0.947244,-0.801202
1771.19,0.947087,-0.801545
1772.02,0.946931,-0.801887
1772.84,0.946774,-0.802229
1773.67,0.946618,-0.802571
1774.49,0.946462,-0.802913
1775.32,0.946306,-0.803254
1776.15,0.946151,-0.803595
1776.97,0.945995,-0.803936
1777.8,0.94584,-0.804277
1778.63,0.945685,-0.804617
1779.45,0.94553,-0.804957
1780.28,0.945376,-0.805297
1781.11,0.945221,-0.805637
1781.93,0.945067,-0.805976
1782.76,0.944913,-0.806315
1783.59,0.944759,-0.806654
1784.42,0.944606,-0.806993
1785.25,0.944452,-0.807331
1786.08,0.944299,-0.80767
1786.9,0.944146,-0.808008
1787.73,0.943993,-0.808345
1788.56,0.943841,-0.808683
1789.39,0.943688,-0.80902
1790.22,0.943536,-0.809357
1791.05,0.943384,-0.809694
1791.88,0.943232,-0.810031
1792.71,0.943081,-0.810367
1793.54,0.942929,-0.810703
1794.37,0.942778,-0.811039
1795.2,0.942627,-0.811374
1796.03,0.942476,-0.81171
1796.86,0.942325,-0.812045
1797.69,0.942175,-0.81238
1798.52,0.942025,-0.812715
1799.35,0.941874,-0.813049
1800.19,0.941725,-0.813383
1801.02,0.941575,-0.813717
1801.85,0.941425,-0.814051
1802.68,0.941276,-0.814384
1803.51,0.941127,-0.814718
1804.34,0.940978,-0.815051
1805.18,0.940829,-0.815383
1806.01,0.940681,-0.815716
1806.84,0.940532,-0.816048
1807.68,0.940384,-0.81638
1808.51,0.940236,-0.816712
1809.34,0.940088,-0.817044
1810.18,0.93994,-0.817375
1811.01,0.939793,-0.817706
1811.84,0.939646,-0.818037
1812.68,0.939499,-0.818368
1813.51,0.939352,-0.818698
1814.35,0.939205,-0.819029
1815.18,0.939059,-0.819359
1816.01,0.938912,-0.819688
1816.85,0.938766,-0.820018
1817.68,0.93862,-0.820347
1818.52,0.938475,-0.820676
1819.35,0.938329,-0.821005
1820.19,0.938184,-0.821334
1821.03,0.938038,-0.821662
1821.86,0.937893,-0.82199
1822.7,0.937748,-0.822318
1823.53,0.937604,-0.822646
1824.37,0.937459,-0.822973
1825.21,0.937315,-0.8233
1826.04,0.937171,-0.823627
1826.88,0.937027,-0.823954
1827.72,0.936883,-0.82428
1828.55,0.93674,-0.824607
1829.39,0.936596,-0.824933
1830.23,0.936453,-0.825259
1831.07,0.93631,-0.825584
1831.9,0.936167,-0.825909
1832.74,0.936025,-0.826235
1833.58,0.935882,-0.826559
1834.42,0.93574,-0.826884
1835.26,0.935598,-0.827209
1836.09,0.935456,-0.827533
1836.93,0.935314,-0.827857
1837.77,0.935173,-0.828181
1838.61,0.935031,-0.828504
1839.45,0.93489,-0.828827
1840.29,0.934749,-0.82915
1841.13,0.934608,-0.829473
1841.97,0.934468,-0.829796
1842.81,0.934327,-0.830118
1843.65,0.934187,-0.830441
1844.49,0.934047,-0.830762
1845.33,0.933907,-0.831084
1846.17,0.933767,-0.831406
1847.01,0.933627,-0.831727
1847.85,0.933488,-0.832048
1848.69,0.933349,-0.832369
1849.53,0.933209,-0.832689
1850.37,0.933071,-0.83301
1851.22,0.932932,-0.83333
1852.06,0.932793,-0.83365
1852.9,0.932655,-0.833969
1853.74,0.932517,-0.834289
1854.58,0.932379,-0.834608
1855.43,0.932241,-0.834927
1856.27,0.932103,-0.835246
1857.11,0.931966,-0.835564
1857.95,0.931828,-0.835883
1858.8,0.931691,-0.836201
1859.64,0.931554,-0.836519
1860.48,0.931417,-0.836836
1861.33,0.931281,-0.837154
1862.17,0.931144,-0.837471
1863.01,0.931008,-0.837788
1863.86,0.930872,-0.838105
1864.7,0.930736,-0.838421
1865.54,0.9306,-0.838738
1866.39,0.930464,-0.839054
1867.23,0.930329,-0.83937
1868.08,0.930194,-0.839685
1868.92,0.930059,-0.840001
1869.77,0.929924,-0.840316
1870.61,0.929789,-0.840631
1871.46,0.929654,-0.840946
1872.3,0.92952,-0.84126
1873.15,0.929386,-0.841575
1873.99,0.929251,-0.841889
1874.84,0.929118,-0.842203
1875.68,0.928984,-0.842516
1876.53,0.92885,-0.84283
1877.38,0.928717,-0.843143
1878.22,0.928584,-0.843456
1879.07,0.92845,-0.843769
1879.92,0.928318,-0.844081
1880.76,0.928185,-0.844394
1881.61,0.928052,-0.844706
1882.46,0.92792,-0.845018
1883.3,0.927788,-0.84533
1884.15,0.927655,-0.845641
1885,0.927524,-0.845952
1885.85,0.927392,-0.846263
1886.7,0.92726,-0.846574
1887.54,0.927129,-0.846885
1888.39,0.926997,-0.847195
1889.24,0.926866,-0.847505
1890.09,0.926735,-0.847815
1890.94,0.926605,-0.848125
1891.79,0.926474,-0.848434
1892.63,0.926344,-0.848744
1893.48,0.926213,-0.849053
1894.33,0.926083,-0.849362
1895.18,0.925953,-0.84967
1896.03,0.925823,-0.849979
1896.88,0.925694,-0.850287
1897.73,0.925564,-0.850595
1898.58,0.925435,-0.850903
1899.43,0.925306,-0.85121
1900.28,0.925177,-0.851518
1901.13,0.925048,-0.851825
1901.98,0.924919,-0.852132
1902.83,0.924791,-0.852439
1903.68,0.924663,-0.852745
1904.53,0.924534,-0.853051
1905.39,0.924406,-0.853357
1906.24,0.924278,-0.853663
1907.09,0.924151,-0.853969
1907.94,0.924023,-0.854274
1908.79,0.923896,-0.854579
1909.64,0.923769,-0.854884
1910.5,0.923641,-0.855189
1911.35,0.923515,-0.855494
1912.2,0.923388,-0.855798
1913.05,0.923261,-0.856102
1913.9,0.923135,-0.856406
1914.76,0.923008,-0.85671
1915.61,0.922882,-0.857013
1916.46,0.922756,-0.857317
1917.32,0.92263,-0.85762
1918.17,0.922505,-0.857923
1919.02,0.922379,-0.858225
1919.88,0.922254,-0.858528
1920.73,0.922129,-0.85883
1921.58,0.922004,-0.859132
1922.44,0.921879,-0.859434
1923.29,0.921754,-0.859735
1924.15,0.92163,-0.860037
1925,0.921505,-0.860338
1925.86,0.921381,-0.860639
1926.71,0.921257,-0.86094
1927.56,0.921133,-0.86124
1928.42,0.921009,-0.861541
1929.27,0.920885,-0.861841
1930.13,0.920762,-0.862141
1930.99,0.920638,-0.86244
1931.84,0.920515,-0.86274
1932.7,0.920392,-0.863039
1933.55,0.920269,-0.863338
1934.41,0.920147,-0.863637
1935.26,0.920024,-0.863936
1936.12,0.919902,-0.864234
1936.98,0.919779,-0.864533
1937.83,0.919657,-0.864831
1938.69,0.919535,-0.865128
1939.55,0.919413,-0.865426
1940.4,0.919292,-0.865723
1941.26,0.91917,-0.866021
1942.12,0.919049,-0.866318
1942.97,0.918927,-0.866614
1943.83,0.918806,-0.866911
1944.69,0.918685,-0.867207
1945.55,0.918565,-0.867504
1946.41,0.918444,-0.8678
1947.26,0.918324,-0.868095
1948.12,0.918203,-0.868391
1948.98,0.918083,-0.868686
1949.84,0.917963,-0.868981
1950.7,0.917843,-0.869276
1951.56,0.917723,-0.869571
1952.41,0.917604,-0.869866
1953.27,0.917484,-0.87016
1954.13,0.917365,-0.870454
1954.99,0.917246,-0.870748
1955.85,0.917127,-0.871042
1956.71,0.917008,-0.871335
1957.57,0.916889,-0.871628
1958.43,0.916771,-0.871922
1959.29,0.916652,-0.872214
1960.15,0.916534,-0.872507
1961.01,0.916416,-0.8728
1961.87,0.916298,-0.873092
1962.73,0.91618,-0.873384
1963.59,0.916062,-0.873676
1964.45,0.915945,-0.873968
1965.31,0.915827,-0.874259
1966.17,0.91571,-0.87455
1967.03,0.915593,-0.874841
1967.89,0.915476,-0.875132
1968.76,0.915359,-0.875423
1969.62,0.915242,-0.875713
1970.48,0.915126,-0.876004
1971.34,0.915009,-0.876294
1972.2,0.914893,-0.876583
1973.06,0.914777,-0.876873
1973.93,0.914661,-0.877163
1974.79,0.914545,-0.877452
1975.65,0.914429,-0.877741
1976.51,0.914314,-0.87803
1977.38,0.914198,-0.878318
1978.24,0.914083,-0.878607
1979.1,0.913968,-0.878895
1979.96,0.913853,-0.879183
1980.83,0.913738,-0.879471
1981.69,0.913623,-0.879759
1982.55,0.913509,-0.880046
1983.42,0.913394,-0.880333
1984.28,0.91328,-0.88062
1985.15,0.913166,-0.880907
1986.01,0.913052,-0.881194
1986.87,0.912938,-0.88148
1987.74,0.912824,-0.881766
1988.6,0.91271,-0.882052
1989.47,0.912597,-0.882338
1990.33,0.912484,-0.882624
1991.19,0.91237,-0.882909
1992.06,0.912257,-0.883195
1992.92,0.912144,-0.88348
1993.79,0.912032,-0.883765
1994.65,0.911919,-0.884049
1995.52,0.911807,-0.884334
1996.39,0.911694,-0.884618
1997.25,0.911582,-0.884902
1998.12,0.91147,-0.885186
1998.98,0.911358,-0.88547
1999.85,0.911246,-0.885753
2000.71,0.911134,-0.886036
2001.58,0.911023,-0.88632
2002.45,0.910911,-0.886602
2003.31,0.9108,-0.886885
2004.18,0.910689,-0.887168
2005.05,0.910578,-0.88745
2005.91,0.910467,-0.887732
2006.78,0.910356,-0.888014
2007.65,0.910246,-0.888296
2008.51,0.910135,-0.888577
2009.38,0.910025,-0.888859
2010.25,0.909915,-0.88914
2011.12,0.909805,-0.889421
2011.98,0.909695,-0.889701
2012.85,0.909585,-0.889982
2013.72,0.909475,-0.890262
2014.59,0.909366,-0.890542
2015.46,0.909256,-0.890822
2016.32,0.909147,-0.891102
2017.19,0.909038,-0.891382
2018.06,0.908929,-0.891661
2018.93,0.90882,-0.89194
2019.8,0.908711,-0.892219
2020.67,0.908602,-0.892498
2021.54,0.908494,-0.892777
2022.41,0.908386,-0.893055
2023.27,0.908277,-0.893334
2024.14,0.908169,-0.893612
2025.01,0.908061,-0.893889
2025.88,0.907953,-0.894167
2026.75,0.907846,-0.894445
2027.62,0.907738,-0.894722
2028.49,0.907631,-0.894999
2029.36,0.907523,-0.895276
2030.23,0.907416,-0.895553
2031.1,0.907309,-0.895829
2031.97,0.907202,-0.896105
2032.84,0.907095,-0.896381
2033.71,0.906989,-0.896657
2034.59,0.906882,-0.896933
2035.46,0.906776,-0.897209
2036.33,0.906669,-0.897484
2037.2,0.906563,-0.897759
2038.07,0.906457,-0.898034
2038.94,0.906351,-0.898309
2039.81,0.906245,-0.898584
2040.68,0.90614,-0.898858
2041.56,0.906034,-0.899132
2042.43,0.905929,-0.899406
2043.3,0.905824,-0.89968
2044.17,0.905718,-0.899954
2045.04,0.905613,-0.900227
2045.92,0.905508,-0.900501
2046.79,0.905404,-0.900774
2047.66,0.905299,-0.901047
2048.53,0.905194,-0.90132
2049.41,0.90509,-0.901592
2050.28,0.904986,-0.901864
2051.15,0.904882,-0.902137
2052.03,0.904778,-0.902409
2052.9,0.904674,-0.90268
2053.77,0.90457,-0.902952
2054.65,0.904466,-0.903223
2055.52,0.904363,-0.903495
2056.39,0.904259,-0.903766
2057.27,0.904156,-0.904037
2058.14,0.904053,-0.904307
2059.01,0.90395,-0.904578
2059.89,0.903847,-0.904848
2060.76,0.903744,-0.905118
2061.64,0.903641,-0.905388
2062.51,0.903539,-0.905658
2063.39,0.903437,-0.905927
2064.26,0.903334,-0.906197
2065.14,0.903232,-0.906466
2066.01,0.90313,-0.906735
2066.89,0.903028,-0.907004
2067.76,0.902926,-0.907272
2068.64,0.902825,-0.907541
2069.51,0.902723,-0.907809
2070.39,0.902622,-0.908077
2071.26,0.90252,-0.908345
2072.14,0.902419,-0.908613
2073.02,0.902318,-0.90888
2073.89,0.902217,-0.909148
2074.77,0.902116,-0.909415
2075.64,0.902015,-0.909682
2076.52,0.901915,-0.909949
2077.4,0.901814,-0.910215
2078.27,0.901714,-0.910482
2079.15,0.901614,-0.910748
2080.03,0.901513,-0.911014
2080.9,0.901413,-0.91128
2081.78,0.901314,-0.911546
2082.66,0.901214,-0.911811
2083.53,0.901114,-0.912077
2084.41,0.901015,-0.912342
2085.29,0.900915,-0.912607
2086.17,0.900816,-0.912872
2087.04,0.900717,-0.913136
2087.92,0.900618,-0.913401
2088.8,0.900519,-0.913665
2089.68,0.90042,-0.913929
2090.56,0.900321,-0.914193
2091.43,0.900222,-0.914457
2092.31,0.900124,-0.91472
2093.19,0.900026,-0.914983
2094.07,0.899927,-0.915247
2094.95,0.899829,-0.91551
2095.83,0.899731,-0.915772
2096.71,0.899633,-0.916035
2097.58,0.899536,-0.916298
2098.46,0.899438,-0.91656
2099.34,0.89934,-0.916822
2100.22,0.899243,-0.917084
2101.1,0.899145,-0.917346
2101.98,0.899048,-0.917607
2102.86,0.898951,-0.917869
2103.74,0.898854,-0.91813
2104.62,0.898757,-0.918391
2105.5,0.898661,-0.918652
2106.38,0.898564,-0.918912
2107.26,0.898467,-0.919173
2108.14,0.898371,-0.919433
2109.02,0.898275,-0.919693
2109.9,0.898178,-0.919953
2110.78,0.898082,-0.920213
2111.66,0.897986,-0.920473
2112.54,0.897891,-0.920732
2113.42,0.897795,-0.920991
2114.3,0.897699,-0.92125
2115.19,0.897604,-0.921509
2116.07,0.897508,-0.921768
2116.95,0.897413,-0.922027
2117.83,0.897318,-0.922285
2118.71,0.897223,-0.922543
2119.59,0.897128,-0.922801
2120.47,0.897033,-0.923059
2121.36,0.896938,-0.923317
2122.24,0.896844,-0.923574
2123.12,0.896749,-0.923832
2124,0.896655,-0.924089
2124.89,0.89656,-0.924346
2125.77,0.896466,-0.924603
2126.65,0.896372,-0.924859
2127.53,0.896278,-0.925116
2128.42,0.896184,-0.925372
2129.3,0.896091,-0.925628
2130.18,0.895997,-0.925884
2131.06,0.895904,-0.92614
2131.95,0.89581,-0.926395
2132.83,0.895717,-0.926651
2133.71,0.895624,-0.926906
2134.6,0.895531,-0.927161
2135.48,0.895438,-0.927416
2136.36,0.895345,-0.927671
2137.25,0.895252,-0.927925
2138.13,0.895159,-0.928179
2139.02,0.895067,-0.928434
2139.9,0.894974,-0.928688
2140.78,0.894882,-0.928942
2141.67,0.89479,-0.929195
2142.55,0.894698,-0.929449
2143.44,0.894606,-0.929702
2144.32,0.894514,-0.929955
2145.21,0.894422,-0.930208
2146.09,0.89433,-0.930461
2146.97,0.894239,-0.930714
2147.86,0.894147,-0.930966
2148.74,0.894056,-0.931218
2149.63,0.893965,-0.931471
2150.52,0.893874,-0.931723
2151.4,0.893783,-0.931974
2152.29,0.893692,-0.932226
2153.17,0.893601,-0.932477
2154.06,0.89351,-0.932729
2154.94,0.893419,-0.93298
2155.83,0.893329,-0.933231
2156.71,0.893238,-0.933482
2157.6,0.893148,-0.933732
2158.49,0.893058,-0.933983
2159.37,0.892968,-0.934233
2160.26,0.892878,-0.934483
2161.15,0.892788,-0.934733
2162.03,0.892698,-0.934983
2162.92,0.892609,-0.935232
2163.81,0.892519,-0.935482
2164.69,0.892429,-0.935731
2165.58,0.89234,-0.93598
2166.47,0.892251,-0.936229
2167.35,0.892162,-0.936478
2168.24,0.892073,-0.936726
2169.13,0.891984,-0.936975
2170.02,0.891895,-0.937223
2170.9,0.891806,-0.937471
2171.79,0.891717,-0.937719
2172.68,0.891629,-0.937967
2173.57,0.89154,-0.938214
2174.45,0.891452,-0.938462
2175.34,0.891364,-0.938709
2176.23,0.891276,-0.938956
2177.12,0.891188,-0.939203
2178.01,0.8911,-0.93945
2178.89,0.891012,-0.939696
2179.78,0.890924,-0.939943
2180.67,0.890837,-0.940189
2181.56,0.890749,-0.940435
2182.45,0.890662,-0.940681
2183.34,0.890574,-0.940927
2184.23,0.890487,-0.941172
2185.12,0.8904,-0.941418
2186.01,0.890313,-0.941663
2186.89,0.890226,-0.941908
2187.78,0.890139,-0.942153
2188.67,0.890053,-0.942398
2189.56,0.889966,-0.942642
2190.45,0.889879,-0.942887
2191.34,0.889793,-0.943131
2192.23,0.889707,-0.943375
2193.12,0.88962,-0.943619
2194.01,0.889534,-0.943863
2194.9,0.889448,-0.944107
2195.79,0.889362,-0.94435
2196.68,0.889276,-0.944593
2197.57,0.889191,-0.944836
2198.46,0.889105,-0.945079
2199.35,0.88902,-0.945322
2200.24,0.888934,-0.945565
2201.14,0.888849,-0.945807
2202.03,0.888764,-0.94605
2202.92,0.888678,-0.946292
2203.81,0.888593,-0.946534
2204.7,0.888508,-0.946775
2205.59,0.888424,-0.947017
2206.48,0.888339,-0.947259
2207.37,0.888254,-0.9475
2208.26,0.88817,-0.947741
2209.16,0.888085,-0.947982
2210.05,0.888001,-0.948223
2210.94,0.887916,-0.948464
2211.83,0.887832,-0.948704
2212.72,0.887748,-0.948945
2213.62,0.887664,-0.949185
2214.51,0.88758,-0.949425
2215.4,0.887497,-0.949665
2216.29,0.887413,-0.949904
2217.18,0.887329,-0.950144
2218.08,0.887246,-0.950383
2218.97,0.887162,-0.950623
2219.86,0.887079,-0.950862
2220.76,0.886996,-0.951101
2221.65,0.886913,-0.951339
2222.54,0.88683,-0.951578
2223.43,0.886747,-0.951817
2224.33,0.886664,-0.952055
2225.22,0.886581,-0.952293
2226.11,0.886498,-0.952531
2227.01,0.886416,-0.952769
2227.9,0.886333,-0.953006
2228.79,0.886251,-0.953244
2229.69,0.886169,-0.953481
2230.58,0.886087,-0.953718
2231.48,0.886005,-0.953955
2232.37,0.885923,-0.954192
2233.26,0.885841,-0.954429
2234.16,0.885759,-0.954665
2235.05,0.885677,-0.954902
2235.95,0.885595,-0.955138
